12 0.5333051980508354 0.21255176412329302 0.20955009821299111 0.25368323653134606
8 0.768022486196987 0.8337109613679003 0.3526376249983523 0.323536200099673
2 0.018260445208166283 0.5592901566485902 0.022938668019063264 0.08141968670281959
14 0.2662439776755704 0.5823690607630977 0.5276878124958808 0.806095211807138
5 0.36165548376135503 0.947291072994274 0.12433752678536125 0.06970751782305294
16 0.5305418514561067 0.9563987279534757 0.09322389448011278 0.07988177491426332
17 0.7325956805976697 0.574584431182743 0.3179001607121673 0.41492409575456474
13 0.9077324537328781 0.4950595158844821 0.18453509253424372 0.3139665779315116
20 0.0335467057614731 0.294561377569983 0.025818206168510206 0.06269392766036515
18 0.653436060467286 0.6752086358395436 0.41306047645775423 0.6427225373354948
11 0.10352796915415372 0.32839701626459233 0.18877394805083533 0.21810900364063268
4 0.9101023873767355 0.7138398170814141 0.179795225246529 0.26596506791343516
9 0.7740956136342667 0.40237005777710416 0.19488758035608367 0.20774081888905727
6 0.47740757426700375 0.4786373423166604 0.36082404626382647 0.47150134868143095
10 0.30934554667086356 0.2340827194938599 0.1288534772718286 0.17598175878059868