7 0.7472651080758433 0.15233717204485323 0.33439904671392995 0.30467434408970645
3 0.808661946159934 0.061044353462124216 0.3826761076801318 0.12208870692424843
14 0.8204238117576248 0.4189949909067782 0.3591523764847505 0.5121919779408864
19 0.2541004105957611 0.8176397124360207 0.38213786473976097 0.3503712076072077
0 0.40217288308216104 0.5049084642980476 0.353570247030499 0.4713472180843848
2 0.11174645988348057 0.46035953405082564 0.2091262620741939 0.28761426523168204
15 0.7173947178010394 0.5385298695936778 0.11266513605166181 0.0860559961393544
4 0.11010505502720021 0.6002339658125825 0.20029683135366608 0.3120320683748351
13 0.4984317691338228 0.5782046459915083 0.10240959765100222 0.11662676647303319
11 0.4084038141984003 0.6828879150838358 0.062392351411925825 0.07045094623617132
18 0.9617799006331383 0.26571295341109485 0.020721676959604095 0.020011426523168178
10 0.998943616851332 0.13496806755528395 0.002112766297335966 0.014971464571231255
8 0.4979831397460786 0.6293433454676496 0.13705738229073816 0.13126148828147186
6 0.1915201910788621 0.6744519591960508 0.20550115690134443 0.2645035329460664
9 0.41960076082055264 0.2639181552273343 0.24005801332783516 0.2749715880878381