9 0.3130317964496869 0.8710075756829021 0.18597648043270842 0.202575361734444
10 0.5536756334556592 0.7971960968261743 0.2797641544446529 0.30499584329283874
11 0.2197896363054508 0.9421780572412968 0.10261716014423614 0.07226408985246877
5 0.3113875224170831 0.2505907200750008 0.19582556553881963 0.3201533686461724
13 0.8265598871584722 0.13915882990845768 0.2937552256830557 0.27831765981691536
4 0.2593717339480901 0.20288488806151248 0.3286393719595836 0.40576977612302495
19 0.854640027832326 0.6622917654403108 0.2694812710859029 0.3412199669497525
7 0.740877613507118 0.08570754150135877 0.3213697729857641 0.17141508300271754
3 0.2222354098598957 0.6767872669177166 0.4444708197197914 0.6464254661645669
8 0.4671848871584722 0.1600285215203708 0.29063022568305574 0.3200570430407416
18 0.5631156362085415 0.11859700923629685 0.27376872758291687 0.2371940184725937
0 0.06762260467340274 0.27635520584345696 0.13524520934680548 0.32645625497975267
2 0.4884013512549302 0.42745542708074197 0.29880770801562523 0.5026518571162956
20 0.6686648538203814 0.7754660618904339 0.1224231267092362 0.22426903839160464
15 0.12410703438493045 0.5976451540054941 0.2482140687698609 0.5130430253223451
17 0.35122408710288144 0.7376487438889516 0.2734063580918752 0.38741783638111044