10 0.17286939620708713 0.6156948230502862 0.34573879241417427 0.4688896461005723
9 0.4662434546603903 0.518710188307209 0.2254167119047624 0.2736956017296617
19 0.6262833814045758 0.7741008858208204 0.6080661304725 0.4517982283583592
12 0.5626420974713915 0.14032009090389833 0.2622158050572171 0.2599850216427392
15 0.6755159299833882 0.3629845703400008 0.6229878284976017 0.6221519264015055
13 0.038645788095237575 0.7022417023804816 0.07729157619047515 0.3294834047609631
4 0.7986902190014763 0.17605586146450056 0.3881169710040611 0.2816441991307755
6 0.225863076808784 0.8009373041101433 0.3590488371354751 0.39126084198823224
11 0.21610705891472853 0.09262742532266391 0.13028588217054296 0.17783644805083534
18 0.3040708150885917 0.9800388793258018 0.01778827729789594 0.012900011904604962
2 0.35392033467146494 0.28458737553777325 0.4057631508305656 0.42148208549431204
16 0.8471639851974887 0.5995309090829205 0.2728295373200453 0.4808183549760725
17 0.08156088062938349 0.027968996752490694 0.08062823874123301 0.053901569263356
7 0.11751936459025454 0.369503114717502 0.23503872918050908 0.37650622943500406
1 0.43539847702104073 0.13527303300462806 0.15107804595791857 0.2532364599554403
3 0.8644156346437782 0.8638396818143872 0.162455636950905 0.27232063637122556
8 0.4859914435585068 0.9460122505394207 0.321232254780362 0.10797549892115844