9 0.9191417599247973 0.47749521923117016 0.16171648015040532 0.29146193697836814
10 0.7535381846557379 0.2108642448226855 0.26284256410140794 0.34637128483938573
6 0.0321084485094767 0.4704181914178436 0.03437930810555186 0.09249695049764621
5 0.39285981968297917 0.7231295054150976 0.21734597353086738 0.2922922208093477
13 0.14239732340703282 0.19469027243101322 0.21839905128112633 0.27785456833423
4 0.3394309127347191 0.8315718567399686 0.40975179735218487 0.3164609663698722
7 0.10541320781510162 0.34758198893616904 0.1949615512811263 0.2756693554609953
3 0.7011603172017798 0.6410868550592916 0.4360660483856421 0.44558383171822463
8 0.21867099482820432 0.6056025451981618 0.4089984342414531 0.5178158954121272
18 0.15460634077542837 0.566638112860121 0.28679810256225263 0.5417237742797579
2 0.4978276478475229 0.49701548362357095 0.37051382299274793 0.4415485690065007
20 0.7060745256405632 0.10372345624887917 0.3651285020669146 0.20744691249775835
15 0.7812181523956369 0.7788858405316073 0.4261773180303493 0.3408344416186954
17 0.7735532398658055 0.44727163838606815 0.24027405128112633 0.2798941003492491