1 0.49310671594030725 0.24656062716562033 0.11148207352223168 0.23418022011124517
8 0.39673370292730203 0.4435713862492655 0.28890839448421435 0.3732736695302755
2 0.8322800058969564 0.9155644278594848 0.20505006299888784 0.16887114428103042
14 0.7310723636200549 0.6814705242717258 0.46102413111827334 0.6370589514565483
5 0.6412194502964661 0.46170017261967367 0.15175846302712265 0.1933781576959163
16 0.5812668685993782 0.2913803090589013 0.17945779977412107 0.3282400512583383
17 0.33550225838661796 0.7151321257338158 0.18097552616718496 0.22034344941903045
0 0.7531642554028462 0.24905998416767208 0.3007713576525113 0.35956379918499276
13 0.16079838999900137 0.7499424182113658 0.21302916297065302 0.27658459068231733
3 0.35572781328123654 0.19830168475688975 0.40729437343752695 0.3732382345834236
18 0.44553595299788923 0.5462419372818142 0.27944238922254244 0.3705352389559041
11 0.7098057664203001 0.9085044150449002 0.12572658404557516 0.18299116991019962
4 0.17205039878340406 0.49292813809682146 0.3441007975668081 0.42851444745857953
9 0.26217960849955746 0.86882518694313 0.15221348933548198 0.20379482436258295
19 0.8931760634224108 0.4343777657140208 0.19471877872743376 0.3209985466600683
6 0.48435001108804104 0.8075616334985515 0.2643480102409951 0.384876733002897
10 0.5959028901401757 0.9546284230354253 0.1197958314853265 0.0907431539291494