20 0.3305259142282987 0.19499130711660226 0.2983699905006946 0.3655023839179218
1 0.5552623022397922 0.8147544172596787 0.09480466014423605 0.06405379519648118
18 0.6849971683123612 0.3305358485078217 0.32929529502159766 0.5270101891435329
13 0.05625326605190987 0.22598906342914643 0.11025174145062519 0.32281146019162615
10 0.04123486341020878 0.7073714479633594 0.04509690729444456 0.16830337450508306
2 0.2444170276385075 0.8894206393947052 0.37107883225631955 0.22115872121058971
5 0.3303285053183336 0.3625784028322751 0.23318009517409735 0.29843367942254856
16 0.5156503691097919 0.5134208034654134 0.30487587005972255 0.4698509070110791
6 0.8925823708674828 0.74264357913125 0.2148352582650343 0.26056996656956716
4 0.400983884593021 0.20605248684729643 0.020639808320624908 0.019538044514793167
11 0.7708106477951392 0.5503850026380761 0.2959710359035418 0.317525098442425
8 0.42710093464861154 0.7975770005276153 0.2244610182361114 0.4048459989447695
19 0.60864318179882 0.9073428914397693 0.21762652393569457 0.18531421712046145
9 0.7759189879352435 0.7535706214469063 0.158542464665139 0.2268345954075272
14 0.39066398043270845 0.1962834645898999 0.5344529608654169 0.3829891573846217
0 0.9797829914506252 0.8190458273056557 0.04043401709874957 0.28950042069139814