14 0.4277404652344357 0.7383428788252239 0.37860793131591736 0.40537480997042885
10 0.6986320049793232 0.3290872824118954 0.23930323663405878 0.3145571728981846
9 0.48868015230613493 0.4088903319347904 0.04409861049510884 0.04801237012586886
19 0.3591823681052679 0.40837257398605636 0.3314445049793232 0.4296476442703572
12 0.33738921004335093 0.6459838179705123 0.07360409997176517 0.04684514910333206
15 0.2949140127306566 0.5718054569759464 0.4436267155873715 0.3269042279533262
13 0.8365499629565356 0.19901758365200647 0.21230112087727812 0.26619799060137345
0 0.8341207258989538 0.5026795725875135 0.22549834186749598 0.35464518396267763
4 0.20280210744074986 0.6187773905889884 0.13308405773721602 0.23330471259050517
6 0.6776006262095372 0.1160212833939717 0.31808068401734035 0.2320425667879434
11 0.5970526363799451 0.5904536027475458 0.12436150512049746 0.21168205145608496
18 0.6413515840455752 0.20678083816630838 0.3139531680911505 0.41356167633261676
2 0.5507020101704079 0.4455208411997552 0.176409852532014 0.15679067939702615
16 0.16791960224966523 0.5208141023465604 0.21895991553090174 0.38302252282825744
17 0.6909923521790781 0.5673610696877284 0.1646070735222315 0.2427120237948524
5 0.7322433526026011 0.008341492935548795 0.1863617052052021 0.01668298587109759
7 0.7337952312312127 0.41551330454088137 0.10224431043863902 0.13270433140014337
3 0.13671583390440092 0.4172478168702556 0.26305706797821105 0.6446710329261555
8 0.49942168927901226 0.24463011064493012 0.3716592522779001 0.48926022128986024
20 0.7073453942724528 0.5824490807522215 0.1400173262236546 0.14274310484536012