8 0.350349654860887 0.4094273956826945 0.447543906068835 0.33172890267596955
14 0.7802769156117326 0.6252728581870097 0.43944616877653464 0.6328505482233804
5 0.6697049169888585 0.6206029616639768 0.16265872303829668 0.29688165314738857
16 0.6146036024352927 0.33659930226115214 0.3213637854658307 0.4276793630609729
17 0.23528199062628014 0.69882076153525 0.3605218803150797 0.45825903699148185
0 0.7569024148628266 0.44066457469216547 0.2966827787978712 0.3798064977126205
13 0.046618361229284325 0.6074592481840395 0.016326372729036052 0.06366544686572505
3 0.4113515724294737 0.17813262375588435 0.5102031448589474 0.3562652475117687
18 0.5481333216805676 0.44441512883484646 0.5096288021357301 0.5591616759473211
4 0.08129663698303953 0.4680363579164425 0.1245846381909875 0.3347606175004484
9 0.11412408093360124 0.8630684465295898 0.10357076546195146 0.27065812806007633
6 0.47879261668929607 0.7620210973240304 0.3492336939505617 0.4261349518421878
15 0.7196103536432406 0.21912993496155572 0.3829707072864812 0.43825986992311144