20 0.6766988430216075 0.5917649732742686 0.2552182680561675 0.16107780999138768
1 0.4031348905666876 0.2628045712563047 0.042261911069925696 0.0659711577211765
18 0.33007681416566703 0.6712698139042685 0.30316967313564336 0.32523264651162903
3 0.24105653121819323 0.16169896360280545 0.4616369375636135 0.3233979272056109
7 0.6278719295046111 0.8786362173618779 0.03977182813030104 0.030420984988310806
13 0.9267757432917602 0.41865443451457784 0.126805580577372 0.258196633763997
10 0.8903099975529294 0.16303121221852948 0.21687007458692226 0.32606242443705896
2 0.590729149004208 0.1545735718715385 0.2435417019915839 0.309147143743077
5 0.6535093688823232 0.49500949003322037 0.145153787293461 0.1849322126245852
15 0.5536309422881189 0.08144265679832581 0.24898811542376223 0.16288531359665162
12 0.6685961332254754 0.9011399732742686 0.09522321996293322 0.06426036397194584
16 0.46760907441728605 0.4797134649440121 0.29105161905195925 0.3387479313153695
6 0.08922121270653896 0.4867813026947209 0.17844242541307792 0.3139373946105581
4 0.5844344427514552 0.7513913993478507 0.12246531015895172 0.33057927616586724
11 0.23499498185901463 0.5515556960748115 0.3035664880191004 0.22133299197736042
8 0.4595957108924404 0.20925248046634617 0.2785367500848181 0.41850496093269235
19 0.2159833813069359 0.21893706816783562 0.4319667626138718 0.43787413633567124
9 0.184362553998866 0.4311616553586803 0.10798116950744618 0.19422806703580697
14 0.6912027979235982 0.7225213201796457 0.45978675008481795 0.4716495743324735