15 0.6861988703495834 0.8991217962224662 0.08189046265733602 0.10029179724375581
11 0.8554393195104577 0.3822332788482806 0.1686352912913563 0.28600026115417804
7 0.664277832783205 0.1298685626184314 0.18774048880184518 0.2597371252368628
16 0.8014640597621954 0.5375735214962444 0.047728950209781476 0.12847115772117637
20 0.4490071076783142 0.09416770100898192 0.33238921535662846 0.18833540201796384
18 0.7590612269789905 0.37162714888642545 0.34304329544054113 0.29053627390180997
0 0.5931150730349427 0.26961976763873313 0.31967941826570223 0.4813491404454298
19 0.5970170485640407 0.8355645434969835 0.3383791062284217 0.26318592843607835
3 0.8409820427412488 0.43717460004921577 0.31803591451750257 0.47023696483327293
2 0.3685224278134719 0.6551635533653244 0.22742014067130062 0.41748929467208146
9 0.4504273137108877 0.9360146319182957 0.04588118506293437 0.04123816985357465
8 0.7852415282191016 0.13322879498584847 0.19614498465266017 0.26645758997169694
12 0.9014361358974158 0.21082714683154613 0.17654103444287905 0.17886848241663647
10 0.8425589659813284 0.26610063644641035 0.2164090178461393 0.22373929467208142
14 0.28522006266198047 0.34479166666666666 0.5704401253239609 0.6895833333333333
13 0.8484807697202392 0.5084348334440725 0.10040366431700995 0.09772720337147807