14 0.8798093546336764 0.5303010868505483 0.11058655128112634 0.2630621875353408
10 0.4659951036002191 0.638323500169636 0.27853603060296195 0.24800269400431738
9 0.5065152497951122 0.5536112053108901 0.017696922249741044 0.015383600967519347
19 0.33406439929977416 0.7964682724717821 0.3254924214211714 0.40706345505643593
12 0.7200362483473701 0.48947433839711074 0.17882282092583335 0.1622420946116333
15 0.5735721631535131 0.6276819849825209 0.20422523531769166 0.21958336865825037
13 0.3552460022763116 0.4933565482063249 0.36825781017246656 0.36033736550858014
0 0.8636107739879332 0.366782564407039 0.2719051567388632 0.6387235898305826
4 0.776633004757511 0.45976535364077137 0.02303939371369381 0.03435185577684265
6 0.18853159512090914 0.6668221266737895 0.3770631902418183 0.242824142761413
11 0.7964040033097689 0.3866072879416239 0.09193925103345749 0.1311574231073706
18 0.14551574545188603 0.807546297277544 0.29103149090377206 0.38490740544491187
2 0.763484495451886 0.34334008600658544 0.06889985731976367 0.09680556733052796
16 0.46644240570991496 0.7823281307805134 0.17697353060296184 0.24327383980231002
5 0.011439325166615746 0.7378042379908277 0.02287865033323149 0.1453505352683718
7 0.6297772754356753 0.4299736604804168 0.32352750702931343 0.3748942356851205
1 0.7336471381321225 0.4358533087537527 0.17297523531769166 0.21812833659609437
3 0.3491628604246447 0.8019081363489816 0.36745728949430206 0.33742069884191345
8 0.2240879317647629 0.8345238221398513 0.23678948635114888 0.33095235572029746