0 0.5006166310781355 0.30231873875448084 0.2689349423422158 0.33515292626775545
4 0.5655153753781523 0.1555293147676317 0.14511539406758586 0.17710903469127157
8 0.46659192029858776 0.04054526230635977 0.12380884059717552 0.06853328357733232
7 0.5002392086858608 0.48861950053042036 0.25010853268728983 0.3036362667090889
9 0.19663324346683758 0.5640522035858169 0.19400064431968725 0.275704471143635
3 0.2637764568442754 0.8024006658179376 0.46352617650277406 0.38396799830254175
19 0.13866828813517149 0.3518666169106657 0.27733657627034297 0.7037332338213313
20 0.5192616323386432 0.7917929840865414 0.21668402749150975 0.3509953724803618
11 0.2134283514929388 0.16984233959260434 0.2768567029858776 0.33735746849139175
13 0.38737821178795395 0.6586036418416941 0.3311942777436112 0.45060896361127006
1 0.5450103953280935 0.672498273870117 0.14948581981405518 0.260442368024605
12 0.3573090274915097 0.3531771325058154 0.18560899011264292 0.2943090204752713
10 0.5006334205506893 0.1389104018671474 0.1935528940675857 0.17786052981114994
18 0.7696547522689139 0.885868058720543 0.26870571337743776 0.2282638825589141