12 0.45567630355743793 0.24287801916218277 0.1903082845319032 0.2245153847396584
8 0.810427846156621 0.8064205952335125 0.3342124499572187 0.3871588095329751
2 0.017433537015357277 0.7655790105448872 0.034867074030714554 0.08162845718618333
14 0.2568235806457431 0.6625 0.5136471612914862 0.675
5 0.42733274814248234 0.9952832786813057 0.12140411910658795 0.009433442637388604
16 0.5944496275881525 0.9626856373882738 0.09397263192686936 0.07462872522345236
17 0.715928791151441 0.5231464282868928 0.30565080231458364 0.4012909710511349
13 0.8900641120772745 0.3781478090722185 0.2036473465663967 0.29385961003747274
3 0.9107852570338224 0.9490236798973503 0.11904540653397504 0.10195264020529939
18 0.6662112733687607 0.6713408504935624 0.36747452191650964 0.6573182990128752
11 0.07906029962849648 0.505710579720922 0.15812059925699296 0.22392115944184413
4 0.9044433275453713 0.5939195930011805 0.16214905128112633 0.26665248750273374
9 0.7238226819696507 0.341981317615152 0.19753858767505647 0.20827316471428764
6 0.4506847808123589 0.5202160204802937 0.33835629445670073 0.4446554242829855
10 0.24318911207727453 0.3430036271729144 0.12947779238978613 0.1796229235991426