14 0.17281676178682429 0.4216898462147411 0.34563352357364857 0.5933796924294822
10 0.6439680922276796 0.7853771043999163 0.28780833085063084 0.379470948813641
9 0.5868106794884513 0.38310857312517765 0.13769270678164425 0.2352050497246147
19 0.7416844241117678 0.2953738119599683 0.3572561517764644 0.5366204312077277
12 0.34618998759400316 0.2821759897070263 0.12174237510244393 0.26982144875709557
15 0.4612349447899323 0.2593618567338962 0.31190511042013547 0.48875005298737567
13 0.724901260962764 0.9347057453037674 0.23841614474715095 0.13058850939246536
0 0.38861700455262316 0.9595039968503297 0.20959763192686953 0.0809920062993406
4 0.29649185628630625 0.04719251372537071 0.09764128742738745 0.07110451445624295
6 0.8086684470662439 0.7523546469246821 0.34904123738460624 0.4800794247952964
11 0.2881568939230907 0.7114253206215615 0.2481207845319034 0.22578708021193564
18 0.8685015194398193 0.6748017471047838 0.23199497849326606 0.38935189110175983
2 0.47212097911694784 0.5749637125107389 0.19641704342324356 0.3086574407698291
17 0.2842249110865985 0.868789738891336 0.21810795285270287 0.2597487148164461
7 0.5074098540145039 0.8416204665326447 0.1880223465663967 0.29162701608762326
1 0.3511064658823814 0.432648875127227 0.102037688998964 0.06298943593223309
8 0.84941984139911 0.3922058424472893 0.2951927994190995 0.5462103670834153
20 0.22846290860539914 0.9114385080438117 0.1705394400324213 0.1771229839123767