10 0.48881827213274265 0.5897492379644265 0.2093776128415279 0.19518359272091199
17 0.7563201223408332 0.23397140956335818 0.3436097553183336 0.37620951536149255
2 0.39517606848552045 0.6659234907129077 0.18761171561506956 0.19973482783637095
13 0.976991072569583 0.589065760153249 0.031689023935694394 0.206350792946791
14 0.7305855852030204 0.7401413733434107 0.4203930737069449 0.5197172533131786
15 0.8831644181249301 0.855066026932855 0.21046864057694456 0.25768359272091224
8 0.5800764389264925 0.7700720400571355 0.2675577080156252 0.459855919885729
0 0.0897885454028472 0.3257877402359563 0.1795770908056944 0.45990881380524595
9 0.15817160343913178 0.3053883997929443 0.21028680262104182 0.24726692605424544
16 0.47607861673815927 0.8265818660454997 0.21806293502986124 0.24579029446539097
4 0.32666115140743013 0.736747522377055 0.205090156344514 0.21773623834089145
3 0.43858514884197897 0.3751463292608547 0.604079702316042 0.7272379922315078
6 0.6591178140202082 0.24519830793181865 0.09647887575930572 0.2529924139181855
11 0.06438131658565938 0.5693053332392171 0.08964568787965285 0.12971172620483132
20 0.1912958408056944 0.46290219975529784 0.3825916816113888 0.5424710661772623
19 0.19450522767982606 0.5543765821975684 0.33314634042444474 0.49190545923699297
7 0.11184538335874998 0.2129031717871642 0.22369076671749996 0.27580634357432837