0 0.5015625 0.32593919850797365 0.253125 0.3490526484681985
4 0.58515625 0.19363045381485813 0.146875 0.1987044174239341
8 0.50234375 0.06869604824604421 0.1234375 0.08266559194848364
7 0.4765625 0.5077200068897153 0.2671875 0.36242594375346876
9 0.1640625 0.5247717783281534 0.2109375 0.3214327626123878
3 0.21875 0.7583333333333333 0.4375 0.48333333333333334
19 0.1453125 0.335065717947793 0.290625 0.670131435895586
20 0.45546875 0.8036359354828043 0.240625 0.3927281290343913
11 0.2328125 0.17279122194503035 0.29375 0.33490883484786826
13 0.34140625 0.6534933355368397 0.3078125 0.46286546346647184
1 0.496875 0.6964814334128835 0.153125 0.27825921532849873
12 0.35234375 0.3479225652031611 0.1953125 0.3267124345176429
10 0.52265625 0.16579080810254573 0.2 0.22283686627939972
18 0.6890625 0.9122090559673351 0.25625 0.17558188806532962