14 0.91796875 0.8551750998408296 0.1640625 0.16597225165965312
10 0.71640625 0.14624333563904068 0.3046875 0.29248667127808137
9 0.4875 0.44917649983036395 0.2171875 0.24552913949865196
19 0.234375 0.2828372595338288 0.46875 0.438492147599009
12 0.61171875 0.8725594140499598 0.2171875 0.20802913949865195
15 0.41796875 0.7013722795019948 0.5234375 0.5827051203744489
13 0.89609375 0.012794237033774185 0.1171875 0.02558847406754837
4 0.47109375 0.9176487249963293 0.0984375 0.12541668432912517
6 0.51171875 0.1232340920797446 0.2453125 0.2464681841594892
11 0.95 0.6474336919771194 0.1 0.33382276926556637
2 0.7421875 0.535234655190458 0.40625 0.5272487501413633
16 0.103125 0.7462400608615513 0.20625 0.5075198782768974
7 0.88046875 0.2340044716487503 0.2328125 0.3004233221963967
1 0.73671875 0.7948642858013353 0.2015625 0.3031349568009072
8 0.2109375 0.06951223236581412 0.353125 0.13902446473162824