0 0.6213939165970392 0.6019797528990029 0.28645837748947967 0.467430737791571
4 0.6940923505324557 0.8050837961279561 0.3798214531727101 0.284394581432872
8 0.8424206568935745 0.5870573290489418 0.3151586862128511 0.5209594177941573
14 0.77578125 0.24290089837000603 0.4484375 0.48580179674001206
7 0.5083532248570746 0.44400732643980306 0.19775299763774717 0.2334175042520639
9 0.4499752073490614 0.06864452847567915 0.16870041469812272 0.1372890569513583
3 0.29226440027015244 0.13376947999612065 0.2741170901960187 0.2675389599922413
17 0.5205357994439966 0.7895005377527776 0.08499504809323426 0.09234656687284044
20 0.33743803493120833 0.34978888503408645 0.14975200725639412 0.2448122796031697
11 0.6289013047166562 0.12200366321990153 0.26717760943331237 0.24400732643980305
13 0.43455608239147037 0.2587816775543625 0.2430506286706061 0.35675915152690707
1 0.4087599634243292 0.380677806242681 0.07218751324684387 0.13873268444789275
16 0.9160838461864685 0.4226444005603315 0.16783230762706297 0.3963002274836034
12 0.5758184886520726 0.2977278838099746 0.14802581614940155 0.23839221859299023
10 0.7522991762156861 0.6044463252156912 0.21212801088459124 0.3658579313233195
2 0.9454960715916971 0.7440518187409741 0.10900785681660566 0.1266150638448887
5 0.5852902694069296 0.8388630668405128 0.17867561542376223 0.21887677212991102
18 0.4228150620578683 0.7677526537172327 0.2673611479078998 0.39264340001293097