10 0.5088070926430894 0.4391629941831988 0.15427581614940156 0.2367563481971531
1 0.20656009028083672 0.6803621232516813 0.1386706635169964 0.29557052542344775
17 0.07414682813030113 0.021700280030990813 0.05109127404661713 0.043400560061981626
12 0.7914336312024948 0.9140330461409998 0.238263891832632 0.051310157115445065
2 0.6460268396478644 0.4754470928517709 0.09793155771188111 0.10888653235115449
14 0.5743477578893663 0.34011754351748485 0.41409230416850207 0.4563356614196369
15 0.7194643396478645 0.4686000925156355 0.06468254809323426 0.08916056766195919
8 0.6132366430985764 0.29994434829965255 0.2083680938242157 0.3976681356600538
0 0.5810715061600857 0.7164505719005828 0.39023814191745 0.49775476768818644
9 0.43295640997361734 0.5631865441897558 0.20020836424263583 0.32416874556052455
16 0.7703745644201211 0.528594478815176 0.1915377139724832 0.17164836965254437
18 0.8750000993513293 0.905197453559796 0.15550595553496294 0.04567240496334909
3 0.27589041052177155 0.33229166666666665 0.5517808210435431 0.6645833333333333
6 0.44218258783376607 0.43702109732403044 0.00830357332097762 0.019478404291078277
20 0.5686458841129017 0.45133545490433763 0.20916670199158388 0.36864714985160274
19 0.7018105920949352 0.6916186387222036 0.48000997004775103 0.5331419099398118
7 0.33107645144342956 0.5904369737362138 0.3405655241314351 0.5055929802252858