10 0.4964510227164068 0.5344311370045954 0.17403857869190792 0.2639415610703878
1 0.28319923408654146 0.8631879295464582 0.14467834269572588 0.27362414090708354
12 0.8938976400381801 0.9114202145539118 0.21220471992363982 0.17715957089217654
2 0.6352589840467706 0.5182300667191213 0.0977840666772721 0.11319887987603679
14 0.5289811647039983 0.41568827545623177 0.40367262937617987 0.45812763303653886
15 0.7021010387094071 0.4849110102890607 0.06796929734245402 0.0958476102366061
8 0.5542897000318167 0.3639253429501233 0.20171014003818008 0.3935014689933871
0 0.6509401700747693 0.7552073627248375 0.39994874005408826 0.489585274550325
9 0.46103223806490606 0.6799659701698612 0.19800333736472592 0.3265434406102893
16 0.7672265993793614 0.5232484325716767 0.1984931386855445 0.20377245480183817
18 0.953145370703362 0.8823239617951131 0.09370925859327599 0.15515690825913472
3 0.2666453440483614 0.4994743841802286 0.5314725547421784 0.790615435027124
6 0.43341522071927036 0.5566560622468617 0.009538632001909164 0.019624085149293792
11 0.9929527580362711 0.8672888236796121 0.014094483927457801 0.12689385115680332
20 0.556470912714816 0.5244148500458977 0.22351241470399827 0.38720766767507275
19 0.7524930320655424 0.7067515312914985 0.4938987347230883 0.586496937417003
7 0.37338733473899666 0.7430684809488064 0.3432987507160886 0.5138630381023873