0 0.5150745942865702 0.5971849434660232 0.4612538313441522 0.3603929684894787
4 0.248281207412515 0.6607560643757797 0.4638005206231644 0.6326545379151073
8 0.6622057414722077 0.8439360334709721 0.39732856826055957 0.2520773526295713
17 0.19353643934959938 0.17226599879398513 0.2901978786991988 0.34453199758797026
11 0.970023344639506 0.33784250037992414 0.05995331072098793 0.2696057455146248
13 0.8932410367611159 0.05147120307831475 0.08921368942018652 0.08100505804284848
16 0.8892911572148708 0.8938932911228129 0.20253273677523326 0.10761622493530468
12 0.8811813815417964 0.26879296698601945 0.23763723691640742 0.46900667872681545
10 0.5414767415427949 0.7531118242138607 0.38878656811938545 0.4487930076876682
5 0.11566061028334731 0.3335827046588413 0.21566831555913663 0.337001257348984
18 0.07570492626600694 0.0683722893110843 0.07015985253201389 0.1367445786221686