8 0.3284655137964224 0.4161809973298869 0.4253114659077428 0.29854663787375557
14 0.7689154155834312 0.6209736078626773 0.4621691688331374 0.6461683137935293
5 0.6393190133893853 0.6221719689553319 0.1411546542193456 0.29091520049218694
16 0.5941626517837136 0.3392515463762746 0.3100603871732169 0.43645034957549017
17 0.20322755478524313 0.7074035811246456 0.35748085795222373 0.48212219822812963
0 0.7323678096565072 0.44111143225052046 0.25891489853730254 0.3446781554571191
13 0.019051377837726143 0.618857124203273 0.0148807061685102 0.06370155459579176
3 0.3960409772718286 0.1682579436569457 0.4764569545436571 0.3365158873138914
18 0.5244053051922802 0.4474094057216667 0.48965815827653536 0.564170041122187
4 0.06335871103647887 0.47846036191706637 0.1184262662320544 0.34307927616586725
9 0.08172647605071728 0.8658672270210407 0.10647964529089182 0.26506140036914017
19 0.9984098210205928 0.7922402282638087 0.003180357958814284 0.09286822126245843
6 0.4448207654179802 0.7608019802633182 0.345916066556366 0.4332709890980695
15 0.7055074805182394 0.21917089451211919 0.3578899610364788 0.43834178902423837