20 0.4092556417873235 0.1605035935414649 0.3221137164253531 0.31700742908789803
1 0.44289854095183967 0.798415689819741 0.10254667984777566 0.08410904397479395
18 0.7059675212173572 0.3982776933294458 0.3763104209877081 0.5569543767844161
13 0.1234428171864748 0.10306509211393204 0.17811436562705038 0.20549991933167724
10 0.009417467871046829 0.4907462047877283 0.018834935742093658 0.16899240957545653
2 0.15623411806132725 0.7846181040832526 0.3124682361226545 0.3400695414998386
5 0.36168562201565996 0.2851642201358259 0.2549262164253531 0.31648624850066664
15 0.10656711011548081 0.8854113009350765 0.08484984387822055 0.06730905204162643
16 0.4934091714076376 0.5008202158405541 0.3414605771094877 0.49003318006352015
6 0.7861100300774247 0.8672952904587526 0.23477554250907656 0.2654094190824947
4 0.47394022429683746 0.16621492674387045 0.02094916996194396 0.020990899557380042
11 0.722832733156905 0.6390905607504246 0.32319605536065765 0.35242409575456485
8 0.3207343808757275 0.7557915053300213 0.25469540615896047 0.46228322039768155
19 0.46484252513450885 0.896240063880019 0.2439303666156336 0.20751987223996196
9 0.668537869507021 0.8303814925751337 0.18088653855474385 0.2450953731437835
14 0.46786663783299076 0.18596417173483223 0.5548917243340185 0.3688012599462759
0 0.8681121051725651 0.9188732883111167 0.12234452669174586 0.16225342337776663