9 0.9179563702330856 0.5187652823098056 0.1640872595338287 0.28178930658898704
10 0.7478001268565075 0.24522501794779886 0.2746280108845912 0.3540551975011411
6 0.027502528940758553 0.4827574546494461 0.03197917549789594 0.08865175736777454
5 0.3894470013507624 0.7460803183783146 0.21657740870767306 0.2831229203832523
13 0.13689734319124355 0.2105330200582597 0.22099209019601868 0.2728881101430764
4 0.33726943165798173 0.8440353100207063 0.41534229092165803 0.30332150910469313
7 0.1017634297590652 0.3620484902790158 0.19119546279135696 0.2675696861086351
3 0.6972396539831676 0.67366112756326 0.45715282340579577 0.4693596938499521
8 0.21497030180624935 0.6235514112785593 0.3982688967267734 0.4858061791144029
18 0.14973468220613592 0.5812451157739325 0.2822272344757214 0.525009768452135
2 0.4938740626060225 0.5230566923557824 0.3619841671451935 0.41155589865347103
20 0.6979141995445131 0.11917971791188438 0.3661408990890262 0.23835943582376876
15 0.7784028631463273 0.8164938298594964 0.42370042794496676 0.32445793648217747
17 0.7688641389222252 0.48214913926391156 0.2363442716843643 0.2630776315647122