15 0.6172540824215755 0.8868609517381087 0.08136616013203693 0.12653632973143586
11 0.7961068545708802 0.3288833098141432 0.13827912441111073 0.25946454721387224
7 0.6093176284636114 0.11650811964102682 0.17347433063166626 0.23301623928205364
16 0.7387742252587971 0.4918985202810171 0.03292866013203692 0.12277477891566614
20 0.3924520486804168 0.09353911243723191 0.3182209026391664 0.18707822487446382
18 0.6993002050892598 0.33536474477901607 0.3188264953818516 0.21544937505024322
0 0.5353736975963893 0.2631135059675435 0.29351201149888817 0.4456278593122858
19 0.5291970078221773 0.8429176954818464 0.3208770109332404 0.24669937505024322
3 0.8160584781335192 0.38018820458070623 0.33288757832259186 0.3823587224147014
2 0.30396114490995474 0.6863007583395598 0.16087587728583283 0.3669279507028302
9 0.3807212601312514 0.9497930005646974 0.0426755155513888 0.03440484907129075
8 0.7304503346841669 0.10534383551074697 0.16097433063166627 0.21068767102149394
12 0.8451580921770374 0.14992947477397733 0.16554567049962934 0.15380070155624653
10 0.7848754115926393 0.21575606066755942 0.1878307736099071 0.1617494664407877
14 0.24244177822805563 0.3736578985566929 0.48488355645611125 0.6485175362199475
13 0.7870551918469453 0.45498564665525776 0.09031193317629622 0.07334038585593561