0 0.5188450910210016 0.6736319666899543 0.3350455438708206 0.4244753181344448
4 0.46523981343138177 0.8286367591180557 0.4106320420617983 0.34272648176388854
8 0.7709265694242755 0.7600608292794447 0.3398835300760107 0.47987834144111047
14 0.8887659288782437 0.39001814399328805 0.22246814224351247 0.5236977342949077
7 0.5145936030067892 0.5257637901448616 0.10721271370395283 0.14690185790231497
9 0.6924718622790433 0.2867909380670841 0.1589323439616777 0.19220354179268534
3 0.5588537788328153 0.18276625797643578 0.3395825576656305 0.34138443540898183
17 0.32076943916655076 0.7163835644618058 0.204238199909143 0.23314459853009264
15 0.43831222749876275 0.07394541058583383 0.23912445499752555 0.12810685156944468
19 0.8278350729307785 0.1923421860401398 0.3443298541384429 0.2940496502012041
11 0.7908861080951718 0.42821776696740826 0.20335737336031984 0.09162340222814838
13 0.5605877764579661 0.3856972974901395 0.1714256999091429 0.23212630597703712
16 0.9041839682265087 0.8173793538484264 0.19163206354698267 0.3652412923031472
12 0.6526767791714996 0.48531198935907477 0.16904432835784533 0.21124448252212982
10 0.6053768125268706 0.8041000281145372 0.23282794662978254 0.39179994377092553
2 0.8444957869734158 0.9663844354089818 0.3110084260531686 0.0672311291820364
5 0.2917137822237173 0.8705008700597225 0.18705069990914291 0.2326112071927781
18 0.1667436804601235 0.6887148658808797 0.2959830438708206 0.42326306509509287