15 0.8187302188666248 0.5584390093359202 0.32854172848527163 0.6270503206215615
11 0.5465129014512788 0.0343022042407458 0.10240080290255768 0.0686044084814916
7 0.09999259863353918 0.38331678282130105 0.18481648801910044 0.2041997676907312
16 0.5729613287632732 0.17270002716801472 0.2763542019915839 0.34540005433602944
18 0.23796382458692208 0.33517522347803946 0.3146577885594054 0.5140410593998068
0 0.1237451010806099 0.6033134727188947 0.2267559952754946 0.4350397212288774
1 0.2342907314804965 0.5533200664300196 0.00485119110699257 0.0064682548093235445
4 0.6994568852940282 0.36479154302945677 0.19404764427970278 0.25873019237293693
19 0.6240154303920373 0.5007571656530677 0.31645839073632376 0.5827910593998068
3 0.4266840402886859 0.11773807126761576 0.31899308057737186 0.23547614253523153
2 0.38689740942546313 0.8549238764758809 0.32546133538669525 0.27109132703399275
9 0.7467113751272271 0.6160250013486537 0.06034227767481433 0.15886905771188112
8 0.1042212524470707 0.21624998233754145 0.20375002649368784 0.27166670199158377
10 0.29488840326537735 0.08952045021883996 0.1190079495445131 0.13455028529664445
14 0.10380465643023828 0.9171230015748352 0.061140885842182205 0.12977514264832213