10 0.21605935602792906 0.6181248541025928 0.36466003154309384 0.43348751316981526
9 0.5194551979346963 0.5225175648409265 0.2124086020792369 0.2519915787732411
19 0.7041467388018452 0.7850097263163428 0.5917065223963096 0.4299805473673144
12 0.5765760006246999 0.141632982647084 0.2562770012493999 0.25543263551064843
15 0.7006099402494155 0.3683561238573156 0.5987801195011689 0.6140656190451858
13 0.09536927034493908 0.7038047326492131 0.12988136722608384 0.3367761319650929
4 0.8099669958508151 0.18231256939888982 0.3800660082983697 0.28455429584444486
6 0.30983543466194907 0.7993228801923149 0.3706965439906485 0.4013542396153703
11 0.22618491431701004 0.09644468553606506 0.14611982863402007 0.18338530724361127
18 0.4059552632959692 0.9817193656267134 0.018016294191141213 0.015116724670648314
2 0.38287539004660065 0.2874368452365745 0.4060187373519527 0.4202134131189819
16 0.891313929463857 0.6075567619011121 0.2173721410722859 0.45945383181259297
17 0.08591418921211931 0.02970179989833343 0.08432837842423861 0.056688152988518606
7 0.14505700394869223 0.3705216313318057 0.2699861489696703 0.3868765959969448
1 0.44761055103961844 0.13659088095055605 0.14209610207923684 0.24980952330240758
3 0.9389370585127956 0.8682036859151857 0.12212588297440874 0.26359262816962853
8 0.5858553282330348 0.9391279028614353 0.3263275468904336 0.12174419427712925