7 0.7614711083592609 0.24333362069088046 0.34797739853730275 0.3335844934129633
3 0.8149528441558014 0.1513292650675472 0.37009431168839735 0.23024215881305596
14 0.8204273226454459 0.5264504903714824 0.35914535470910813 0.5008330415385189
19 0.23000428895693056 0.8060079848657176 0.4080615105500115 0.3879840302685648
0 0.3958536111986347 0.5308240402719449 0.34010244317957133 0.44787688601685216
2 0.1095382357932452 0.4334329264180094 0.21149442775829588 0.2876991861693521
15 0.7078684159871731 0.6227652411318527 0.11841480925276535 0.09738675911805572
4 0.11135192613344283 0.571974593084676 0.21228536038785575 0.34811585283601876
13 0.48763773660402415 0.6221781339899078 0.1046250446422686 0.11778368135722227
11 0.3911542487788887 0.7087308347248615 0.06181025324641087 0.0685577814080555
18 0.967313779624735 0.397578248222964 0.02055796185055314 0.019380371580462945
8 0.48360480153883223 0.6720326636251858 0.14724892126547412 0.1524262479730557
6 0.17575139123040676 0.6593551096750929 0.21286601298564353 0.2731643429575929
9 0.4279143145277711 0.2954567346740282 0.2569432954530476 0.29952206636166695