8 0.33425557216657176 0.4512804354975784 0.45281988836446346 0.3547770898578145
14 0.766907610189843 0.650682133195461 0.46618477962031407 0.6532270756418143
5 0.6570921887822052 0.656788142106975 0.15715987847863175 0.28771963558242303
16 0.5961215607978653 0.3753085750053382 0.3221083992388783 0.4214665387226641
17 0.22591778463759216 0.7426819021854563 0.38001374113993247 0.476505909399512
0 0.7406793271094877 0.47623969409085454 0.2808812213682689 0.3500271609378159
13 0.03561643680503893 0.6539242488860607 0.015972509885831744 0.06271817600254531
3 0.38892453163466156 0.19896972443242478 0.5122240632693231 0.39793944886484955
18 0.5329623276037792 0.48258885057291334 0.5218139219762914 0.5682467609802383
4 0.07669508155811189 0.5146795706556369 0.1322527203796858 0.3414741920220596
9 0.10993464037881077 0.8862151857627886 0.11000103558899425 0.22659995735199914
6 0.47116395904816033 0.7878585181413371 0.36566739825029515 0.41589530850836076
15 0.6978830375661607 0.23354859017612334 0.3770160751323212 0.4670971803522467