10 0.498113917453305 0.5458102774224688 0.15563187056996633 0.24232806896190837
17 0.5263742272254059 0.6962963944210662 0.07005251482874755 0.0968783189336359
2 0.47584628110318894 0.35283408189986154 0.19264639231879616 0.38135585262717236
14 0.30219528650321537 0.8270205164530595 0.3576347223568521 0.3459589670938809
15 0.07676952216875933 0.9184160240748898 0.12040534190105416 0.05969578850286013
8 0.4746207262368228 0.7001455915185083 0.2563905573378241 0.37392200168792583
0 0.6631618917873234 0.18839297699525448 0.08554486364988403 0.19537699842516484
9 0.6331467865403964 0.32573424221064234 0.0616325197716634 0.12769180931498883
16 0.3171331728905124 0.5029597156604092 0.322872403193211 0.45607148408201253
4 0.3939198018634356 0.21758274372893213 0.3309103962731288 0.41275799370065946
3 0.5691121669590133 0.552245475363874 0.17596822828835118 0.39722225165965314
6 0.5217371012554133 0.43842271492953694 0.016452670950527094 0.02781084936441142
11 0.4933215770723066 0.06260921571695449 0.014571835969555025 0.01732143109463693
20 0.6323045281374394 0.3788956180121962 0.0843935405319101 0.25981482855228255
19 0.54632721885963 0.22259269169861004 0.27297056228073996 0.40589951771900384
7 0.6591654584795067 0.29356493452703397 0.007141337946721471 0.029457673079097902