14 0.9089253367639424 0.8826666116415616 0.18214932647211518 0.12308187999340182
10 0.7517480195960413 0.16272506595901245 0.32344482633910127 0.3254501319180249
9 0.5000959060434146 0.4355628358224303 0.22397837226160835 0.25486893562422047
19 0.2562596748480331 0.2426264461782036 0.5071044239901032 0.4852528923564072
12 0.5940411004874889 0.8682086273197548 0.22431334138279588 0.19872811849772679
15 0.4123555283050229 0.6816425501293907 0.5439344857477281 0.6183721769921543
13 0.9393412963182186 0.03650711254471963 0.12093227711788863 0.07301422508943926
4 0.4524900979802065 0.9073109354754981 0.09799488229073816 0.12957682195055326
6 0.5498301669304743 0.12062238730655817 0.2527853338609486 0.24124477461311633
11 0.9452187063536661 0.7001698673329516 0.10956258729266785 0.3395478983864815
2 0.7468692691338228 0.5570719742221086 0.3963942445232167 0.5061348364227316
16 0.10521061803846621 0.6978886514400524 0.191235383082161 0.5417226971198953
7 0.8886737065847752 0.2755387192851544 0.22265258683044956 0.33249818332508535
1 0.7225465337152993 0.8049797821520623 0.2235524749271754 0.3068430860840474
8 0.2520315129321237 0.05483505201277412 0.36343802586424745 0.10967010402554823