10 0.14605055531199562 0.6066614318644343 0.29210111062399124 0.4001916248786255
12 0.7814325003289762 0.8730500552488902 0.22713021857321786 0.1980093477607369
5 0.845373576095116 0.3674285371702978 0.2220492346647614 0.24978958704991902
2 0.29411671471482015 0.26406945192269393 0.32581836289290517 0.4741994301042366
8 0.1087960277820486 0.2831051363598075 0.2175920555640972 0.3606305853783975
0 0.6101091573860121 0.8246007191001288 0.39073353268728983 0.314548514119258
16 0.17746408229930227 0.056321765725382805 0.2669468354013954 0.11264353145076561
18 0.8414187775683842 0.6212314909839829 0.27542487898444856 0.5242217239373417
4 0.4113749065528329 0.1355027106538446 0.3241251868943342 0.2710054213076892
3 0.21820588065080698 0.8938614691655256 0.21357046312533629 0.14758501609892533
6 0.13028113073842046 0.8251578097125607 0.2605622614768409 0.25882805225611016
11 0.6428109408296067 0.23079010029129857 0.3316756069408203 0.22909352247686615
20 0.41280246865009246 0.7958712838926514 0.3586201552154506 0.386070948182829
19 0.4641128684176614 0.4716210034317193 0.4545546401323133 0.7286852219576744