0 0.5978744580244986 0.4118981618378536 0.2940197894943021 0.3383962718482136
4 0.7447665746498872 0.4429427623331917 0.11219190074300708 0.39986306699689206
8 0.7057362696447071 0.148219562168079 0.20415246071058563 0.22055946732711743
14 0.4688206205543299 0.07191520898515076 0.16235875889134022 0.09531401323306327
7 0.4633667173301236 0.5194209222467349 0.17166529238978617 0.18320214447096117
9 0.14978156038186347 0.39659826192341613 0.18642130521006775 0.24856174028009026
3 0.15195414412797847 0.6483419804235889 0.30390828825595695 0.6258506275138445
17 0.6642463589769025 0.7532081356449108 0.07969180810555195 0.0943379409975826
19 0.15019905314315313 0.2551969994476203 0.30039810628630625 0.443727332228574
20 0.30000192245913804 0.735807824370691 0.1781336162111037 0.189840275708859
11 0.34127135525284896 0.18195795037000045 0.13987594499481998 0.2997203898530482
13 0.30150026406313585 0.5584333926089343 0.22715762117350255 0.29890422718361886
1 0.3733345686540311 0.6537159674637093 0.1137757096771285 0.08813932947268768
16 0.6416951943756475 0.07638733443208043 0.13535961124870505 0.08116445547199716
6 0.8889319133584008 0.1261905511385222 0.15963617328319835 0.1512729148046398
12 0.4104129993808274 0.35432385855810866 0.21869014970954978 0.2796690631362466
10 0.6453745043432262 0.2624347143603312 0.2027398180303493 0.31401836889869394
2 0.8189468990903773 0.11244907471217075 0.08398120181924548 0.127865339949865
5 0.7038739392083609 0.7170437728103688 0.07351458271265762 0.09603314309301822
18 0.5497771364794927 0.8698345933264268 0.2944178957806084 0.26033081334714653