14 0.42550129056909125 0.7739876006530169 0.3837170612921568 0.39615480302690786
10 0.6900307282883512 0.3738010454607366 0.24198054745199257 0.30541834307146754
9 0.48116240566466895 0.4464186158051311 0.04684050790866543 0.0510545768394131
19 0.3520333211779886 0.4421270384230019 0.3391685652464894 0.42010022618749476
12 0.3334464417479548 0.678143722946576 0.07471083992388783 0.04337580844088791
15 0.2897163463868595 0.6030657213228213 0.4346482085166878 0.27451090151125707
13 0.8268993755128822 0.24761155412002914 0.20738537155854928 0.24632135064752472
0 0.827569173459166 0.5509365600723316 0.22112421939110263 0.3382425703443945
4 0.19883401980884455 0.6479195730535814 0.14137836958138306 0.23229403246630564
6 0.6660162722431215 0.12948012635514267 0.31108337452429885 0.25896025271028533
11 0.5923611853221642 0.6314639972996006 0.11692219764227278 0.1984152283539655
18 0.6287510355889943 0.2194180156948304 0.29812707117798853 0.4388360313896608
2 0.5441226620904596 0.48560720942041324 0.1829636917107738 0.16247891125378497
16 0.16296550399151374 0.5486832321441909 0.21101439034162972 0.36507135064752466
17 0.6863194323564146 0.6105139318242732 0.163253369581383 0.23280313852671194
5 0.7185245069200822 0.03651342099850979 0.1932990138401644 0.07302684199701957
7 0.7263303256266129 0.4615608706774935 0.1006313527754692 0.12517127921989477
3 0.137094070683697 0.4440021872305642 0.2662934338392894 0.6411622922055382
8 0.4896222099995625 0.26374194291260705 0.3862292490485979 0.5274838858252141
20 0.7024537683259698 0.6268169513049352 0.14827035672980174 0.15126222077790838