0 0.5514534388295578 0.6935817326556964 0.3927282248570745 0.5274023714483458
4 0.5458532579741843 0.8386003927773819 0.41067463828925294 0.3227992144452363
8 0.8188591936388814 0.7139979416980867 0.3335367633316621 0.5720041166038267
14 0.84921875 0.2927891322604084 0.3015625 0.4770999926079727
7 0.5110789207733906 0.551146901123312 0.11659227767481414 0.16498650512049745
9 0.6160937698702659 0.2443190764182573 0.16784724282842375 0.21678606295182976
3 0.4680282921027844 0.21722741344760435 0.3704315842055689 0.3905296205949295
17 0.37927339318339437 0.8174309434049192 0.21597720798203354 0.2683429400853702
15 0.32691965326537736 0.12830312239587824 0.24391866950744615 0.20398174004772388
19 0.7282638984560539 0.15115425872876517 0.36902779691210785 0.21785563462605448
11 0.7410416953681619 0.34134429380657755 0.20817957694917483 0.149228919038683
13 0.5187053930985763 0.3958069537400304 0.1910317716843643 0.26848482783637095
16 0.9217534928284238 0.686791114627386 0.1564930143431525 0.4275667506651838
12 0.628608671954517 0.45424010798828834 0.17442462504240908 0.22977142434741302
10 0.6639286461786192 0.7887660207172806 0.2419444856568477 0.4224679585654388
2 0.8900446797590652 0.8951713749561269 0.21991064048186965 0.20965725008774616
5 0.39030515162091484 0.9229959401794866 0.19677085099579186 0.15400811964102676
18 0.2171007753973795 0.802872045601156 0.36192960344286257 0.39425590879768796