10 0.4891095144379395 0.540365352800792 0.20067268657189175 0.15726961425842254
17 0.837010162371395 0.23286398207091608 0.31597147540671966 0.4423725973901792
2 0.382255526439992 0.5826509145979426 0.17411927693097126 0.15894083736472572
13 0.9750066287029284 0.7026299473796445 0.04307835518980241 0.20482119467430285
14 0.6854219539366974 0.7665017972098844 0.37225783684303815 0.4515786347336939
15 0.8438389628154919 0.9025950442924312 0.2679238190854491 0.17289534404836146
8 0.5369344569617596 0.7573464327923074 0.2159532946885605 0.43665445692763477
0 0.11482154498314807 0.17387348711012124 0.20776808996629614 0.3477469742202425
9 0.2288431383672898 0.16104403373648676 0.19938289734428025 0.219745372480362
16 0.4267963876799188 0.763222144812246 0.21661584913967827 0.230428698705695
4 0.30042426433974356 0.629756941279457 0.2055783551898025 0.20734233959260429
3 0.49196582796424354 0.3055220168682434 0.5276816559284871 0.6110440337364867
6 0.7269857225780493 0.2647813607575212 0.06823289129415606 0.24062572978993882
11 0.08214592125018946 0.3831265484298794 0.08018746974937896 0.11581966401442353
20 0.22015900565734073 0.31952281773818364 0.39914758976990444 0.526990744960724
19 0.21196523145684393 0.41132281418418354 0.32075896935659554 0.4653619893910276
7 0.1738011143631847 0.08305455288563651 0.2757272287263694 0.16610910577127302