10 0.49043892932036587 0.5787817085105932 0.15541408404557516 0.2470656739466823
17 0.5104035478491568 0.7327144123503093 0.07789675782192056 0.11007620081176413
2 0.47780866865584787 0.3827358848731715 0.19579543131591723 0.3883070161706288
14 0.2786614532096507 0.8193768206094698 0.372539941839261 0.36124635878106043
15 0.05464491346476317 0.8981501137418016 0.10928982692952634 0.0690045757634536
8 0.458750042587485 0.7291857323477231 0.3006495312876824 0.4391143761758011
0 0.6738785738045803 0.24289660043820988 0.0912759893354819 0.20276323353950718
9 0.6366222265342382 0.37699538023462226 0.06318181043863902 0.12920892404330384
16 0.3120177977079825 0.5122646618348747 0.3418051523061349 0.49128256809695237
4 0.404082013295354 0.23760444002068976 0.32621097340929206 0.419088746682184
3 0.5603874082736785 0.5947677873019986 0.17786447867096394 0.40501628404847617
6 0.5192989476656302 0.4751676541683736 0.016808068401734034 0.028783943435127194
11 0.5115521500282348 0.0954483751772598 0.014790542093374626 0.018197215758281083
20 0.6327390923616061 0.4299503192244429 0.09400614718563745 0.2652632335395071
19 0.5560617422486666 0.2625187218465127 0.28475151550266686 0.4311637660740074
7 0.6645953080901519 0.34759475074100504 0.010649073663405773 0.030187032727742983