7 0.5151230247600616 0.739582951876463 0.2064523717519414 0.271522455272549
16 0.14607438474088028 0.13344965658914779 0.26722623051823946 0.2642291918543137
20 0.7233798096630977 0.8428894314138085 0.2650909862002823 0.22034568578811456
18 0.4729645726487412 0.5545280289897888 0.3736125982129911 0.2837242710225188
0 0.6882662443212524 0.6573936191583634 0.28599559577735933 0.38653109191583707
1 0.5542924391256768 0.4957785913990422 0.03305796185055314 0.021553627390180925
4 0.26388917613673807 0.09554594488741325 0.07222164772652384 0.15184110631229258
19 0.49526586120192995 0.1653715957179788 0.3469682775961401 0.2752046678971342
3 0.18936646306836905 0.3141376537098567 0.3787329261367381 0.48244197408638007
2 0.7145692402607674 0.26127928438538456 0.1577342280826075 0.3651669278208446
8 0.3982979890462467 0.7995753043373944 0.2087160754848197 0.40084939132521125
12 0.04443797240385988 0.5811552683524057 0.08887594480771976 0.17897720337147807
10 0.12873333157719496 0.5021732747262216 0.2353489391223816 0.21364240386366523
17 0.2016939500860208 0.9629454888950415 0.1398807061685102 0.07410902220991697
6 0.38605845657554727 0.2029679241171417 0.1872580868489054 0.35520354307862745
14 0.8816071412369973 0.7051983713670512 0.22522173701106105 0.3938243553340724