1 0.47846035560009464 0.2611070520216947 0.10739739606689529 0.23238860027970862
8 0.38595450695782385 0.4624309084506091 0.2916126415249674 0.37522740858427084
2 0.8323045089146779 0.9159816534016602 0.20580294515850958 0.16803669319667972
14 0.7263249311943702 0.6933148652928939 0.42892067819874635 0.6133702694142122
5 0.6315061230189001 0.4704702019579601 0.14821384364130097 0.1888921692991282
16 0.5671083963567594 0.3025549211809686 0.18513950091808376 0.3354837493830407
17 0.33064589831361335 0.7366882022252835 0.1692916181871082 0.20344442158195383
0 0.7391586106010645 0.25285880223766866 0.2878818636451802 0.33965287635738683
13 0.15591709422102912 0.7787769233814821 0.19553512485506794 0.25164573831854775
3 0.33909483772224724 0.21348688548868983 0.4124353245555056 0.39571639005434134
18 0.4364011749854525 0.5629057352851009 0.28054759576733285 0.372039016329416
11 0.7113383046723124 0.909635949942458 0.13262053667377885 0.18072810011508408
4 0.16552972749563574 0.5204746710986564 0.3310594549912715 0.4193577621134002
9 0.25975982921811963 0.8930314453768065 0.15573930121764634 0.2103569648733308
19 0.8838975415055706 0.43098749269918785 0.2100119551604494 0.33592626501318523
6 0.48232022649296286 0.8131913897715364 0.27461633122346535 0.37361722045692713
10 0.5978020920949974 0.9593189886681834 0.12429811151914834 0.08136202266363313