14 0.19361363999840916 0.28599706063216984 0.38722727999681833 0.5155058787356602
10 0.2048638399109132 0.873351614886896 0.26780676002545334 0.25206048139138015
9 0.3965888105904126 0.7458312498099448 0.16115677068745365 0.20540295550149448
19 0.5778746259150493 0.8298358806995777 0.41382833203372565 0.33443768591725276
12 0.35146885662000216 0.45557592441251593 0.1704045013526354 0.19089234504079827
15 0.472562059277548 0.5442138604015692 0.3943339920432708 0.42803011969320587
13 0.10951442990136817 0.9678349038526517 0.13023294000636337 0.0635059997381442
4 0.5212279206317743 0.338641912705051 0.2789987986950896 0.2813119914094564
6 0.33176214723904984 0.9234054625335776 0.21222837468172653 0.14955293130099795
11 0.07974094931572809 0.5087447351038131 0.15948189863145618 0.328343863125707
2 0.2457172012651395 0.6678402695842421 0.27923515603118043 0.30839532474278974
16 0.6910757019414573 0.5696003267067071 0.21544537603436212 0.33914838511310397
17 0.022118805975501126 0.5633537992456878 0.04423761195100225 0.16495906817529093
7 0.10383768925050381 0.8126811126737963 0.18032494135899882 0.25346506791343537
1 0.26741148261459335 0.5093493700268621 0.10944882001909004 0.1883363130353248
3 0.8321183252705484 0.6101700900444331 0.30667145472626994 0.5877559190698217
8 0.519907037237459 0.9375699448414523 0.24789315467854484 0.1185817023127728