10 0.4767211795894292 0.45155081353852267 0.263382976038201 0.4172408874218798
2 0.31746277459477124 0.2124186069122119 0.24265381378714893 0.4248372138244238
13 0.2621650839511149 0.9085316697001136 0.1954613221398513 0.14441746390673604
14 0.18624254564616352 0.5683193344335902 0.37248509129232704 0.6633613311328197
15 0.005731611710747077 0.7239104816037323 0.011463223421494154 0.06215318782905778
8 0.25136651552427863 0.48782512087648994 0.34401790634542023 0.5209674987660815
0 0.8710614897483809 0.13700163664029621 0.23551094718226045 0.27400327328059243
9 0.8793575954686783 0.34022496400943514 0.1891964531727101 0.2622202705454318
16 0.09945436297669144 0.18989660414608864 0.19890872595338288 0.3368734583744894
4 0.22738590081830665 0.09969857925097933 0.20652779691210785 0.19939715850195866
3 0.7714185767795387 0.6534533598633465 0.4319544159640671 0.5464746368049205
6 0.6046328700634496 0.5955028403668219 0.20168158420556886 0.38191746390673603
20 0.7618427132546931 0.36456488102573753 0.46245539309857636 0.40203101246303596
19 0.562294124957591 0.19803853056101758 0.40978675008481796 0.39607706112203517
7 0.9232787210592415 0.3887718627631315 0.13620042794496676 0.3212783092711573