0 0.41383974620697817 0.16994235554325038 0.2941955075860436 0.33988471108650076
8 0.16701215681774098 0.18877309788359728 0.33402431363548196 0.37245380423280544
14 0.2518978556000947 0.6888290551125867 0.5037957112001894 0.6223418897748265
7 0.5523445236277233 0.25745353280423083 0.26843049091614424 0.2716279827242534
9 0.6029198978545715 0.8023275385628129 0.21294576546195146 0.279321764341086
3 0.789080409523501 0.7066325015503847 0.349393190616582 0.40081943450227747
17 0.5220664475744057 0.026021671810015114 0.030867104851188643 0.05204334362003023
20 0.7441656196849202 0.3612648426971796 0.20666381455356592 0.30365423401009045
11 0.44907690498157316 0.6113376012796833 0.11055460485118865 0.10477823976867266
13 0.626021784378569 0.4884521067306487 0.29805383122346535 0.42544689491817494
1 0.6625488289282556 0.33611575057216453 0.08823306576151388 0.14639214270948717
16 0.06726737727096394 0.34705047398794114 0.13453475454192787 0.46839905202411763
12 0.46613647241007705 0.4596284042820212 0.16817539940087514 0.2589169278208446
10 0.2825418198443998 0.11989278532053547 0.10947007909743345 0.23939387003814477