1 0.7494408748093753 0.35066692893975565 0.059811411094166544 0.0305358726121946
8 0.5939156137914584 0.19889020483462228 0.21908122758291687 0.3074582775755436
2 0.11756293369868107 0.836698269975566 0.21155966831236128 0.32339653995113193
14 0.4902516320275698 0.5982841953859 0.6678889355985422 0.8034316092282
5 0.6462996506449308 0.47416680434353287 0.11606271751493047 0.12521803598307552
16 0.7837808136389587 0.4412262269622842 0.3113037887533334 0.22869912906848242
17 0.33581086664125004 0.06874854408725621 0.20287173328250008 0.09379283070981842
0 0.8324768060395143 0.7286386243256557 0.26381445896555594 0.45722499408069933
3 0.8649736494106598 0.2668013266392625 0.2011676821800698 0.3536267739436225
18 0.606579267951771 0.20943065170034741 0.36628353590354196 0.3399022782478144
11 0.13821700655260455 0.590070830373683 0.25999586189159735 0.23847499408069936
19 0.7087879989531602 0.886733962233748 0.3079618896270141 0.226532075532504
6 0.27227700313413206 0.18242161470886573 0.41530161094166684 0.2883140657107151
10 0.11134211597565993 0.3462917912628895 0.21697452013597243 0.3655002491924456
15 0.9749844290459375 0.6801968271434655 0.050031141908124965 0.47191117756242995