1 0.4754232846433716 0.24656505653397678 0.10005031203728051 0.22694757424968817
8 0.3869024684569061 0.45163176239883296 0.2630723755244535 0.3296417111404947
2 0.8432410985315298 0.903005407054375 0.19702040041956295 0.19398918589124983
14 0.7310048981212558 0.6764708661215244 0.43973365436825523 0.6449450309048077
5 0.6318956597436178 0.44678929066582135 0.15080732863402008 0.18899312528223683
16 0.5651719462610891 0.2821189213007641 0.19190777054543168 0.33711929895920323
17 0.3358807296550609 0.7283418144116072 0.17026772365499818 0.20280331976431304
0 0.736385018046632 0.2229681554326087 0.2814671780139644 0.32470190562257073
13 0.1620162545501702 0.7789408811994165 0.20471450124939983 0.2612369772344396
3 0.33602982053614294 0.2012673398149867 0.4060653589277141 0.3811348364227316
18 0.43860575579957006 0.5493669372818142 0.2941573547785293 0.38369033619694215
11 0.7208216468718559 0.8956724370560247 0.13343149710021507 0.20865512588795052
4 0.16036114200933582 0.5231364714301547 0.32072228401867164 0.3699716071149465
9 0.26877389479726355 0.8878437147585393 0.15319862282516122 0.2036856414890766
19 0.8850807819440792 0.3944122923234153 0.21018417386477956 0.33009616010794596
6 0.48895726284854 0.8092311016878796 0.26288404399064846 0.38153779662424087
10 0.6081906696923728 0.9493064774602291 0.11754454274124874 0.10138704507954183