14 0.9357021753501129 0.9318799712070889 0.1285956492997741 0.1362400575858222
10 0.7133433701400451 0.2188115813215233 0.3235617402800903 0.3433678799064856
9 0.5032021985094767 0.513462139621018 0.22214048138875012 0.24954033106927595
19 0.244291617244561 0.32620915689676466 0.48261571670644177 0.48158498046019604
12 0.6540221056626245 0.9203658713732014 0.2258091368892682 0.1592682572535973
15 0.44947153866573253 0.7299257351421192 0.539670545490158 0.5401485297157615
13 0.8836494079817173 0.09938926073582192 0.12042381596343468 0.05806312769779787
4 0.5163787105011888 0.9569655038021417 0.10898120181924557 0.08606899239571651
6 0.5071104867654336 0.17938053361634232 0.26422097353086726 0.2946781554571191
11 0.95166531554915 0.751404244284487 0.09666936890169993 0.35557927616586726
2 0.7632535947043697 0.6218822208441025 0.41739313109830006 0.532094219613635
16 0.1297605062007438 0.7625 0.22284261042013548 0.475
7 0.8759653405705405 0.3338713849390949 0.24806931885891892 0.339843958459457
1 0.7738765332890492 0.8573768178048492 0.22973896567298446 0.2852463643903017
8 0.20305653349844605 0.10458877647348414 0.36141699710451586 0.1783560497600603