0 0.45052337969189793 0.2637562199780171 0.27116010628614956 0.3676434000129311
4 0.4789648829712583 0.09594052403037263 0.15432673111680728 0.19188104806074527
8 0.35940597749876274 0.037532552618837034 0.12555992198083885 0.07506510523767407
14 0.09097688206674709 0.09889494726837772 0.17326043758467108 0.09353665010955246
7 0.49124131218818634 0.4413499082591604 0.27576571913101977 0.3660702497101359
9 0.22500655981333714 0.6743206155456417 0.2001991530976463 0.3039107155650384
3 0.31580970149102267 0.8286789876626218 0.5032422659425165 0.33481921820650484
19 0.12808621494714828 0.4641373959541101 0.24978523179417594 0.8133918747584465
20 0.5751570460185272 0.7199004046191526 0.21531954206179832 0.37193787031314024
11 0.15303422602842476 0.2804428119120994 0.29787973654387434 0.41411437617580116
13 0.4230722455889858 0.6632245644246167 0.3204031897323777 0.47257516930813304
1 0.5733278731331772 0.5935186159321272 0.14765400723608924 0.27329870222911884
12 0.3283008989137748 0.3879478284692136 0.20282618611433306 0.33116410990855105
10 0.41457151232447187 0.10761237917142535 0.20136550542706697 0.21483756526224315
18 0.8418875226127789 0.7191150328886579 0.2601473631835546 0.32495636728518823