14 0.8747212025111348 0.48810168376638774 0.09263895861557003 0.25514273890214717
10 0.4548314263918529 0.5827594438960729 0.2621392311168075 0.2053996812776731
9 0.5016931382867835 0.500875858564121 0.01628009724103805 0.017636994761411392
19 0.30712318747312944 0.7717007300821093 0.2834830438708206 0.43117594375346896
12 0.7190787121220732 0.44269366418997647 0.16930327792830405 0.14352177832815335
15 0.5618626763918529 0.5761126964470713 0.1867297953411587 0.19032543975623142
13 0.35620357587145457 0.4350939754641962 0.3477292503386843 0.32086205403701246
0 0.8740771506112555 0.32603833140902283 0.24578604929788747 0.6221119922787091
4 0.7770926079836302 0.4141519666441581 0.018333920171816585 0.030234027570885877
6 0.17997800881999856 0.6035929316251649 0.35995601763999713 0.21069084146439987
11 0.8033142712580418 0.3418631411687077 0.09076884215265543 0.12825347118776284
18 0.1261176854369645 0.7810444460995795 0.252235370873929 0.43791110780084114
2 0.7738657886708964 0.2979704640248638 0.06445864767057934 0.09336761290283796
16 0.44289026911033513 0.7279392418006375 0.15835248982323474 0.2218151497095498
7 0.6342400446637901 0.3804191681872139 0.2868736374938141 0.3191611078008413
1 0.7367918345778819 0.38859833609523176 0.16394739258219673 0.20553661428078104
3 0.3245939704898162 0.7435985522492938 0.3482272173219975 0.29387575351315365
8 0.19351771087887776 0.8068120923642714 0.2000220906823173 0.36988023766079625