1 0.9827243300445435 0.7979722265238206 0.03455133991091301 0.04801237012586886
10 0.24013519867918123 0.11071562710800788 0.3268544960216354 0.22143125421601575
5 0.765202117401315 0.5909856710676938 0.21539083203372583 0.35271971618956166
4 0.8581681306890445 0.6103646730008838 0.2836637386219111 0.5436305964133284
3 0.768469831357408 0.20922652419583782 0.4588146627148159 0.41845304839167563
8 0.6409753714194506 0.7818188486651917 0.30112833736472594 0.3384856553348501
18 0.6136776220957684 0.8794520954157709 0.176018154678545 0.1343476094110116
0 0.9248283720162267 0.4119097872448705 0.1503432559675467 0.3883874915679685
2 0.5443254487189522 0.4589991156115669 0.3017475973901792 0.5883277897746327
20 0.18691074868713542 0.18233459778090885 0.1339408373647258 0.32159404039159206
17 0.5386726960136812 0.11479967053304671 0.3023453920273624 0.22959934106609342