15 0.15859375 0.6139400210287291 0.2265625 0.41039050623151785
7 0.63203125 0.4513566191079243 0.1890625 0.30868506611963453
16 0.33203125 0.82729643154619 0.0921875 0.1718140680528246
20 0.6875 0.22571084649564072 0.1546875 0.26146202379485245
18 0.48125 0.5298725925469485 0.2796875 0.4324246019455751
0 0.5453125 0.24467841384919384 0.303125 0.40979258534883556
1 0.4890625 0.394203587014702 0.0484375 0.07989383236673836
4 0.28046875 0.7564618680590169 0.1859375 0.2687860016658666
19 0.22265625 0.5016625089976412 0.3875 0.5391506589339065
3 0.4296875 0.8268813065050341 0.33125 0.3462373869899319
2 0.375 0.14726273445216767 0.1453125 0.18343149710021495
9 0.21015625 0.6139412511825689 0.05625 0.07859982683449189
8 0.72421875 0.6210873538274154 0.325 0.35366936985854525
12 0.628125 0.9737910780170609 0.190625 0.05241784396587832
10 0.55078125 0.9049298340326047 0.1640625 0.1901403319347904
17 0.85546875 0.8870511699983995 0.2234375 0.2258976600032009
6 0.41328125 0.6115471073441597 0.1546875 0.21146202379485246