10 0.28444359905006034 0.1140582488222215 0.3220121981001206 0.19931814590049302
5 0.7671497942095049 0.8007961205161709 0.2027442989592032 0.3305700353128392
4 0.8627024751239137 0.8046431117189496 0.27459504975217264 0.39071377656210066
19 0.014755218792335534 0.0390492784166049 0.02951043758467107 0.0780985568332098
3 0.79765625 0.33575617235413374 0.4046875 0.5326240913608632
8 0.6302816372666714 0.8966762038959871 0.280548394391219 0.2066475922080258
18 0.5960571234718615 0.9807386094253697 0.17399742198083884 0.03852278114926051
0 0.9393158847802805 0.6930067572113556 0.12136823043943892 0.3639562549797527
2 0.558753038782438 0.583624676218085 0.29785316033373554 0.5739281113418512
20 0.22604460085908262 0.1715331282440735 0.09896420171816525 0.3018736774113578
17 0.5821341485750905 0.18922304411006025 0.27364329715018093 0.2745533002830858