12 0.5040633436138802 0.195427789742977 0.19302571406423077 0.21959240063313826
8 0.8362633767718721 0.7844366228568407 0.32747324645625575 0.3812980934278599
2 0.049579409311555384 0.6732915264362006 0.03807979333702488 0.07841694712759875
14 0.26475382633813344 0.6555511308176274 0.4976664558877827 0.6847310716980786
5 0.45721713833518096 0.9632542293487283 0.12377746144333704 0.0443116004220921
16 0.6273095928386877 0.9357831364484835 0.08838018198597286 0.08660674901016657
17 0.7573139612864536 0.49764175472969857 0.27070822794389143 0.34321419917266277
13 0.9173958559523812 0.36986756778530255 0.16520828809523777 0.2798272108733142
20 0.02968151218161762 0.40585597774260346 0.020191386489479636 0.06316680689713271
3 0.9429417782207465 0.9353713301676421 0.11411644355850684 0.06403150136337601
18 0.7033354649870814 0.6447975549407445 0.3925784376891855 0.6723362781731193
11 0.10470129857881219 0.4196432509898337 0.17836243676633484 0.206546831353666
4 0.9347218607327431 0.587121260052409 0.13055627853451385 0.24766792874086055
9 0.7690153200166119 0.31768704354823873 0.18134773442229637 0.1713120211134901
6 0.4922804441675905 0.47139769068426085 0.33222552128091626 0.4225404284327149
10 0.288717748301957 0.2747477563125441 0.12509773442229638 0.16912974399560146