14 0.39339173581579756 0.7994103999630845 0.43603283929494346 0.3629964651408898
10 0.6455769085455882 0.21965135667527905 0.33126379857881216 0.4393027133505581
9 0.3517174845791799 0.29050107444321266 0.19382675046142522 0.24478687641196073
19 0.2296875 0.17244939543496984 0.459375 0.3448987908699397
12 0.2798472748338858 0.6203072928263801 0.2069485117201923 0.19403860374061843
15 0.21609776449796944 0.471600385566629 0.4321955289959389 0.4734658955334087
13 0.8570441371077884 0.14994282747631224 0.2833083574935407 0.2998856549526245
0 0.8652247678940554 0.6304589255690876 0.2222893167774096 0.4484722825396832
4 0.08223510179032807 0.6242813026947209 0.16447020358065614 0.32227072794389144
6 0.5607291440476188 0.11621817499692311 0.2972917119047624 0.23243634999384621
11 0.613633187080102 0.7173113900947438 0.23148504163898204 0.380790331069276
18 0.5100468260335915 0.03275133559739067 0.17365634793281687 0.06550267119478134
2 0.4920247046603903 0.4631679117878658 0.2610538232558145 0.2837274645256561
16 0.019828787786083154 0.3360718044419834 0.03965757557216631 0.1208053547188386
17 0.7377820859080826 0.7243392381321494 0.22459469154669698 0.3345564795373453
7 0.7176149899778508 0.3992848776547286 0.24390589605020363 0.31545872506460026
1 0.3966039782576584 0.6030694242278809 0.08966088217054295 0.18194231544235298
8 0.31308218846437785 0.07867461032361238 0.32696062307124435 0.15734922064722476
20 0.786211489055 0.8498748591485143 0.12752182757475125 0.16027996709733022