10 0.4657625933093382 0.45155081353852267 0.27194935533407244 0.4172408874218798
2 0.3130543052141007 0.21817946970630597 0.276215353174604 0.43635893941261195
13 0.23946689698227946 0.9056434680404396 0.20318316162790725 0.15114106058738816
14 0.1766347462993722 0.5689507966744596 0.3532694925987444 0.6329317399844141
8 0.24011175123661768 0.48782512087648994 0.34646729641934393 0.5118448376316613
0 0.8670699791805092 0.13700163664029621 0.2428836165928394 0.27400327328059243
9 0.8699482479974152 0.3402249640094351 0.20450343460686646 0.2756674639067359
16 0.10056120450350678 0.19182207191920458 0.20112240900701356 0.3413558561615908
4 0.224230439544112 0.09537404702409531 0.20246127081949092 0.19074809404819063
3 0.7488487962716855 0.643747088217658 0.4582454056109276 0.5728954268468769
6 0.5902340623108145 0.595502840366822 0.21449780073828056 0.3865577272540548
20 0.7545037206995193 0.3643280826854115 0.46415783929494336 0.3723907491157172
19 0.557355017737172 0.20244199556801026 0.429039964525656 0.4048839911360205
7 0.9103636944813575 0.3890086611034576 0.14783193244739828 0.32591857261847607