20 0.7265164403481947 0.5736094271493271 0.2557070989738195 0.14988018422786406
1 0.38007393218006963 0.33251381200057545 0.041716027735416716 0.06281513244809342
18 0.40598834764263936 0.7427850329219683 0.297278962765278 0.29393319619718455
3 0.2045816632783682 0.2161508518110255 0.4085087099154864 0.4010316297112823
7 0.7463789179311118 0.8609942826009852 0.03957164627652787 0.029469678635987387
13 0.9339496404347744 0.33756180107867734 0.13210071913045135 0.2510544816532357
10 0.8491843420399654 0.12950395654891722 0.2608686840799308 0.25900791309783444
2 0.5309434883164931 0.1598523698959342 0.2337619766329862 0.3197047397918684
5 0.6804577515186114 0.48645486079435246 0.151637848023889 0.18448477881675154
15 0.4774359753987153 0.09341599232595119 0.24549695079743064 0.18683198465190237
12 0.7918732558870144 0.87105945538324 0.09476829255305556 0.059060562059702684
16 0.4951385005686809 0.5233138644349852 0.2754403303564585 0.29584684282769846
6 0.10956598290125041 0.6367364098373121 0.20196646276527797 0.2931938469920425
4 0.6733576855985421 0.7511290977184821 0.1401574469977085 0.33229236117446276
11 0.2841120412218754 0.6541349764541422 0.30857883225631955 0.2252801600273673
8 0.4192260447372571 0.247823679552482 0.2684292237831947 0.4311907866217282
19 0.20047735115802104 0.33911600039278345 0.3959359747331252 0.3967679992144331
9 0.20656696304961839 0.5536811530079576 0.11115831838861127 0.19250297970199146
14 0.7717058465989932 0.713864752546756 0.45658830680201345 0.49730130028043734
0 0.033095708299965734 0.73213410044262 0.003306837955902786 0.010440907624212296