14 0.1972016089337732 0.3856385173741855 0.3944032178675464 0.6879437014150376
10 0.6322833702830513 0.799926859960626 0.33606449828414037 0.40014628007874814
9 0.6020863710744742 0.4219257855174133 0.16184208511458992 0.2696006066199094
19 0.7622713648062679 0.36255998456995464 0.3920082728947465 0.5970253074197133
12 0.36961250336521234 0.27891645588778274 0.13890469028743926 0.29051468229358973
15 0.4846835738983257 0.2783124850867496 0.30563285220334857 0.4981493131782956
13 0.7024929187128409 0.9494579919773604 0.2548813797834558 0.10108401604527918
0 0.3655923122863502 0.9441069535252865 0.2217051669304743 0.11178609294942703
4 0.3362641089337732 0.04960389059923827 0.09622178213245362 0.049810536704811455
6 0.803763565189344 0.7878855397871304 0.3650533163099713 0.4242289204257392
11 0.28382078972080804 0.6952913253106937 0.2698364415410805 0.28714585852098035
18 0.8623405948145152 0.7624636561707917 0.2542234648980455 0.42929378572659116
2 0.4754747437983008 0.5926955593207842 0.2020866518867795 0.3271049249415536
17 0.26947348172410696 0.8489427472745172 0.24060358260730733 0.30211450545096546
7 0.493047374043975 0.8553898128706786 0.19069451082055267 0.2892203742586427
1 0.3639953376883793 0.4287161967884841 0.10646060015828454 0.09019490643533933
8 0.8466941774218226 0.4751779045773378 0.3015196652146145 0.5955319555801658
20 0.2098567893250966 0.8914244396456259 0.1810179824490227 0.21715112070874815