14 0.18273690414461313 0.47683098403351365 0.36547380828922627 0.6369953014003606
10 0.6733155528148377 0.7305792579036304 0.35613057216657185 0.4615589493952698
9 0.5724666131184113 0.34758384988326785 0.15757637254713258 0.25024387736048365
19 0.7160521284414505 0.25289060990872125 0.36789574311709894 0.48881197517502734
12 0.32302237003849366 0.2999430445045427 0.13490287650146532 0.2748802506895747
15 0.43317596144525616 0.25058618141308725 0.3180230771094877 0.492202904943755
13 0.7705486970736191 0.8738216401442358 0.26287136760421675 0.22064231826860378
0 0.43922310121823227 0.9434006835879379 0.22394151878308027 0.11319863282412422
4 0.24930232163509908 0.0778612596010888 0.10248301285158128 0.08280147379587796
6 0.8153876476816414 0.659832230373387 0.3450312460828485 0.5071983485041185
11 0.3128409678338658 0.7354081947273305 0.27383804250907656 0.27287110227030076
18 0.8688747450199031 0.5720784214936896 0.2408583992388781 0.42020596626351314
2 0.47997141251038905 0.5608338854232685 0.20154654844057554 0.309231738701453
17 0.32589011308123034 0.8673946497984233 0.2566505425090765 0.26521070040315353
7 0.5440790389746732 0.8161156738807226 0.21417388243296429 0.31359233959260424
1 0.344315096806789 0.44721803384254244 0.10366351087441492 0.07032571557393866
8 0.8302764545251741 0.3005178348185385 0.339447090949652 0.5799938062804821
20 0.27576543768207895 0.9224938951304841 0.18452619171077372 0.15501220973903193