14 0.907019170580812 0.6342068850087027 0.1433536998023559 0.28115650354555577
10 0.4865477758848362 0.5898863258631013 0.2808691103539346 0.2500554576989818
9 0.539931110142173 0.5225156814864346 0.017915542093374804 0.01720005800398153
19 0.32467637841685015 0.7346823472656479 0.32516368387616607 0.4782055737069449
12 0.7588554153897273 0.5376263095268511 0.19752598933548207 0.19961730471046313
15 0.5926003548099139 0.6178874877176382 0.20781104195220051 0.22074157877324108
13 0.40280356548854945 0.4099464300927773 0.3800794260542455 0.3779648649934264
0 0.8877344894060691 0.4767455029165268 0.22453102118786178 0.6363916947812039
4 0.818693146973876 0.5284677731795824 0.023331084186749607 0.03401219503537049
6 0.2118138154179623 0.5149660286228702 0.39050171558737146 0.2950679427542596
11 0.8503379891237204 0.4649009905049528 0.09966534200867017 0.13832607396111124
18 0.16096321793585872 0.676135163121111 0.2838862364928846 0.4977296737577781
2 0.8253156023202524 0.4114374306011102 0.07468075256024882 0.10218205547083344
16 0.46291212578601415 0.7293493048396755 0.17572658404557534 0.236389952886852
5 0.03203531015629042 0.5184590592705555 0.02512036831702944 0.1464152147922223
7 0.6805869312453301 0.44722125696828635 0.34348947867096397 0.3976344354089818
1 0.7810265470021107 0.4899997126424528 0.1815215577372161 0.22616724670648172
3 0.3453228073842801 0.7058784855636108 0.39964847340929205 0.39729674645231533
8 0.21084909684681902 0.7256978810797683 0.24036447867096394 0.39443408738509284