0 0.6423780093321956 0.4619379449330983 0.29983990746575645 0.3595833863207091
4 0.7771172479681099 0.5556582069988159 0.13643197240056465 0.40194446799438927
8 0.8065790568171334 0.24159736646563376 0.2097137394466933 0.274186544943564
14 0.5897443384737585 0.07951068770497687 0.16073867694751698 0.11158733018366306
7 0.4906751874975285 0.5038029969634203 0.18071598620028234 0.20621034942095673
9 0.2164177069792891 0.2495139271575491 0.20187396590774281 0.2717394535946916
3 0.1561365462638265 0.47573415389834955 0.30785477921769794 0.6139683077966992
17 0.6344872374148031 0.8134392654415692 0.07773526217486477 0.09314816188561584
19 0.21931483603812651 0.17261247283198528 0.37300467207625304 0.34216937833344263
20 0.28784228814615165 0.6359392036229643 0.17422052434972918 0.1871693430085254
11 0.443960280031772 0.1560053703461763 0.17542056006354412 0.2788360096751922
13 0.3270393814911741 0.46911712110532117 0.24159103084255093 0.32355824367238667
1 0.3762638599808187 0.5911277116667759 0.11367276217486459 0.09482144875709556
16 0.760107431411744 0.15094590330884067 0.14390573295387146 0.13787039588281053
6 0.954710819399035 0.28295652036398333 0.09057836120192989 0.23554234458336062
12 0.47506204991727446 0.32505960833700404 0.2192523806803953 0.2871230545622108
10 0.7188802337646504 0.34161719175515537 0.23098081330995512 0.34804898245063215
2 0.9253563303560837 0.24920982163516048 0.0930796185055307 0.1917195929802529
5 0.6795406387947749 0.795757395265029 0.08264095048646744 0.11003308336160605
18 0.4939673774306891 0.859758627461207 0.31012284253094824 0.2804827450775861