9 0.3446884257828502 0.8733246986131626 0.18931707576345352 0.22204479275855865
10 0.5878166724488703 0.8314182673443036 0.2843105824314133 0.27503720667674403
11 0.24787706972371354 0.9331738142758271 0.09856478788172678 0.1113257472515187
5 0.35337944682549965 0.2331654846385075 0.19078372303829677 0.296802112060767
13 0.86796875 0.16934101450170608 0.2640625 0.33868202900341215
4 0.3024229825811945 0.1823127000847046 0.3363830075860436 0.3646254001694092
19 0.8765138000096983 0.7575244923128835 0.24697239998060344 0.2953646312123894
7 0.7892216098521585 0.10557624250748618 0.309693219704317 0.21115248501497236
3 0.24449762289821392 0.6728280914846607 0.44103804092584253 0.6251771503640119
8 0.5120212521260319 0.15651517216362906 0.2865425042520638 0.3130303443272581
18 0.6096456801556002 0.12634793363450525 0.2692913603112004 0.2526958672690105
0 0.09107089439990533 0.2053913158885434 0.17423395182646947 0.3058840348895799
2 0.5280918886500295 0.4456674287022402 0.28835983789142505 0.46818050493226504
20 0.7040156283582257 0.8318140815260143 0.1233094384905499 0.21069849810493507
15 0.14311085289433462 0.5425478422439608 0.24591724637615603 0.4607376488454118
17 0.38614286002133635 0.7298584741151638 0.2535068636451802 0.3307010523343697