10 0.4947569463344491 0.46613988545864987 0.15882152985783762 0.23737249969185445
1 0.17367631099222136 0.6546084079355161 0.15284424063022609 0.29963002445653336
2 0.6265109403825206 0.5245592627791612 0.09417724687674216 0.10155379519648117
14 0.5693484010567134 0.37784382537254674 0.3986839814568439 0.4299805107762147
15 0.6999120789462022 0.5300435120974731 0.07229315651766247 0.09862179853952438
8 0.6116722564429077 0.34495711753413016 0.21575330678880889 0.3958047768097431
0 0.5380519074996211 0.7477455827403214 0.3879555597156751 0.47747284578106963
9 0.40835583802138853 0.5757239199443132 0.21078400565734082 0.33103958704991904
16 0.7449155067374953 0.5991188999747294 0.199246541958086 0.19311525538810728
3 0.27265625 0.31979166666666664 0.5453125 0.6395833333333333
6 0.429985919207086 0.4519888993584382 0.009456813231716588 0.0191137128529815
20 0.5532461572050335 0.48782501346084917 0.24231580678880887 0.39683529655985716
19 0.660049627347196 0.7148923156515625 0.5225759994108248 0.5389360633404704
7 0.3052035669441497 0.585974761327109 0.3506100958200287 0.5114346610358105