7 0.6633134480824052 0.8297408510611118 0.18559424403245295 0.32442334422416697
3 0.7974311727004985 0.84143205458338 0.40513765459900314 0.3171358908332401
14 0.3351419000636334 0.63523141565213 0.3788908053787251 0.45747096251111163
19 0.5424431333545445 0.22511091539796357 0.3645192227084527 0.42161788475027817
0 0.6819430800445434 0.45854471276314895 0.28599423337045293 0.373360045338241
2 0.939953385343727 0.3468508963993529 0.12009322931254615 0.23086556281611123
15 0.1193805400620426 0.6129147788749075 0.23010676535645347 0.2341628910831484
4 0.8583215773392725 0.3047460767441676 0.283356845321455 0.3317418687931485
13 0.504354429384134 0.5144751722370376 0.1806522053628168 0.2951112071927779
17 0.9137176020050907 0.07834247606004731 0.1694954346753633 0.09065359979666686
11 0.4609942333704529 0.3787909389545375 0.08735564401654479 0.1651669566865742
20 0.42251353604390707 0.44424535258185227 0.011046588001272539 0.012839430851018581
12 0.4190794533736345 0.40873170567203754 0.044477253341817756 0.08469105673740743
5 0.24212660204486158 0.44801974354004653 0.09636701734563582 0.12379123074935189
18 0.06152368141308724 0.785030487588426 0.11148403469127159 0.24506097517685202
10 0.11162477343249544 0.9771586813572223 0.06593408267027256 0.03745325177277768
8 0.3076152420432708 0.43443132864615774 0.21762494668999893 0.23585830344388914
6 0.6246931066995439 0.34221573505314884 0.2636283373647258 0.316431183636204
9 0.8121311140594972 0.6094201477930101 0.18949994668999892 0.23498548125555582