10 0.3119101797827549 0.11314696949759022 0.3363203595655099 0.19948866108350147
5 0.7533705772261916 0.8091897444496189 0.20595118611433313 0.3284810930854069
4 0.8418543865893028 0.8006760086083837 0.3162912268213944 0.39864798278323266
19 0.046503185775648756 0.014714251984028244 0.033631371551297515 0.02389263135586191
3 0.7979019114653892 0.35249507811908765 0.40419617706922145 0.5689813422778526
8 0.6050359758012822 0.8833542633839946 0.30291471732199754 0.2332914732320108
18 0.5662877363167318 0.9715826676750728 0.18041119629109836 0.05683466464985424
0 0.9315410063315781 0.7193578801096727 0.1369179873368438 0.3769224049633491
2 0.5573543130926975 0.5750413747970746 0.3027863217991246 0.574139221145483
20 0.24816858435073924 0.1549450401191997 0.1244621687014785 0.27521803598307554
17 0.606062971505869 0.19038928998391616 0.29025094301173804 0.29482687362060084