14 0.22921265612177946 0.05050760138772896 0.060457338935304625 0.03956561585990743
10 0.2000862998490882 0.7229831071920139 0.39114224212851567 0.5033964058483602
9 0.4773385024342769 0.47701113674208434 0.2125185405319101 0.27055295642933
19 0.697869883841477 0.6840416953135792 0.5756100840295698 0.5703374687152684
12 0.47446414771882245 0.10739941052369754 0.2541967045623551 0.2147988210473951
15 0.6371803705327852 0.2795473677074634 0.6162642589344296 0.5590947354149268
13 0.07804810965837027 0.853319779888755 0.15609621931674053 0.28986658827028766
4 0.708630900684572 0.08291730966461493 0.3921131986308559 0.16583461932922985
6 0.3173427840317574 0.8145760259320259 0.36143088441013066 0.3474828132055923
11 0.12536080285201878 0.18353697195880112 0.1386990385547438 0.2529213613745322
2 0.31143361262411984 0.3191749947243615 0.4035494002274615 0.4502123850432506
16 0.8622666007611217 0.35552425750311856 0.2645160751323214 0.4924692597610137
17 0.010063408098945821 0.17834779511536916 0.020126816197891643 0.14330440976926168
7 0.1087144723196711 0.5243213169007042 0.2174289446393422 0.3805240328652584
1 0.35072555878351785 0.13630934230408379 0.14434154349765968 0.27261868460816757
3 0.9253701427387255 0.6120147700919136 0.1175535504177418 0.32628361827193725
8 0.6077966876820791 0.8763959038162547 0.3204636917107738 0.18038827378161315