7 0.6980076627473528 0.671920695722074 0.2518660576279121 0.4081196396083421
3 0.8082320965947286 0.6547230611710942 0.36957175486796884 0.460457548705129
14 0.3481809866106147 0.6371827258406781 0.4190729228870319 0.5469794400206899
19 0.48373229748493773 0.21307460059912484 0.42628540503012446 0.42614920119824967
0 0.6567140556026126 0.310270828855699 0.33530584902377003 0.46504953981451597
2 0.8921448153418453 0.11082240967651505 0.16116714529089188 0.2216448193530301
15 0.13573948782843065 0.7154343260533177 0.25672510714144486 0.3025498836490598
4 0.8093868624197459 0.1427523098826889 0.32810127516050824 0.2855046197653778
13 0.4934679874213936 0.4445388100759316 0.20250125730360063 0.332014414959448
11 0.4293703056026127 0.3350147058367989 0.10703302434972924 0.1905607543486852
20 0.40257993466145 0.41490404583809204 0.012690914772652384 0.01594382141476842
12 0.3936413112846555 0.382591078565835 0.054297762174864594 0.09536540767943222
5 0.22825604464556398 0.5014891513013366 0.10802278003177213 0.14698081535886445
18 0.1062956753292545 0.8788270603981234 0.15439894805083537 0.23316258465406653
8 0.28968446834667005 0.4573567719043407 0.2617671631477993 0.3301434000129311
6 0.5821601148553779 0.22476878784939902 0.323959245939515 0.43260911274326025
9 0.8069674257329963 0.39377491086829913 0.2255296542193456 0.3033153301121388