0 0.5404764126883043 0.6940907244066583 0.3318995312876824 0.4302790909081068
4 0.5100216151920833 0.8473810500523233 0.39544682082080845 0.3052378998953534
8 0.8047356047393268 0.7606216881491449 0.27413180489461847 0.4787566237017103
14 0.8802790342008671 0.3416782911174004 0.23944193159826596 0.5230641625199758
7 0.517654291740439 0.5460693042348417 0.0963583314853265 0.13758260666336738
9 0.6623998314147392 0.2757921830222285 0.14487142619541976 0.17835809286855758
3 0.518362134102045 0.18784072440665833 0.3179742682040899 0.32545732700040214
17 0.3522021389401938 0.7702445642987124 0.19852704721387235 0.22987779436093328
15 0.38641491311182735 0.09138772877913877 0.23376732622365468 0.14510736619859171
19 0.7938402762377721 0.16451235112069956 0.3501805524755442 0.24255186642438123
11 0.7753541286991987 0.401034134627499 0.2013496683734992 0.08053289160197134
13 0.5454769129000658 0.39847132745198116 0.16249854195220054 0.22528325493695422
16 0.9321886866481762 0.7924337124952319 0.1356226267036476 0.37988665309764635
12 0.6480173549510884 0.4814461065863001 0.15671897881213823 0.1999557063164353
10 0.640794202080256 0.8140941689272679 0.18458491553090184 0.3718116621454641
2 0.872607831273565 0.9528549208491851 0.25478433745287 0.09429015830162986
5 0.3432205230422388 0.9076973925821967 0.17592400512049755 0.18460521483560655
18 0.18707766787938898 0.770129513040374 0.32454205759604166 0.44014984320724176