15 0.16381179272754265 0.5979166666666667 0.25832376670908896 0.4166666666666667
7 0.6354129780394527 0.3875 0.19158970536281678 0.28958333333333336
16 0.33895833808081444 0.79375 0.09044428134945379 0.15833333333333333
20 0.6888545093491356 0.15520833333333334 0.15054653469127163 0.24166666666666667
18 0.48544988804899775 0.48125 0.28481354137490716 0.4083333333333333
0 0.5462402953532719 0.19583333333333333 0.32373059070654364 0.39166666666666666
1 0.49207151070177113 0.34479166666666666 0.05225339067472703 0.07916666666666666
4 0.28682312607413296 0.728125 0.19128062269254426 0.25416666666666665
19 0.2268379567154523 0.4791666666666667 0.3776373880489977 0.48125
3 0.43604242341658705 0.8177083333333334 0.3266192333704529 0.3645833333333333
2 0.3759545200111359 0.109375 0.14518632535009016 0.16458333333333333
9 0.21532883939367906 0.5927083333333333 0.05690452800763597 0.075
8 0.729000440722452 0.5479166666666667 0.32305788136536207 0.3145833333333333
12 0.6363884160964046 0.946875 0.19155224801081766 0.10625
10 0.5584628634229505 0.8802083333333334 0.16927835335772629 0.23958333333333334
17 0.8628230994191324 0.8427083333333333 0.22594652402927135 0.2875
6 0.4182538447246792 0.5697916666666667 0.15479768268618094 0.19166666666666668