20 0.748070955325601 0.5970684491406613 0.2522842528747221 0.11195926082027133
1 0.4113352070690273 0.3065338203498867 0.0394917269557407 0.055003055194477096
18 0.4188024118289804 0.7184467126657257 0.2902517275213885 0.26261382575507924
3 0.22221533553263867 0.171875 0.44443067106527734 0.34375
7 0.755285298916758 0.8858828511968314 0.03859360829407414 0.01753941991307736
13 0.9527428741282868 0.39159555899129306 0.09451425174342631 0.2339046244578332
10 0.87890625 0.15055655573939006 0.2421875 0.3011131114787801
2 0.5712584282753238 0.15192787067309982 0.22064185655064766 0.30385574134619964
5 0.7052006586714344 0.504173020027772 0.13994007775694417 0.15926827164383764
15 0.51959889198875 0.07970213365984176 0.23607278397749987 0.15940426731968352
12 0.8001972577292117 0.9025729724093521 0.09744092799249984 0.05843188311602721
16 0.517974060744953 0.512703452926493 0.2843530420360182 0.29159866882874375
6 0.12957523355365658 0.56764614826924 0.2031030420360181 0.2897077034615201
4 0.6871320382663415 0.7654078928629489 0.12220435655064765 0.31694704004236296
11 0.3006881073991195 0.6116536076863579 0.30380708812453683 0.18388353571161814
8 0.4539335187089348 0.22834136309923952 0.28060190838861054 0.4246410844132734
19 0.215808093591157 0.2839597121230096 0.4163056710652772 0.3529139090873142
9 0.22690000141411965 0.5006991082268771 0.10224458812453677 0.17919248701215953
14 0.78596441444412 0.7442032743574184 0.4280711711117601 0.41168361904385287
0 0.04513117450564721 0.6520287862554326 0.0022460051837962848 0.010453031385267052