1 0.7230223960668953 0.27800518506535926 0.062850686364518 0.035982273606936135
8 0.5459817928826967 0.18028274668682143 0.2419635857653933 0.2945563435743283
2 0.2028517410853221 0.8770123894578331 0.26361544515850965 0.24597522108433387
14 0.5235636274401417 0.5733254613202903 0.7679187606301594 0.8533490773594196
5 0.6475596236471199 0.42972546938387157 0.12991038273097572 0.14071454721387228
16 0.7723366119781904 0.35958838500888957 0.33912562818904773 0.2813674522214304
17 0.2765941930324778 0.09819655404120232 0.21157497091226496 0.12839558570534965
0 0.8584418542472146 0.6326860901670336 0.28311629150557066 0.47809126280124375
3 0.8196743843979657 0.2056839744102529 0.2518487687959314 0.30361771900103646
18 0.5610646589437729 0.1980414764935503 0.4002543178875458 0.3400237117972415
11 0.18266730259477218 0.6849396349084031 0.28421498758216435 0.24807521369230656
19 0.7956930742656414 0.8547648294490872 0.3257645009180841 0.2904703411018256
6 0.237802373188078 0.23928734006654712 0.44543927212991125 0.3414592485818864
10 0.12541342773970424 0.44826944198043533 0.21843023304023648 0.36737221729420405
15 0.9844225395487168 0.5425650549009887 0.031154920902566375 0.4743522034513115