0 0.5195520466371182 0.18822024098235934 0.29535409327423634 0.36490139560787643
8 0.25147354065319455 0.13303323026733127 0.4091970813063891 0.2646119538510269
14 0.250100063923299 0.6360006587099374 0.4901626726807643 0.6970013174198748
7 0.6249143067051044 0.36272474411199485 0.27696646276527803 0.29588473604920984
9 0.5630761086605561 0.8867635449289073 0.21501067021222225 0.22647291014218543
3 0.7556266313619797 0.8637627618289673 0.35490962480937505 0.27247447634206545
17 0.6475848212384028 0.09544064189472187 0.036229747150208526 0.10678331911733305
20 0.7816760658231601 0.5734337716952662 0.18928462480937505 0.28411052981115004
11 0.45958416669684066 0.6454990569700568 0.10966724715020834 0.10792268268618083
13 0.6475017407850351 0.627586857893025 0.2756234747331252 0.39791958582642195
1 0.711689567723021 0.5015338001272669 0.09320709897381967 0.1493226897941811
16 0.12523900218420153 0.19459919202205958 0.22235300436840305 0.3887620320390285
12 0.5056032218833336 0.5077088854232686 0.18441528685347244 0.27362113781030156
10 0.4024177916031251 0.0999680160725421 0.11733558320625015 0.1892696497984233