10 0.5264842658822454 0.5005246873971098 0.21339877081949082 0.20193038838847494
17 0.7591921321705429 0.14603166970011347 0.3715092643410859 0.29206333940022694
2 0.440845956967517 0.5971019571096082 0.19837454811738692 0.2128517327863013
13 0.989780798117387 0.3915643609636033 0.0204384037652261 0.21019663900543412
14 0.7837937230066458 0.6273495310956646 0.42260829425987545 0.5755145189618776
15 0.9119945619970474 0.6739685017685656 0.1760108760059051 0.2916715872820255
8 0.6345144162513857 0.6738335576566404 0.29147940777039594 0.5000695430240536
0 0.10215848704319001 0.3288173941880449 0.1931024645256561 0.45903187829057684
9 0.17341292334809952 0.29230997897127076 0.21736438001107466 0.25208825394869216
16 0.5355552845422681 0.7382614857374359 0.24210356415651582 0.2815395706852859
4 0.3790258798541911 0.6828989773054043 0.21812584361388013 0.23557945284224288
3 0.4536208574935407 0.3279180525563418 0.6103667149870814 0.6558361051126836
6 0.6636490946936142 0.12214388380734206 0.094327398209672 0.24428776761468413
11 0.10381752390180991 0.5756768536627911 0.09839553207825791 0.13848073471949127
20 0.2183225100221493 0.44268787219272066 0.41782066471022616 0.5729575889478921
19 0.2320030806570701 0.5313240121647499 0.35896729641934383 0.5131077621134001
7 0.12527700956072396 0.22180914743746566 0.24214313695090497 0.31471503845840204