10 0.1914335787409379 0.6098915277948943 0.24993249050069463 0.37879369406057567
12 0.857007946616459 0.8087393958229488 0.2302719943004167 0.2353905062315178
5 0.8699910705728128 0.2971542779799057 0.20236519984749995 0.24504892614760543
2 0.30732610999173626 0.2548696807646065 0.2825644589655559 0.4611176719315896
8 0.11392160210795158 0.2942366768982264 0.22166202013597242 0.36761878064332976
0 0.6803356906325353 0.7754576046807357 0.3867415062682641 0.35310253002637043
16 0.16905977773541672 0.060526680497282936 0.25999455547083344 0.12105336099456587
18 0.8814526345930209 0.5487795551578408 0.23709473081395807 0.5371270273939089
4 0.4119025475870487 0.13200455628906008 0.3175550951740974 0.26400911257812015
3 0.2925460563238548 0.8876827958415263 0.2069422906531945 0.14984705505514148
6 0.18120785961048663 0.8311039845035173 0.28063567021222235 0.2612755374918071
11 0.6535646771460766 0.18336519306301807 0.33717661094166684 0.28362536432629876
20 0.4774827943560075 0.7667345280622179 0.3455722988213196 0.40717349323383495
19 0.4984083177230211 0.441134146871856 0.3805330995425004 0.7122562722112982