15 0.7619233836486268 0.6665860522580557 0.301639901627308 0.5471658008391259
11 0.7084919306872661 0.05606859791457065 0.10639384215265543 0.1121371958291413
7 0.1701664150834339 0.11876185006373463 0.21896244120271566 0.22547851729601096
16 0.6801356365893028 0.20214627411352565 0.26277439620024123 0.3502584896347784
18 0.32352378844375373 0.212466458641813 0.3157975768875074 0.424932917283626
0 0.1267107434412793 0.3302214135509077 0.2432674796464694 0.44789050623151794
1 0.2446728493887446 0.3580437626480473 0.004933161465389269 0.0067235966806521216
4 0.7238424502478272 0.45604383123551895 0.2022596200809595 0.2756674639067358
19 0.6100975327895442 0.535513148805046 0.37062227498762806 0.6392128210349218
3 0.5752666728853499 0.10520341271797444 0.3255333457707 0.21040682543594888
2 0.2727756744672297 0.733785238719533 0.3354749118040735 0.3389281709649945
9 0.6805029652858325 0.7103695936162426 0.0591846494796016 0.1595340957140569
8 0.21212154172311407 0.04605336099456587 0.26799308344622813 0.09210672198913174
10 0.45858710594746527 0.01929760884540189 0.11404921189493056 0.03859521769080378
13 0.7774499706013578 0.029449860845422796 0.07589411465389251 0.05889972169084559