7 0.5302822247374058 0.6866585501273377 0.21484539202736244 0.2720468818162407
16 0.1471028140117722 0.11549167022066674 0.2598306280235444 0.23098334044133348
20 0.7404026594127691 0.7688268185338849 0.25770450668363554 0.17064231826860402
18 0.4841691987189522 0.5060994408020646 0.3676794906906352 0.24108924273284535
0 0.7013117927275427 0.5871169545406725 0.3049624093729982 0.3942619964990278
1 0.5640652367122707 0.43922598923194406 0.03299431333545435 0.021342410672605776
4 0.2646988466740906 0.07113489597921308 0.07002269334818116 0.14226979195842615
19 0.4980204240133631 0.1287652177487892 0.3554158480267261 0.2575304354975784
3 0.19008174936345318 0.29292431996606216 0.37878171737745253 0.43915136006787564
2 0.7189329080203627 0.18887302387018778 0.16246582670272555 0.3566393280288472
8 0.4138401594127691 0.7738933501485489 0.23977376137808887 0.443243841820483
12 0.052683388725315486 0.5753022924358185 0.09678518801718101 0.17022874846169625
10 0.13943795404995224 0.48852808619775867 0.2424976773551808 0.21831656715466466
17 0.2223077347628592 0.9414705430723654 0.1396079400063633 0.06465751824739291
6 0.38976302868395374 0.16748869775091033 0.18577605736790748 0.33497739550182065
14 0.8949323340229081 0.6163541571717044 0.21013533195418396 0.36373779026096786