14 0.37489054161157237 0.8257186973052789 0.45339275214770663 0.3485626053894421
10 0.664235161126705 0.3514913736311085 0.3850322557657512 0.5249904194905882
9 0.3700757253510562 0.3368088998523453 0.2001239099950512 0.25795440674295617
19 0.2573068097017955 0.194437525187647 0.48538638059640904 0.38406883199212666
12 0.2756385713488988 0.6454248313768929 0.2241412641334942 0.23509050380214186
15 0.2197559000454285 0.4691581204995701 0.439511800090857 0.4841495743324735
13 0.8603222670741703 0.3285295455395625 0.2742784622336149 0.4013286736557164
0 0.8520196076449459 0.8025340294019947 0.2488557383528967 0.39493194119601066
4 0.08893194595241408 0.5811940427710105 0.17786389190482815 0.35405475220868776
6 0.5899931569428334 0.20614089758828802 0.32626368611433315 0.3372513859726847
11 0.5969669374731295 0.8194445198412708 0.263914172319523 0.36111096031745854
18 0.5452405789236723 0.10825220953611607 0.18139384215265544 0.1380028521471644
2 0.4963848405707757 0.5534987548788008 0.2871192989592032 0.33183040098437405
16 0.03450339552287275 0.27887167591977374 0.06264384215265537 0.1278563911160332
17 0.7183129929910533 0.8530098920388838 0.2527376549066688 0.29398021592223245
7 0.721917107079119 0.5591819617448038 0.257841234734852 0.33971045239325787
1 0.3916763291508149 0.6647460333087255 0.11057673111680737 0.1983947337024735
8 0.3482870137948099 0.11337219822812968 0.3315509724103801 0.19443592843607843
20 0.759162643036482 0.970756999790822 0.1375619549975255 0.058486000418356096