7 0.6978843923495758 0.1993004967564671 0.3645187846991515 0.32654029699875253
3 0.7408543399132522 0.12132598296165717 0.4067086798265045 0.1675341489509553
14 0.8024531739664085 0.43610996456857726 0.39509365206718317 0.584200815617622
19 0.33279003238279975 0.8477941956880909 0.4274193028977488 0.3044116086238181
0 0.42454103408084276 0.5871620413073625 0.40538122146548633 0.5287239544688792
2 0.13408601480251128 0.5865911020650975 0.22651813695090492 0.3065155374635282
15 0.7384638317368043 0.5738003150889757 0.12551923658176473 0.11674041459332116
4 0.1554882503045418 0.7240866726967411 0.24923374614248864 0.3579349148191108
13 0.5316817080472511 0.6455189604989537 0.11704540252860855 0.13483531735228335
11 0.46253928670173633 0.7621531825706496 0.06746690468807692 0.0753098311470931
18 0.9277313810908089 0.2672699381849723 0.02131379549649317 0.022252710688915656
10 0.9452915160391289 0.13042060605765385 0.018088665946844173 0.0199510116085697
8 0.5403348172388348 0.6959556919929789 0.15564682757475126 0.16037237298310197
6 0.24954793337024883 0.7856822041301951 0.23206723010335972 0.2923689356242202
9 0.3973010063215215 0.34440354590563244 0.28230706199704747 0.3332536047029168