14 0.19633074538114648 0.25258263775418077 0.391661280416594 0.4948347244916384
10 0.21505228246165803 0.8596196738099702 0.2572909774344578 0.2742130081003571
9 0.4091539719576745 0.723369638485053 0.16061455423577745 0.20727516031078086
19 0.5893475888090064 0.8098676223974297 0.41807536473976087 0.34621700495068664
12 0.3676100149771878 0.4322982162216454 0.17293269780928666 0.19952383980231
15 0.4876928459351425 0.5236804701870059 0.40297921364440425 0.44125007064983424
13 0.11778848904643331 0.9538227339406492 0.12369356426490725 0.08900795837574217
4 0.5379930596460538 0.3200924974115659 0.27287051332783496 0.27285719079810183
6 0.3436462953937817 0.9109820848233504 0.2032279515702104 0.15722887186446619
11 0.09405049452321666 0.47527445590039896 0.174461757059629 0.34111775486586876
2 0.25954276537289916 0.6406613316454075 0.2653307979675713 0.28499343278256273
16 0.7058350921742187 0.5573179973550206 0.19753554420664762 0.32554236224581906
17 0.03268709718878369 0.5302678533580446 0.045733700316569134 0.16446429328391082
7 0.11792121819675079 0.780724188266213 0.18050115690134438 0.2602315128814079
1 0.28269545737619806 0.4831745543925748 0.1151656619159093 0.19891536382065442
3 0.846769980733163 0.6008067288768718 0.2921446652146146 0.5838558702896309
8 0.5314645441401404 0.9168352257837469 0.2525914540774927 0.1303902564972494