14 0.4610415827699885 0.8405305442480385 0.44321431977759856 0.3189389115039229
10 0.6165178334877787 0.2778843750922748 0.3268105589778255 0.44913827378161314
9 0.3351462931990928 0.3824081569414804 0.1936656983633867 0.24851861148742696
19 0.20999255889300744 0.23968509648660216 0.4199851177860149 0.45437019297320436
12 0.3170138189749904 0.7161280597004424 0.20469247840045365 0.19314207447547743
15 0.21888143085537354 0.578113150911406 0.4377628617107471 0.4603929684894787
13 0.8252232000926671 0.19854651439511117 0.3120535998146656 0.3025406603337355
0 0.8912896218775481 0.6644223247370946 0.19745044119181046 0.4525760952805873
4 0.09937869074809746 0.7431140592488634 0.19875738149619493 0.31660465550967604
6 0.5114062367531561 0.16722575682033766 0.29593752649368776 0.28269883159867215
11 0.6676214541842004 0.7771525395727014 0.23794646641955416 0.39094069953192495
18 0.445347216334736 0.08955963515614539 0.17493056733052798 0.12867678275236363
2 0.5040103658870982 0.5392645311305971 0.25364089908902615 0.27558422734733434
16 0.013457320873906983 0.4627685278154094 0.026914641747813967 0.11720372229748541
17 0.7937846501005165 0.7713584275566279 0.22084824645662096 0.3335988707968615
7 0.7199379554501448 0.4531263266975454 0.23743554573098144 0.3118832157387647
1 0.43124993376578047 0.6875854846963184 0.09537204210278456 0.18758260666336757
8 0.25462052341364494 0.1398901741285454 0.3277133161494016 0.24540833860897185
20 0.8634398964723193 0.8910187645080059 0.13399803248413766 0.17364551183435922