7 0.7078125 0.7269923082602769 0.25 0.39317508611851887
3 0.81328125 0.7101775583873603 0.3734375 0.4532558057228708
14 0.35703125 0.6649616738869903 0.403125 0.5000104513661117
19 0.48515625 0.2270313594230554 0.4265625 0.4540627188461108
0 0.66171875 0.3617561001800455 0.328125 0.43726625886388926
2 0.89453125 0.15453107206550826 0.1578125 0.26323083561231503
15 0.1453125 0.726740418693611 0.2484375 0.27645992933027796
4 0.8125 0.1659072312576848 0.31875 0.3318144625153696
13 0.5 0.4834414944296291 0.2015625 0.3187552256830558
11 0.434375 0.36881141286907354 0.1 0.17810336778074085
20 0.40859375 0.4466948332083792 0.0125 0.014971254305925896
12 0.39921875 0.41365244060449036 0.05 0.08905168389037049
5 0.23515625 0.5197855700364349 0.10625 0.13663066160037046
18 0.11796875 0.888005662487824 0.1515625 0.22137020845935212
8 0.29609375 0.48039445529504593 0.2609375 0.3164311836362041
6 0.5859375 0.27035787107638826 0.296875 0.3737964564324077
9 0.81328125 0.45705255838736025 0.209375 0.2689976762909261