15 0.14561631714929377 0.6483959458374687 0.2321545612921568 0.41319979491074016
7 0.6143211906850096 0.44799835362944285 0.20279071345960364 0.3184345714108636
16 0.3237028719784789 0.850020774929752 0.0811465237259962 0.15893113440160486
20 0.664516144753073 0.21655239164394893 0.14775570357377177 0.24973745774444409
18 0.46572984038099835 0.5383390917379617 0.2693998933073793 0.40924089475370307
0 0.5207688033463104 0.2510076658504925 0.3178373933073793 0.4148912042730856
1 0.469900028631731 0.4018807584046284 0.047540844866803766 0.07820244008802461
4 0.27008046486811627 0.7831335925231474 0.18538303756616062 0.258278557587407
19 0.20724883692095725 0.5301398636509254 0.358809903193211 0.48194790549839417
3 0.42247595300511814 0.8409092618914811 0.3248222223568522 0.3181814762170378
2 0.3509629807226281 0.16324984712580157 0.14214769072219066 0.16812292164641937
9 0.19746531863216854 0.645035791454876 0.05691584486680372 0.07929604838209864
8 0.710454749962819 0.6118379761240722 0.32629188045579804 0.3349170806161721
12 0.6248740997353576 0.982990516871234 0.17961851581733085 0.034018966257532195
10 0.5442899446021612 0.905699417028271 0.16845020555093804 0.18860116594345822
17 0.8472040389746732 0.8778978713168508 0.224220044486243 0.24420425736629833
6 0.3995199085560564 0.6267905690862953 0.1491616946765233 0.1938519938424688