14 0.3657861648072818 0.7559369510752951 0.36885103571156996 0.38409831251161347
10 0.6925294302271799 0.44181558495092144 0.23413060206654457 0.30388928467048404
9 0.4761822675611974 0.45367856530755196 0.045530668617910844 0.05035149388441186
19 0.3502283007386847 0.41311953343300634 0.3236476200205255 0.4087468186272017
12 0.29261176433974356 0.6366233488123588 0.07202044574527386 0.033890875356883045
15 0.2625515596174793 0.5509763930490085 0.43887264422102235 0.31797706738972403
13 0.8476300206844554 0.3586465725888174 0.19634880093507653 0.23901505984660293
0 0.7973538064942213 0.6530382634559808 0.2249555899662962 0.34964989513118044
4 0.1657583728491958 0.5689749233650934 0.11969539734428025 0.2175878230534013
6 0.7109789274967054 0.194050424268915 0.2948044816532356 0.24394531667595748
11 0.5536628938282389 0.6646891354340869 0.11963176483072288 0.20300448972006796
18 0.6635726623713949 0.25097241633301054 0.28648396330647136 0.4855392604699872
2 0.5311106620768072 0.5093111153979341 0.1804056383672897 0.16597718839220807
16 0.1473214693565955 0.46154387119253926 0.21411808391617196 0.3724817184464373
17 0.6490026649054776 0.6716784846392291 0.14782039734428026 0.21780599167131195
5 0.7823903191836449 0.0883579662924649 0.18959883118569748 0.1243832445981783
7 0.7132600867448423 0.5378064845083015 0.0958488311856975 0.12365601587180877
3 0.12573683996629617 0.3488802447291061 0.2511464270057261 0.6227604894582123
8 0.5152578822189697 0.2779459708495923 0.33174192115199364 0.4733907543543991
20 0.661589023316734 0.6915671151360786 0.13808178298109547 0.13439993546534196