1 0.7686510478118185 0.3830597761186347 0.0626908975406721 0.047631312378979135
8 0.6335306383672898 0.20388162117049635 0.23733741529826116 0.3354852875639793
2 0.09696344193464486 0.7422803019018019 0.18899990924813692 0.3553939371369372
14 0.47586008069471813 0.5687671552243282 0.714646366504484 0.8624656895513437
5 0.6488157916634985 0.48496324978909994 0.12244769262201594 0.13881855913900917
16 0.7909351139704013 0.47816823545127735 0.3340669695529872 0.30816798841806353
17 0.39389090056573406 0.05674393465423475 0.20653180113146813 0.07739166418396423
0 0.8023458335233885 0.7602627328349892 0.3020635115110732 0.47947453433002163
3 0.8861102168225127 0.3216842696386949 0.2277795663549746 0.38916679018327355
18 0.6445226805217674 0.21706085083681767 0.3796703610435349 0.37764860655949
11 0.13343168617910825 0.508150755995856 0.2637181081166688 0.2954681786583787
19 0.6522054538385016 0.878484719325736 0.3355658370394298 0.24303056134852785
6 0.31235507513557326 0.16519137882349139 0.4403351502711465 0.31893288612899456
10 0.12689481898725316 0.2630194744960287 0.23909990319801272 0.3814156537067871
15 0.960374939498758 0.7512448116839953 0.07925012100248416 0.4717123727593394