10 0.4680934924604281 0.5017164367619469 0.31277009968941644 0.43769531667595746
2 0.38018948698699473 0.20614299921443308 0.2927460260260106 0.408383204264017
13 0.15699157956036225 0.8608839996072165 0.20332096302712274 0.18484839317993623
14 0.19083783162650084 0.4608779393678301 0.3816756632530017 0.6550892120689936
8 0.25344643451145055 0.42398396330647137 0.3508917259695409 0.4879740876877324
0 0.8913706397166526 0.3476548776882377 0.20269787869919895 0.34937112411940546
9 0.8627087714702103 0.592307158849017 0.2133021787556686 0.27031354176169414
16 0.1602024816547357 0.1075287105105329 0.2577200366905286 0.21442715612487895
4 0.32213333425733676 0.06814605958474733 0.21510833148532651 0.13287414415555837
3 0.7108670084572051 0.7905112444672505 0.4934740681193855 0.41897751106549896
6 0.5515444873399306 0.7024315450095435 0.23384146288594837 0.38293474654942256
20 0.746150603026124 0.5591003960350022 0.4774850470726982 0.4181467540925434
19 0.6177581054451985 0.26008682603939487 0.464483789109603 0.5138467621593757
7 0.8948163452042035 0.6623715362880721 0.16704880503579284 0.3199378069197368