7 0.5052409769479658 0.7189974855751422 0.21990758045771694 0.2716220579968796
16 0.11607846806901478 0.1521575882886429 0.23215693613802957 0.2793151765772858
20 0.7181890911782532 0.7817538795415769 0.2672089153549093 0.19317340582943293
18 0.45415336037188975 0.5428125797704967 0.3746279314464525 0.2509443241561318
0 0.673460735245839 0.6038251977166349 0.3053858945717888 0.3863680804047649
1 0.5316335041873739 0.4697190448653453 0.0322333457929556 0.02044778656518377
4 0.2213726194260676 0.11126728593091569 0.07324039406758578 0.17848046245862675
19 0.4561082523457885 0.14700224116471983 0.353408495308423 0.2622558735605031
3 0.1778629200464862 0.3598471620780659 0.3557258400929724 0.4613609908227984
2 0.6785952575415686 0.2071429711007097 0.16468448491686286 0.34756293018969703
8 0.39196544476487893 0.8029180474519924 0.21382110744502345 0.39416390509601534
12 0.03664842214017317 0.6528437924966828 0.07329684428034634 0.1680178063368473
10 0.11557091564544805 0.557427816222679 0.2311418312908961 0.2149016219004708
17 0.20484286715715366 0.9853016930288846 0.139575952229573 0.029396613942230705
6 0.3484160846450908 0.1986063228380209 0.18877754877883318 0.3613362701135849
14 0.8703903655676697 0.6134795864106259 0.21835578813517165 0.36086583401717615