15 0.7840128352170593 0.5980048762996429 0.3111359736759482 0.6087483627201188
11 0.5558581303998865 0.0408281359537597 0.09453373920022692 0.0816562719075194
7 0.09033976860432151 0.3672954933163644 0.18067953720864302 0.21957568003393782
16 0.5714880756832305 0.18480478389564114 0.25700400126594436 0.3309377760449676
18 0.22408230762706305 0.3297213084023049 0.2731052056197809 0.4686317102694524
0 0.09414432568323042 0.5880439804264856 0.18828865136646084 0.407245372480362
1 0.20353665073348864 0.547659938627214 0.00485119110699257 0.006322725334181693
4 0.6807663280454831 0.39552301320818756 0.1891964531727101 0.24658628803308932
19 0.5953794103521355 0.5249207065563687 0.34529271886662477 0.6009483485041185
3 0.43062002822296835 0.11134778575218299 0.30750994355406325 0.22269557150436597
2 0.3309076494675443 0.8726342372692757 0.3110714531727101 0.24847714672181573
9 0.7084845563611187 0.6491563607575211 0.0493502139724832 0.15486967823042383
8 0.0990178533580446 0.19740685953745538 0.1980357067160892 0.25101961425842256
10 0.2999702289486078 0.08593421594527524 0.11092263103285874 0.12042268268618089
14 0.04434266689073942 0.9010288159876976 0.0564533858421822 0.12790755378739363