0 0.4985193801277087 0.638813434754905 0.4723530043684031 0.3926407165287233
4 0.22902515092927128 0.6814946071504224 0.4447397634864587 0.6004892143008448
8 0.6388755424561464 0.8876961235943012 0.3946618026210418 0.22460775281139764
17 0.18824749525034734 0.1799559840335136 0.2952449905006947 0.3586513956078764
11 0.9680252610179167 0.42018975217477983 0.06394947796416658 0.26148330490133276
13 0.8910263499237502 0.12629357171647743 0.08564786569131969 0.07422572268193868
16 0.8642762391695145 0.9578892391788454 0.20011040919430556 0.08422152164230923
12 0.8813961235751042 0.3428269086038108 0.23720775284979148 0.44954232537660405
10 0.5208873022397922 0.7962953866963624 0.3650132830537503 0.40740922660727535
5 0.10828985115802103 0.34221283646296885 0.21039721181534743 0.330259006259271
18 0.07543706430454865 0.07094315112454484 0.06962412860909731 0.1406257297899388