9 0.890057645404968 0.35966956817353 0.19479831981405518 0.26255164069098597
10 0.6504156272197378 0.18617924458272464 0.25334279333095144 0.3076107705606022
6 0.012077433956729156 0.7311174512983446 0.024154867913458312 0.08848184740221234
5 0.4100598809029085 0.8167775860348312 0.22212564431968734 0.2777531742405268
13 0.08553902623100201 0.42091370075672696 0.17107805246200403 0.27516073484678727
4 0.38365056419094656 0.8953629577911664 0.41594134629715873 0.2092740844176672
7 0.07637183984087088 0.5843462732675923 0.15274367968174177 0.26035921320185124
3 0.6906264559127437 0.6126338333267428 0.4359474797210826 0.3971730151477206
8 0.21733143152332715 0.7763844954000941 0.39035075645628786 0.4472310091998118
18 0.14895168018594487 0.7583696980519338 0.29790336037188975 0.4832606038961325
2 0.4641785703951328 0.5604314020517763 0.3743215648703767 0.41238509307036914
20 0.5701761061845158 0.09044736741899992 0.35652278763096845 0.16227599891456776
15 0.7876821363507902 0.77550511849894 0.3667275861577 0.41636993614403345
17 0.7197397915662407 0.40055202759064795 0.23956451659574646 0.2531895508637324