15 0.7843277944148557 0.9398673855265288 0.0919525468904336 0.12026522894694243
11 0.8212992726200241 0.3821606059991073 0.16371099295103023 0.28027733314510095
7 0.5779492464755152 0.17866422734696655 0.20277349295103023 0.2833108418674959
16 0.8050491558181475 0.5478668235756599 0.05085395020978147 0.12839752976908247
20 0.35481939979486293 0.1530398942959819 0.3315137995897259 0.27671542415918043
18 0.7272299639067359 0.3966338447164635 0.3503588879720084 0.30721683466370103
0 0.5465001821631494 0.3369677116090091 0.34453770830765856 0.5058820908258472
19 0.6856176072773289 0.8787997295243801 0.342427988801845 0.24240054095123967
3 0.8308248701258689 0.43189737789921084 0.33835025974826216 0.462354224121534
2 0.4227964533332811 0.7743380416227936 0.22093334233097456 0.41124355764309967
8 0.6945564060186402 0.16386709035526603 0.17661281203728052 0.23357406996739224
12 0.8250018452307597 0.20096100247250276 0.18182053029369394 0.18834743837853787
10 0.7815487657715469 0.2712184551645142 0.2198892153566284 0.2286382664031412
14 0.28813342034029465 0.47142684528116086 0.5670317054078735 0.7803536905623217
13 0.8439690232447241 0.5073323428213985 0.10232136182749904 0.10335643496487279