14 0.27466078243518827 0.2143783542585528 0.43682156487037654 0.42351859309334355
10 0.16137272268371722 0.758799625042409 0.2617780062041863 0.35509925008481813
9 0.3756266107992182 0.6981151403426149 0.15994271857321785 0.19656748723168296
19 0.5248449968210323 0.8375066378672715 0.44270022427320105 0.3249867242654569
12 0.3985567403647444 0.4071892212854228 0.1821455005042031 0.20383600967519228
15 0.49359572477740415 0.5550133110594601 0.4435521661112139 0.4924140962995592
13 0.0737141855569519 0.7962830745303767 0.07313113342392401 0.1758994823940867
4 0.5856361232844653 0.393039122793247 0.2930937081816577 0.2983664520198564
6 0.2679065819703262 0.8583201459110832 0.2221913462971587 0.22440479975288738
11 0.11395251139996639 0.3004166843291252 0.20945068169855413 0.338115113848927
2 0.25062697477740414 0.5437004367761958 0.2960765965492603 0.3255225369562976
16 0.6959555362935861 0.698482261447936 0.2268567029858776 0.34308204814977944
17 0.05349025880207633 0.3215013293397001 0.06956909084927707 0.16742064585453778
7 0.10468604408725621 0.5992526586794003 0.16086036238870208 0.2735053173588005
1 0.30675165261756054 0.41018854336872884 0.12433300050420311 0.20114420036020325
3 0.819638690752732 0.7618254544386545 0.30311283640980163 0.47634909112269097
8 0.44778510610764116 0.9324438077401538 0.2561950056999832 0.13511238451969235