0 0.4187798982364062 0.16196920403295886 0.2718152035271876 0.3239384080659177
8 0.17208303991409174 0.19791666666666666 0.3441660798281835 0.3958333333333333
14 0.25238029228894093 0.6893081446333768 0.5047605845778819 0.6213837107332464
7 0.5590563381959265 0.24409270077943646 0.27141905585660825 0.2950668553666232
9 0.6209090485089773 0.7881194367348396 0.20086089439121899 0.28116410990855106
3 0.8031317282917323 0.6842724510693006 0.34787973654387444 0.4195563285015413
17 0.5231165954320157 0.02011169150233796 0.031891809135968605 0.04022338300467592
20 0.7535256331984008 0.3432432553148988 0.180875943011738 0.2872866501095525
11 0.4633908768668228 0.5998959038138539 0.10869997060135787 0.11347742101535184
13 0.63796150893357 0.4730259203709681 0.28430855947465294 0.4250838270841868
1 0.671201134102912 0.320049852692829 0.08196705223856356 0.14583298949878967
16 0.062223361035847934 0.34815080141088905 0.12444672207169587 0.45786506384488856
12 0.47714019561372983 0.44800393209629036 0.1627876843053107 0.26249931233091267
10 0.2848928991409173 0.11901625756987981 0.12175324852966192 0.23803251513975962