20 0.3607226412930319 0.15434707969613468 0.2941797174139363 0.30869415939226935
1 0.48186554045754804 0.7704125243106896 0.09371550790866542 0.05500847036729226
18 0.6894949456279253 0.3057195809398835 0.3408530820524035 0.5364069802779112
13 0.065625 0.14153933267427787 0.13125 0.28307866534855575
10 0.004541625475701064 0.6034875520405932 0.009083250951402128 0.16802489591881364
2 0.1692315251716899 0.8546088372628786 0.3384630503433798 0.27760321084816914
5 0.33410445007654965 0.2969493477829785 0.22728137749004845 0.29105117262295305
15 0.15964834775819112 0.9522283912806382 0.08121550790866539 0.05432935574121866
16 0.492691588403832 0.46720263498243036 0.2962462361970166 0.4549483017482466
6 0.8314662924347143 0.7389397594447609 0.21331703657757747 0.2424553913302129
4 0.42987188931586556 0.14927498874648262 0.019259335969555025 0.017685338605776955
11 0.7386779090503479 0.5339135651225527 0.28684737847863173 0.30052696709680216
8 0.3548719589366172 0.7658726712304801 0.2004880672236558 0.43518671939110265
19 0.5161185236516341 0.8746251804324691 0.22148236364988402 0.2033813939664346
9 0.7098777939175891 0.7361861270489776 0.14842686562705049 0.21189159553825287
14 0.4237001437644897 0.1399105302917633 0.5057247124710205 0.2798210605835266
0 0.9257946125869388 0.8170099544260245 0.09083454152049342 0.266999134397737