0 0.6158782310900384 0.7400469884975341 0.25671752076433874 0.4264558379736606
4 0.668675549350598 0.9313218698206119 0.3687639525037788 0.1373562603587762
8 0.8441654063935632 0.790925856133266 0.3116691872128737 0.4181482877334678
14 0.80625 0.35746298950594035 0.3875 0.6007121861708138
7 0.5177985049087359 0.5431286724834677 0.17915542093374803 0.1826915610703878
9 0.49477344468185847 0.12289996324215423 0.1489218893637169 0.1674236247642905
3 0.33065003149944394 0.14183279227129567 0.24990753669052862 0.2349348521652096
17 0.4999563704537552 0.8827777077942726 0.0778211631118273 0.07157601452768438
19 0.6665427578925078 0.06525788602897331 0.09558551578501558 0.015136532351154442
20 0.3569226471150503 0.3870396008534521 0.13428253669052861 0.22415446865725172
11 0.6718511551487324 0.22240387183742436 0.2687023102974647 0.34457931322248375
13 0.4604879918957307 0.33548756587878276 0.20943372611071515 0.3058557881351715
1 0.42395052339517464 0.4430853564694015 0.06318181043863906 0.12830685842064563
16 0.9264700366905286 0.6855146637725846 0.1470599266189428 0.3654421709708586
12 0.5968041944700969 0.42807877216044604 0.1373165314288567 0.22236249704034966
10 0.7449965836926393 0.7925449784421094 0.18745231029746492 0.33700390859527
2 0.9351911312594474 0.9866677749520287 0.12961773748110517 0.026664450095942507
5 0.559346051981434 0.9326658485332885 0.15920694198043533 0.13466830293342297
18 0.4048034941736308 0.8176859473699284 0.26547089448421435 0.36462810526014333