0 0.5631166957022875 0.7651170832819838 0.27060956623507265 0.4447978174358653
4 0.5607304778312406 0.9311436766309029 0.3740343606841344 0.13771264673819417
8 0.7887016275272295 0.8354551286402125 0.3837170612921568 0.329089742719575
14 0.8141407544486242 0.471752357426472 0.3717184911027515 0.7043965355586169
7 0.5120277450942652 0.5460345814824554 0.1921131986308559 0.22086933499919983
9 0.5879575978325532 0.15078731896806996 0.16654019566510633 0.19959348603572197
3 0.4209610988211364 0.14014570402481188 0.2700471976422728 0.2225126130100681
17 0.4146102115196183 0.8498041239408993 0.08535917984777566 0.09170020802485368
19 0.7742625123572897 0.15611058674737846 0.09821200692008229 0.05353766473347665
20 0.3888555474519924 0.3383613311328198 0.15556820357377177 0.24833056155398303
11 0.7426862015966055 0.2951880121957124 0.2738327253226018 0.3973547474498507
13 0.5039393779843401 0.3323350492555715 0.23474105041774185 0.3414826406713007
1 0.4426463923187961 0.41648756128665954 0.06788251977166357 0.13147248796891198
16 0.895425211729583 0.8239675594871313 0.20914957654083394 0.35206488102573746
12 0.6172298982502952 0.471510638470787 0.15218853558899426 0.23968149710021494
10 0.6783543765386464 0.8402054058181476 0.22163355536065782 0.3195891883637048
5 0.45478422535978275 0.9151240127303595 0.1796768656270503 0.16975197453928104
18 0.33471978167184263 0.7586564453768064 0.2770213923187961 0.3997538119036188