10 0.5315099155505006 0.46367153330747113 0.149190869581383 0.2446422185929902
17 0.5758103552841081 0.6051683108812302 0.06511034684397003 0.09221910707384187
2 0.48671738589300545 0.28042305856195565 0.18783155832640724 0.38796689415027
14 0.36846738197585377 0.797046608265626 0.35231055239490827 0.3684933612292843
15 0.15640773376273973 0.9371816943370471 0.11846083992388783 0.05442124243012027
8 0.5253792737631773 0.6221536270453935 0.2709623933073793 0.4073967943564438
0 0.6535799392393158 0.08546055725738627 0.08079369665368966 0.17092111451477254
9 0.6399087114824372 0.21462868522086362 0.05525518577927464 0.1264453466692529
16 0.34662557958094553 0.4670720658419713 0.30348573323126715 0.4524646812266982
4 0.3902641971479812 0.17952860504443136 0.29615339429596244 0.3590572100888627
3 0.6017587485543062 0.4539354545160657 0.1568998933073793 0.39498234061334897
6 0.5422298982502951 0.3527659842158567 0.014890170950527092 0.02861388242494769
20 0.6446572198853943 0.26741356320050486 0.08283104053191011 0.26441292848861025
19 0.5410454471479812 0.1703453104947448 0.2602158942959624 0.3406906209894896
7 0.6614507890490354 0.1757044672399293 0.007141337946721471 0.02984691070738421