10 0.17752532561418533 0.6584455065587207 0.2483084340192331 0.368897495853309
12 0.8535613252184738 0.8140213651467114 0.21326819279472176 0.2645213221763427
5 0.8450467608870597 0.2748157425022938 0.19687030298213629 0.22801282677461263
2 0.2798764019532865 0.29350660937825407 0.281286070070895 0.4502478199901024
8 0.0931302228821113 0.35479817804944686 0.1862604457642226 0.3362369772344396
0 0.6751551803913234 0.8036061374965203 0.3502059031404208 0.31985356550472704
16 0.1280507921615835 0.07472704281623416 0.24702341567683303 0.14945408563246831
18 0.8833865321989606 0.5196752887107831 0.218223780416594 0.4916046555096761
4 0.3757237625364123 0.1378629835673708 0.30792747492717537 0.2757259671347416
3 0.28962920585985946 0.9189521996089923 0.20553459765100213 0.12461044022249036
6 0.17661238031218113 0.8790058827082882 0.2684270542357774 0.21845190562257077
11 0.6238824662181937 0.18626222674703316 0.3214611260225322 0.2179974566551195
20 0.4710132496707956 0.7929090939258502 0.320047041699365 0.3676699080346005
19 0.4783102387837359 0.4585340939258502 0.3484688730530312 0.6691984682636892