9 0.214378058163551 0.8025941869455839 0.17130334913967832 0.24296254687883873
10 0.4547621636479411 0.8353676681137077 0.2588760720123153 0.2677873416055817
6 0.9894074127641783 0.01682905094939476 0.020530668617910662 0.03365810189878952
11 0.10406727205919748 0.8482813541164537 0.09294199980360826 0.18151183730138978
5 0.3889210785534188 0.1751109592085295 0.16683401775758916 0.2925255043041919
13 0.8938762232654204 0.2456915349091011 0.21108398750696827 0.4111879016675633
4 0.3563721989667277 0.14142673002443398 0.30288060206654455 0.28285346004886797
19 0.8007104679026671 0.8364326913522753 0.32889768052176727 0.2076763135586191
7 0.8506716448101974 0.15412813313903834 0.29523172852997775 0.3082562662780767
3 0.19551196701890447 0.5608837189606031 0.39102393403780894 0.6615658954121273
8 0.565647205016852 0.15349017275403495 0.25620558996629617 0.3069803455080699
18 0.6703528857350112 0.13998516895404617 0.24359650565734087 0.27997033790809234
0 0.12221082240509873 0.10091788646760816 0.19620335518980253 0.20183577293521632
2 0.4994489915139889 0.4376114445127774 0.28171465007475477 0.49066020695393403
20 0.5663354679026673 0.8582848200846223 0.09764768052176756 0.18611554654270346
15 0.11444831938003663 0.39866745692114997 0.22889663876007327 0.47766508615770015
17 0.29307120560602706 0.6651018107014683 0.23259537314378348 0.329894100349249