0 0.6084067717116488 0.40883391159824145 0.26797004448624284 0.2892993601812966
4 0.7524140982896638 0.4560518262379638 0.09946939528454557 0.39438211347481483
8 0.7369959812169198 0.14173431762611197 0.20100803756616054 0.24351277507518543
14 0.5036369945627925 0.05003730926842649 0.155226010874415 0.07350203191425943
7 0.4663837563886096 0.5013932907781486 0.1692195266917457 0.173841462765278
9 0.16384102962031416 0.34498998188884283 0.1674952006080223 0.21957781585546315
3 0.13594547577971222 0.5939474442750002 0.27189095155942444 0.5753948885500004
17 0.6494005503433797 0.7562674189435192 0.06941584486680377 0.0750017418943519
19 0.1577488330038056 0.20593916894564834 0.3154976660076112 0.4035450045579633
20 0.2875199742596564 0.6991601323442133 0.15576452174882985 0.14220354179268543
11 0.370606977262587 0.15538762917777818 0.1367837114824372 0.2873095233024075
13 0.3022748354380825 0.5234094064069911 0.20802204152049333 0.2687067355614817
1 0.36715573612265456 0.62656039336213 0.10647017589344294 0.061582171478796494
16 0.6775055760837233 0.06690229115726928 0.13248884783255335 0.09569134675731496
6 0.9229162351712524 0.12248039703263992 0.1447925296574951 0.19181562082009274
12 0.4262282830803553 0.33123707725250046 0.18981586958138302 0.23484001089083353
10 0.6667378779471591 0.26571515412588037 0.1900997124710205 0.2952081874359261
2 0.8545164036503217 0.10888849835004727 0.06596719269935676 0.16647444807472228
5 0.6910442222824901 0.7241948287711119 0.06817167984777565 0.08536991843944458
18 0.5250770295831331 0.8731158528360188 0.2800243755128822 0.2537682943279625