19 0.21065358748961094 0.568171203263079 0.4018250741437381 0.4988424065261581
13 0.32061222482831014 0.3917337224147015 0.26085788144438116 0.3237024628388903
4 0.359709147298893 0.9382877402359564 0.3042020217488298 0.12342451952808725
5 0.4095513439154016 0.6241457573983976 0.12380886760421675 0.22576719283385155
0 0.2296622085538688 0.8076229225464642 0.29634971247102043 0.3119099575301604
11 0.5057671107213155 0.7376155081576975 0.13983972729976807 0.3932832419427887
12 0.5947540148659286 0.6655472519014352 0.16261669961943923 0.22046736822291327
10 0.7674659560824109 0.8337996727410669 0.13306185079830274 0.1204879156250179
17 0.0685018740671884 0.7878331999435303 0.0761061966536896 0.19504364903364432
20 0.5975846072240933 0.19709032907262228 0.11296420950527093 0.27896313670935186
7 0.15140189878176774 0.941838403488958 0.18644151878308035 0.1163231930220841
3 0.89453125 0.3475923497428448 0.2109375 0.5726309471009328
9 0.1706493058921304 0.8913716454317469 0.13331651878308032 0.12882124895835148
14 0.6667682777175099 0.7399649856865265 0.42816208106382037 0.5200700286269472
6 0.5066226620904596 0.5360782063943953 0.21560373125410076 0.42410757868978716
1 0.83462700939154 0.12404940596146075 0.11300401878308017 0.12724382442270593
18 0.7342993345238614 0.5901308903176194 0.3691744002274614 0.4505822662149088
16 0.3066439308363588 0.11318403119356618 0.31303319368794014 0.19473738206580568
8 0.8747187460828485 0.5688205252260227 0.20122821345960357 0.3107581962475166