11 0.37454950634471185 0.28520664181153077 0.09107042759490129 0.10278632110215709
7 0.11346708148028503 0.13734312828374945 0.10842155405833438 0.1404196463686582
20 0.9670445159108775 0.7564851506512568 0.06072946350286301 0.3108772448600339
12 0.3061893500234411 0.5534354612242993 0.2122828731437834 0.30996959796766443
14 0.6300035790443982 0.6451620357770339 0.5406089028052292 0.7096759284459322
1 0.9321074762904825 0.34786698606676214 0.12423745159900648 0.1842908511563864
19 0.1997454699457707 0.32238475461625477 0.3994909398915414 0.41143617589917625
17 0.06055570491865605 0.08797269867214012 0.001571590359079611 0.002095453812106148
18 0.16242221106697613 0.6241832566984267 0.32484442213395226 0.4608665133968534
8 0.7177979739527915 0.9399746611930445 0.07528180113146803 0.06516511631442891
0 0.3911132749860637 0.7843332728320913 0.2753282946885605 0.4313334543358174
9 0.7701625090751862 0.04035039603500205 0.20342498184962743 0.07032566224046707
3 0.33431993696467516 0.19426650936343734 0.43136012607064966 0.38666646499585977
6 0.8371797539088248 0.7961041509131125 0.2592487767345798 0.33116654566418263
2 0.45861945843469754 0.5348255412379829 0.19772040339440444 0.19527718032537583
10 0.2221951033430908 0.823626409182673 0.22141243344863373 0.2537923208403015