11 0.5230637535160414 0.38660950057972815 0.007848861436318444 0.009183638384230263
7 0.5520735008837627 0.7176683108812303 0.17469196955298721 0.30637677212991105
12 0.47685637402754616 0.4176679670466866 0.28423059601642037 0.3557810428424678
14 0.19140625 0.259375 0.3828125 0.51875
19 0.6729814194034778 0.5681152797640846 0.44891124043383446 0.5153041155779694
17 0.6902502117543472 0.7265762448136884 0.07548178903121965 0.11857959515527697
16 0.2518654643866258 0.44007341917918397 0.15376132513557322 0.1624993123309127
15 0.13895237392935034 0.36802784241718906 0.0800420240041051 0.08992311151914834
18 0.751310952482769 0.5127372292551156 0.49508732454639814 0.7181525515398381
8 0.33561024707313375 0.06045978362966297 0.1381545058537325 0.12091956725932594
13 0.49870812724900004 0.5995770823990855 0.0063136325135573655 0.015263577374050877
0 0.5028654038853838 0.22281102322507398 0.43176919222923243 0.44562204645014797
3 0.3885109706331417 0.6209413836167318 0.36046688485124834 0.6472773046644115
2 0.34582506352630416 0.20287145574017754 0.2714851563212706 0.2981705547610328
10 0.7601143016224474 0.2855029865512952 0.3804430415653027 0.5710059731025904