20 0.31656221675617063 0.5704615908810821 0.3205337437799636 0.6715032575477486
18 0.5434223671402834 0.7725269233814821 0.23783635119776694 0.45494615323703586
5 0.5198166915414 0.5546836459362237 0.17297491180407362 0.3225101527023886
7 0.14179899140511437 0.8552083333333333 0.22775094301173798 0.28958333333333336
2 0.2091878872666714 0.8827031012463036 0.17767569990914298 0.2345937975073928
11 0.6350908887370095 0.6960215012648813 0.0531869549975255 0.12572716570007145
17 0.37205970149102263 0.8699992291872448 0.2875353787873868 0.2600015416255104
4 0.4240991570543751 0.7525189195151022 0.08113489258219672 0.20325301466354945
3 0.7042215897778062 0.3958971770628509 0.2787689676606817 0.5988066185423145
16 0.2775506264125376 0.5084184168826406 0.42644955110690985 0.7133302500823121
12 0.44514424016191895 0.5554394323791233 0.12345959068231735 0.369383922548549
15 0.5372586555840371 0.9697810467567718 0.13846935775648764 0.060437906486456444
14 0.7126538082314575 0.13529156378545917 0.24044129353213642 0.1384210329261555