20 0.15528404850897734 0.8652423047104632 0.01636198439616776 0.019234901215740764
17 0.9133764252601992 0.10552278963652881 0.1013721494796016 0.1571245640826853
18 0.7249137115562463 0.24359944541236192 0.32829757688750744 0.45131620085990776
5 0.145751834012055 0.17243612018680574 0.2516864099950512 0.24918263551064843
12 0.1744368402320914 0.8157756960477781 0.14422139077317436 0.13556562082009266
0 0.47585765660414925 0.47053121175074136 0.3875840456798429 0.4906103353581486
3 0.18844726707417028 0.7542151567882408 0.37689453414834057 0.49156968642351845
4 0.3951443244011165 0.23545136309356526 0.4378363511977669 0.45887717603675976
7 0.45511686793325284 0.12258942907611162 0.32726626413349424 0.22655865146777815
16 0.38234891678091454 0.6803885001249541 0.31845118611433304 0.31992073049518555
8 0.48452889247065495 0.6877312697547228 0.23153104025277602 0.29225377380861134
14 0.17473000508838266 0.4909687855868983 0.3494600101767653 0.5569375711737966
11 0.24820180461341282 0.07340766451263916 0.02186835594746528 0.040213704913796326
6 0.6424885566495778 0.5893825467297693 0.26804175033868416 0.3079523799381484
13 0.8891964603130509 0.5813947408776862 0.17053158525525056 0.16967479609861133
19 0.33702204941348846 0.8308655628161112 0.2651557677515388 0.33826887436777753