7 0.46665438316972374 0.548678547188386 0.2504838052100677 0.25819344026085983
19 0.5875489642297517 0.8912597614617949 0.28871155128112636 0.21748047707641024
16 0.8505327694398194 0.7078964713055278 0.268514675350113 0.4175948221237858
2 0.31043861642050075 0.5792114466346756 0.22508569892376143 0.28925717046880856
20 0.873983193756475 0.44034802590131966 0.23806088792272534 0.3485250462655353
1 0.449830872002072 0.1554501788975037 0.24059507485477488 0.15349274932939666
13 0.5112669081911143 0.7520425807062895 0.22359597353086738 0.2912069977359427
4 0.768786271506734 0.44598645279931365 0.4590798250596627 0.6997481924695474
17 0.6687005725829726 0.7090764342930994 0.2737415227450791 0.29964585852098036
9 0.4049999073625449 0.33967928027562594 0.2109504243166555 0.2859722825396832
18 0.27480944727113166 0.20840609191583706 0.37821500702931327 0.39165708615725486
3 0.7903122452469983 0.8720936572043816 0.37119871960192585 0.25581268559123677
8 0.22487575971990967 0.33682608266273006 0.373673056243525 0.39542323462532425
15 0.4639894937992562 0.8044209047865157 0.368035178245597 0.27862306189245867
0 0.6347216406133218 0.4031881780730919 0.3796063407754284 0.6098730618924584
12 0.48299851302967856 0.7088809654485068 0.19128858767505647 0.21367038247815984
11 0.6814105117868243 0.12090890396210399 0.13092897642635143 0.13581399136212668