20 0.5685442028498191 0.24823457714594474 0.03790279172311415 0.05027877101177498
18 0.5125509938955645 0.7954650477463545 0.21933865671569103 0.40906990450729097
5 0.5316871754873418 0.6491126173491784 0.16780273292582973 0.2553908350227218
13 0.42372859057077567 0.512817215971482 0.39982509610938416 0.5550164891963566
8 0.4748395477160079 0.027649019119658128 0.18782090456798425 0.04935900364063268
17 0.6140890762101389 0.16314516340614432 0.3061968475797222 0.31894531667595755
4 0.5836435803940103 0.3014929024124458 0.17791471732199754 0.2742135578953588
0 0.26232966587640333 0.7001727168225127 0.5142085006773686 0.5996545663549746
12 0.5549520143606368 0.3554535209399745 0.13508540818602893 0.17807721259270487
19 0.5044960702172451 0.08831415560116768 0.3003828595655099 0.17102865000929085
14 0.7118250548405554 0.6390481390747198 0.3444006117132165 0.5358422724393079