18 0.8685813636096636 0.09914626961938368 0.24341272721932725 0.19829253923876736
0 0.6734300986335391 0.328401708545124 0.4776885566155727 0.656803417090248
3 0.23966774536031257 0.8329980745206178 0.4074206635169964 0.3299939538804928
4 0.6049082440095502 0.07431295431956841 0.4004414880191005 0.14862590863913683
1 0.6919321058899334 0.5378357354688288 0.022584328130301045 0.02963508601950616
16 0.5287451143274537 0.6801639493553099 0.2700645072563942 0.2599699669497525
8 0.45981655425332 0.8010482796098777 0.09518850362819702 0.12533714822506142
14 0.3685640385594054 0.5 0.7371280771188108 1
6 0.6704936155085802 0.5570541548216684 0.16713791469812272 0.19603921043061684
2 0.012938998818873648 0.10506525768141978 0.022495048093234233 0.08570281797049377
13 0.8179291214990301 0.44163975544981693 0.22738593393541642 0.23629872962641915
19 0.4200571390070431 0.8986778502665442 0.12789187622353532 0.12499811058765407