19 0.7096893447546471 0.5736409205843962 0.5573653584338562 0.7576830915803536
13 0.6460352012679393 0.8072912151920041 0.18318207146044047 0.2654397438507942
2 0.4294961544564426 0.7731423936224353 0.12249687697836453 0.22610751922920116
5 0.5363624666446289 0.2715935889169294 0.14050324852966192 0.24867737372492538
0 0.6944582496613158 0.2786881493706557 0.5923335006773686 0.5573762987413114
11 0.42025718905500914 0.1452615728857996 0.26573562188998173 0.2905231457715992
12 0.3325491491409173 0.12717534633101638 0.23688028154634874 0.25435069266203275
17 0.9406338868164454 0.2032562536504061 0.11103483378491248 0.4065125073008122
20 0.5189714122583589 0.7734401239099368 0.034197937584671226 0.07815731120434724
3 0.21380911521971946 0.6817497571158008 0.4276182304394389 0.6323338191017318
15 0.30575103799352776 0.9122235095322883 0.13838747060135786 0.11565977151202679
14 0.16796875 0.14880046777311595 0.3359375 0.2976009355462319
6 0.4313363726829513 0.46896018643051474 0.4026845024863908 0.7026289333457183
1 0.3800693645423509 0.7636107582160576 0.0363203595655099 0.1717494456441301
18 0.17785832711465002 0.4763213961212349 0.35571665422930004 0.5223572077575301
8 0.1870551854369645 0.26953440718572796 0.10640713025772479 0.05432699253456346