0 0.6343006302070376 0.4004762390447514 0.24558306795499957 0.35137569175485006
3 0.3262660803953251 0.719420459059459 0.41814015607953625 0.5384534044640545
6 0.571568309942964 0.6450538899956524 0.19056337728583267 0.3666325106137689
10 0.18897856828430623 0.45199189026883607 0.19167752648462927 0.26503434132780807
4 0.4808112111215279 0.06769397298149378 0.31025257775694415 0.13538794596298756
20 0.49594501041407535 0.8489352023746314 0.1668730161170366 0.2427455158523576
17 0.002364999434352143 0.4761130052385886 0.004729998868704286 0.14777398952282278
2 0.4991819193683337 0.2304306564686855 0.21226342855814767 0.27046243451764285
9 0.707082602261806 0.2517547435943684 0.13818208812453675 0.18494299090076596
18 0.2538297546181484 0.1885131003587462 0.35484049076370316 0.3770262007174924
16 0.4682619844486112 0.01921793162516491 0.16972603110277765 0.03843586325032982
15 0.09040295018828746 0.7389925202653828 0.18080590037657493 0.3011816261359011
5 0.45448669962263966 0.4728507634439633 0.13077969123481453 0.19070782685339355
11 0.13442564373217622 0.2043235497665914 0.23904054203601813 0.29909829280256783
13 0.07143426427868117 0.9116409106708107 0.14286852855736235 0.15417815494813852
1 0.3178908375588889 0.01767402288467702 0.17046832488222216 0.03534804576935404
7 0.013615566258055942 0.6063926771438439 0.027231132516111884 0.14554797904564556