20 0.5297346575674327 0.24119570060574133 0.03612159057054054 0.05106678267462961
18 0.6335040903611435 0.7897595808626624 0.19794961827801832 0.42048083827467525
5 0.6059890583104396 0.6368853054687044 0.15062935442427944 0.2460792677299075
13 0.4661773875084407 0.5441007531643061 0.3486431310982999 0.5081965724403706
8 0.376018844499482 0.04080429584444486 0.18782963978475226 0.05993699113398169
17 0.5483711875512219 0.14916622897444506 0.28111737510244394 0.27302061448722253
4 0.5594243116202084 0.2868601894607413 0.16705487510244374 0.26948083561231495
3 0.7059699034290942 0.9963507536080328 0.001853598428423453 0.007298492783934307
0 0.3654069077723204 0.7560092912864815 0.45779980727698233 0.487981417427037
12 0.5467274125298314 0.34785786663912094 0.12947779238978613 0.17674738627101866
19 0.41831766046291674 0.0899817056720375 0.2897603209258335 0.16299186879314848
14 0.7743901478475229 0.5651116404477323 0.2872689834556647 0.4938054576989818