18 0.8904561191739659 0.24581369774142228 0.21624698491686295 0.3503642780222503
0 0.6526561983711752 0.46271385647463614 0.48779347502950576 0.6559527945234239
3 0.1645495470141224 0.8333333333333334 0.3290990940282448 0.3333333333333333
4 0.6516228481387442 0.13882096253298884 0.39675430372251164 0.22721766408001956
1 0.6234500275683843 0.6909467405304518 0.021623627723940865 0.026103561267369457
16 0.43939210182191496 0.7645178011139784 0.2650672611478647 0.21175362717291435
8 0.34853787285713683 0.8535988880597231 0.09318155347041017 0.11308713571584784
14 0.353125 0.5 0.70625 1
6 0.5994115940282448 0.7011317339398974 0.16477233020561535 0.17098893282591898
2 0.04912591485070612 0.0193831251709607 0.05487317029858776 0.036219570494145745
13 0.7627910330162659 0.6483745567531308 0.22400521857321784 0.20121317130484234
19 0.2891521651796823 0.9339690938906142 0.1368987024816745 0.1320618122187715