20 0.5641069100337038 0.34791666666666665 0.23200449980360816 0.17291666666666666
18 0.8305893863241863 0.6885416666666667 0.3346578428931625 0.42291666666666666
5 0.7791546722321481 0.48020833333333335 0.1478749394987581 0.22916666666666666
13 0.6459553110904173 0.7479166666666667 0.16346357806243947 0.22083333333333333
7 0.27894611485416404 0.3489583333333333 0.17276585518980256 0.20416666666666666
2 0.3798950156162898 0.4895833333333333 0.16074764422102222 0.3145833333333333
8 0.430430305040293 0.725 0.1521170119038567 0.12708333333333333
9 0.8293627087292851 0.790625 0.09587610226293641 0.12916666666666668
10 0.26978876259122775 0.478125 0.18210449375348406 0.19583333333333333
17 0.4907779734618122 0.5020833333333333 0.16032039734428025 0.21666666666666667
4 0.6293268681738138 0.6197916666666666 0.2701953670936593 0.33125
6 0.8178979679026671 0.9114583333333334 0.05021816861791075 0.05
0 0.7252791967272325 0.83125 0.2528260599120669 0.28958333333333336
16 0.4441307533196497 0.2708333333333333 0.2655714996072165 0.3458333333333333
12 0.6607137444408552 0.409375 0.16647040339440444 0.19375
15 0.9064973804704539 0.8385416666666666 0.1804601805217672 0.17708333333333334
19 0.39029618443059244 0.6125 0.32951582493918147 0.31875
14 0.8098102954741273 0.25833333333333336 0.3803794090517453 0.5166666666666667