11 0.37468287919390764 0.25932195989865237 0.09421360831306051 0.11280097241038015
7 0.11001587031511306 0.1392321988545565 0.1131272347764936 0.15161116689245618
20 0.9786209454506863 0.6702477792884537 0.042758109098627275 0.30941630333168374
12 0.3117975806947181 0.5335901243790789 0.2122828731437834 0.3230730212566887
14 0.637937899878363 0.5931171619196746 0.5578509449597069 0.7637599200947491
1 0.9326953670936593 0.2661770073902238 0.127371541958086 0.19426047942067987
19 0.1983112767345796 0.3154096246048683 0.39547716822512735 0.42334741745693
17 0.05589599687674203 0.09404067465719175 0.001571590359079611 0.002192516206839675
18 0.16838392398066399 0.620718282074995 0.3332771500747548 0.4877301025166766
8 0.7313935049699698 0.8773003723828007 0.0768533914905479 0.07201662746847717
0 0.4018463846548566 0.7534083672558843 0.28628397540671974 0.45737128297815316
9 0.7634130602066544 0.007061564149990137 0.201826120413309 0.014123128299980274
3 0.3305147226762452 0.18543438414009256 0.42352944535249043 0.3708687682801851
6 0.8479446798343965 0.7232783235364921 0.2623919574527388 0.3515668732088914
2 0.4640413367448423 0.5000281275455444 0.194559041958086 0.19895534298145232
10 0.23330091773414807 0.8120751175945686 0.241861288834828 0.30014749585330897