17 0.06767199916682078 0.7072459339666265 0.038669016091543384 0.054594539423978954
18 0.290563559926698 0.5317118686876887 0.44454621958162405 0.6101834614791791
0 0.5139957060879707 0.4711432767993565 0.42960963443233025 0.5925341489509554
3 0.8164444548274631 0.3581533928850535 0.3671110903450739 0.716306785770107
4 0.6018720365456875 0.7263737569744723 0.5167711448238904 0.5031426051544959
7 0.43615919125693503 0.9156855721405152 0.18569683540139542 0.1271393637865619
16 0.6649744259985709 0.16416288029625842 0.3518238519971419 0.32832576059251684
9 0.5066702531020931 0.14021855457623228 0.21118814431968733 0.28043710915246456
8 0.4448972367584482 0.007708522162552926 0.07885697351689647 0.015417044325105852
14 0.8137886204344739 0.7296242183049291 0.3724227591310524 0.4281691813646347
6 0.2947551251260508 0.02967055819427688 0.07951253737886681 0.05934111638855376