11 0.4886963571148758 0.43150781226243107 0.008103598428423453 0.008393935727197406
7 0.616371785155585 0.7116912101304226 0.17061652274507894 0.27833174264693433
12 0.4541736538478881 0.48072067564999366 0.29423811331561966 0.32927713999121444
14 0.15404964516143577 0.4029606790287707 0.30809929032287153 0.6482453086091252
19 0.6856034363128769 0.5184980576461763 0.4665926104201354 0.4784906978865732
17 0.7504407241545491 0.6523336963407858 0.07565927956950454 0.10889087535688305
16 0.24650024090377207 0.612504671223794 0.16505141935425688 0.16373628883482805
15 0.11792147663574841 0.604129610722552 0.085869033498446 0.08814238537495953
18 0.7397323182397463 0.42227080875272616 0.5142767473094036 0.680889163668
8 0.19526749648534333 0.1786447915716391 0.14187078453190333 0.21562569450779617
13 0.5300747202256076 0.6332154107538069 0.006759422249741043 0.014631815248424591
0 0.4012777479330854 0.253421257222138 0.4536945041338292 0.506842514444276
3 0.43187050661953774 0.6943774868650022 0.40235463606069877 0.6071240634872356
2 0.26411804218489837 0.35410467525721023 0.29990591645877274 0.31265895523963905
10 0.681964821754403 0.24597739006301486 0.39857035649119404 0.4919547801260297