20 0.4625682688047922 0.8986793825579422 0.18165134992375012 0.13065453942499705
18 0.3726251080918752 0.3192305261290278 0.20981794319798636 0.49328132393470675
5 0.36646994633211843 0.5942939183838828 0.1361583183886112 0.20508523928514275
13 0.5743869766329863 0.2654536027475457 0.21446515634451407 0.22339518396267763
2 0.6479057035503131 0.8455183808920758 0.2266014804327085 0.20382477511108305
11 0.2799615633546181 0.09305268519659621 0.07867312670923621 0.18610537039319242
8 0.806652003134132 0.44377816926816555 0.386695993731736 0.46045758894789196
9 0.4870648953265972 0.04177175988192405 0.0710047906531944 0.0835435197638481
10 0.7673655247887159 0.9190161977623313 0.03768183795590278 0.014205440111883405
17 0.5048999327487506 0.813009146871856 0.2281289192622918 0.2913247751110833
4 0.48383797786725735 0.5031294691406962 0.17893031268902798 0.42153187829057687
3 0.19758874050069467 0.33482813554003943 0.24924411910979197 0.5180612962734742
0 0.6061974082443751 0.10693870372652574 0.24989481648875014 0.21387740745305148
16 0.47388762851218813 0.9194493236364207 0.12151263050895836 0.08090564813673733
12 0.4164900897588547 0.7248956854639198 0.12402199430041674 0.22465564813673708
15 0.40374324905006953 0.01820932060297385 0.12623649810013898 0.0364186412059477
19 0.7667920289696877 0.7139023377343605 0.46641594206062464 0.46642539918564435
14 0.15744305128986164 0.8147219679067776 0.24131990349472243 0.3321710329261554
1 0.18200468056454905 0.6525843206029739 0.04956489532659729 0.06947716570007169