7 0.25907010718899887 0.4017462452623376 0.18613296884459274 0.34239276469630864
12 0.22184860040605212 0.9341817437437375 0.17419656847545245 0.13163651251252492
5 0.369693133868586 0.13953835040165835 0.14504928901808825 0.20013994368726784
4 0.9006289466408258 0.611538160228542 0.15828976866002265 0.24890599279620507
19 0.1498429063861199 0.613479052428486 0.2996858127722398 0.36862477152363865
17 0.24227143584348418 0.2781118102033485 0.22129041640826924 0.26417627341870376
16 0.793754790254706 0.3878543007280238 0.31589961443337095 0.418887999623535
15 0.8462442304171267 0.764147949761668 0.26005013263196836 0.4228530803966197
18 0.10067661628829754 0.8761630070155625 0.20135323257659507 0.24767398596887513
13 0.6302801804448134 0.16709385533392343 0.19881463911037328 0.2499775085341625
9 0.8029867813122908 0.8810274480548356 0.1908624367663349 0.21407548047191274
3 0.4591819262827602 0.5291608344754685 0.46994197408637994 0.7089752976908236
2 0.3370835741878903 0.9809344313629753 0.08904151603912895 0.03813113727404935