19 0.7103644274134988 0.573310542809351 0.4477397520143473 0.5529666068877783
13 0.6081055435348407 0.783972272925416 0.24048171444818678 0.30925987132629656
4 0.49234135030401116 0.10234567426611092 0.34718270060802237 0.20469134853222185
2 0.26183006281221266 0.916709060158009 0.2093351907221906 0.15843553925953724
5 0.49903299657713995 0.49020064070615693 0.16832287155854928 0.24666114918879647
0 0.6503023834215476 0.29678571682129556 0.31633856030357366 0.39070557370694475
11 0.36896881178644836 0.37954500722032375 0.15941739825029516 0.4149747380946298
12 0.27853215418179417 0.4396975910598608 0.17986786661563353 0.21579907016138905
10 0.05918795209089709 0.22233391426060178 0.11188187056996624 0.23866550481212975
17 0.8593418023949082 0.30489561892448974 0.17243736859280007 0.2280566195535187
20 0.35285696942828365 0.8502822312576849 0.15853137749004845 0.2838217183377779
7 0.6904140943725121 0.06055429850680523 0.19020318874502423 0.12110859701361046
3 0.07916214285026871 0.9015248259880555 0.07154603064607841 0.19578658510611102
9 0.6755331936879401 0.1500310711780548 0.1543585306460784 0.19835656154953718
14 0.19433888490442228 0.3203198323209257 0.3854944199991249 0.5593603353581486
6 0.40701393433358096 0.6265161165162958 0.27143723718559976 0.45383420339305575
18 0.1881193542955249 0.6541623119307868 0.341598545474826 0.2978283958952782
8 0.02393749608284835 0.5018166376646759 0.020498183802108362 0.1088667246706482