7 0.3869501139347921 0.6749875468177243 0.2970720148871962 0.3342847470714316
16 0.6018559840748373 0.8264023998979337 0.21302665467194845 0.34719520020413247
5 0.42305866439185813 0.07912767396585134 0.15236732878371625 0.12056448618462291
2 0.21244241955914464 0.7018958307218989 0.31263285649119404 0.5118774163743199
20 0.512025042594674 0.7285688037502002 0.029071069892376046 0.028611341241998645
14 0.7775131095915659 0.8933820843590976 0.30233740363849115 0.21323583128180487
1 0.3340968258882322 0.2780736469445779 0.17337334160399784 0.1861664914570665
13 0.3986454009478948 0.9294955896067537 0.2538228209258334 0.1410088207864926
4 0.64887641749223 0.471922622609101 0.30459772456432466 0.4157894150562091
17 0.48821086103930805 0.824868211811965 0.29006003556536053 0.3502635763760701
9 0.29235458974197104 0.4671087444352097 0.20808228949430205 0.3315293886939911
18 0.26223678846084475 0.20762940517037734 0.4682235769216895 0.4122027945234239
3 0.730021679483942 0.9190222991120246 0.3098202638537389 0.16195540177595072
8 0.18813366252983132 0.3408424940932883 0.37422963606069864 0.6233516548532433
6 0.6198203101724665 0.37677194869282443 0.28301382299274813 0.4229342977939138
0 0.5124145326698766 0.5164932503914961 0.3421748072769823 0.5093236469445779
10 0.6528127084342742 0.7185429546243235 0.1154538337461151 0.22460736364988396
12 0.3883756809316842 0.8497328788329468 0.27853603060296184 0.2501025204555063
11 0.5437414995857152 0.23020115092369797 0.19281685442427943 0.2516836074012509