19 0.3650641181017888 0.23043889123040676 0.3729967637964224 0.45229570887110654
4 0.5732724898570256 0.6229026753193686 0.42835819399035024 0.6243654426368553
5 0.5426731006519183 0.5127821985880593 0.05100912094116268 0.07824700432854784
0 0.371212932225818 0.35770404815674234 0.3970888287312306 0.5028411796501133
11 0.7294855336885154 0.6890573295387142 0.15673301542127546 0.1598501071414449
12 0.7350633778443167 0.6808512727204825 0.10586026217486459 0.09201976947956372
17 0.14202208441656872 0.1950304031372086 0.283778530842551 0.3190092846294812
7 0.2575480783307841 0.5634554864694434 0.35303881980277685 0.47890630086263386
3 0.8402066197266418 0.5290846774814457 0.31195016964062106 0.44254415151235543
9 0.3165197037361735 0.4762593143909936 0.12742734496658023 0.1883258441547029
15 0.7088259805215348 0.4166186764004072 0.055451159090609534 0.05960609848434923
14 0.8099349184293956 0.8117998105985713 0.36414786931630944 0.3729472186114376
6 0.6142577743530244 0.47693679328437993 0.24451720779006791 0.422230468612536
18 0.8070259269508122 0.5564460183908362 0.3194899342511178 0.4218926417720245
16 0.4057669845787245 0.1657411915547183 0.12284893912238157 0.19655008333223492
8 0.9379996428618504 0.9387764155757423 0.041061376623205345 0.034278816016945275