11 0.04995233151332941 0.25397034849160866 0.09990466302665882 0.24960736364988403
3 0.6047054095235012 0.7995542846128049 0.44205892273873443 0.40089143077439027
7 0.20776483151332942 0.07608583731245339 0.23491687606301595 0.09789539792076742
2 0.06962697378720284 0.13094579776912643 0.13925394757440568 0.1660582622049195
14 0.15505467757052635 0.6132073801262703 0.3101093551410527 0.48474809358587384
6 0.747608968327191 0.2590494361955582 0.44853206334561796 0.4583367852966476
17 0.4696769631570434 0.898746063598851 0.15506962152108805 0.20250787280229807
10 0.06647040969267892 0.4134921324205706 0.13294081938535784 0.2186509315078079
4 0.4876766325617979 0.5229324789845877 0.3527418469752808 0.2164225402271697
16 0.3227218280101717 0.7334482141434464 0.19572631455356593 0.29717738342154737
0 0.37720087347794207 0.266098888059723 0.3862232530441158 0.5089381001764284
13 0.739558254831792 0.6338142181473538 0.2167404451585096 0.25886739001210207
12 0.2410242574168658 0.2754226278319699 0.174010811219586 0.27315715548751135
8 0.4786054240673686 0.861535223674963 0.26476335697722053 0.2769295526500739
1 0.16962761847697225 0.2893109413936397 0.12716776212797157 0.24569536496799493
20 0.6993795360455589 0.5731039836227633 0.2570778869830395 0.4853105085925082
15 0.9437840139156478 0.8957411687677699 0.01728283697334092 0.1296760026362217
18 0.8742836833204022 0.5073569204030147 0.22949476304605554 0.5689444993657318
9 0.8842477121182732 0.1525535837744042 0.1877545757634536 0.21784093809836247
5 0.24287418665438212 0.4500600757913767 0.17614739606689528 0.23174515680562233
19 0.9080212124081374 0.6220640429377536 0.1337045466757182 0.327030254296254