20 0.4283636468046014 0.9447909789975794 0.191893022737413 0.11041804200484127
18 0.39296738589300545 0.3739566141606149 0.27972458106382037 0.5412403107203153
5 0.36214976190017917 0.6394967555727971 0.16625103558899426 0.24234622303829673
13 0.5970328033834914 0.4013579093223573 0.24201503954332698 0.2755091515269071
2 0.6161037273369491 0.9359258181935738 0.24453786167271757 0.1281483636128525
11 0.32458084733826165 0.12357423476361905 0.1022866946765233 0.18762711596445492
8 0.7973445266917457 0.6685125988276126 0.4053109466165086 0.5348195620410486
9 0.5333191773763177 0.12552907679432268 0.08851335475263547 0.1445999612163532
17 0.47831988444731166 0.8677713755637453 0.2607305474519924 0.2644572488725094
4 0.4862120030029306 0.5969366668922371 0.2224267342198502 0.44987150869737036
3 0.21847938045579798 0.32070484203070365 0.31011241802195866 0.5673881365803902
0 0.647520940227899 0.2189384390221484 0.2619747124710205 0.31713321698239294
16 0.43859815125322565 0.9751267721299113 0.1276740138401644 0.04974645574017747
12 0.39932345113949497 0.7857763701198974 0.1348737015966055 0.23477833616804275
15 0.45408000494291584 0.08056769295202033 0.13003500988583175 0.07644500283470919
19 0.7391274614824372 0.8084173323347918 0.5217450770351256 0.3831653353304162
14 0.14127087060714727 0.7753396062685433 0.24612421939110263 0.3590125458704198
1 0.17402767939066513 0.6242127371795151 0.0552896778706093 0.07661540767943223