7 0.8584054665374662 0.8445242415109732 0.16846580505721712 0.2590156788240743
12 0.6260072833148757 0.40541884181597293 0.3306630212809164 0.4200662008599078
14 0.2265625 0.3330727342949077 0.453125 0.6661454685898154
1 0.04039925277777717 0.7069297326492131 0.08079850555555435 0.15969279863175956
19 0.8342634669988914 0.61426654710889 0.29562668722776025 0.437700928063704
18 0.8221208197120701 0.39481344034606575 0.34554514651162904 0.5349404749226856
8 0.38557205043373866 0.36144453963865786 0.17828089605020364 0.30092479609861134
0 0.5350794995385747 0.24611396415680617 0.41421600092285066 0.4705043538484263
3 0.6698726950996663 0.7471226762909262 0.598369757862681 0.5057546474181476
6 0.09168924737910635 0.17602003444740752 0.18224650524178732 0.3509732862201853
2 0.4574494455610917 0.5264175358389358 0.34711004163898185 0.37273141565213
10 0.7290693314322624 0.2145782491104175 0.1733931369509051 0.29661265906722245