0 0.1274341093252731 0.38125 0.2548682186505462 0.44583333333333336
3 0.3400693746419557 0.24270833333333333 0.3526555693825433 0.48333333333333334
6 0.12152845997772829 0.21875 0.23890105736790748 0.33958333333333335
10 0.4846626172820024 0.5041666666666667 0.19284312269254417 0.25416666666666665
4 0.3213882685789586 0.8614583333333333 0.4102306173615441 0.27708333333333335
20 0.16927616398790965 0.11875 0.07460110534690849 0.13333333333333333
17 0.7172296692791389 0.5322916666666667 0.16449994668999893 0.22916666666666666
2 0.21386776460059392 0.6489583333333333 0.29019083736472584 0.30833333333333335
9 0.05031653130968291 0.5802083333333333 0.10063306261936582 0.23125
18 0.5007314179265034 0.721875 0.3310532893857248 0.5145833333333333
16 0.2864132845719589 0.9302083333333333 0.2621556493475447 0.13958333333333334
15 0.5850091573042742 0.28541666666666665 0.2786715346912715 0.24166666666666667
12 0.5259934052355499 0.9604166666666667 0.13194089067472703 0.07916666666666666
19 0.7222235152371408 0.9447916666666667 0.15365225867281787 0.06041666666666667
5 0.2565381646244565 0.41458333333333336 0.15199994668999892 0.22916666666666666
11 0.6082893792568671 0.7510416666666667 0.15741470003181668 0.3125
14 0.6784784413192279 0.13854166666666667 0.28366811736154424 0.27708333333333335
13 0.46527900732018246 0.12916666666666668 0.13915450135263546 0.18958333333333333
1 0.4480593092377771 0.9385416666666667 0.15732269867918128 0.12291666666666666
8 0.7796944012969562 0.3572916666666667 0.17456583736472578 0.30833333333333335
7 0.6503881619589564 0.403125 0.16391814401654461 0.1625