7 0.25939953528804754 0.4263943524808491 0.2235487773710892 0.38622811849772665
12 0.3292729465706862 0.9191248326559649 0.19162497334499945 0.12790364390110628
5 0.3158511719844098 0.13096087667821382 0.15496131468808994 0.22111658827028757
4 0.9127336206238201 0.35679757802186735 0.1695874360279987 0.28668256746517795
19 0.18468244064291017 0.6765359799493262 0.36936488128582035 0.47192804010134753
17 0.21975632729950156 0.3167331071920138 0.2558885626989076 0.33435429217469304
16 0.7736631246419556 0.21374165159148079 0.34458853071290696 0.42748330318296157
15 0.8714444546069572 0.525206741296279 0.2508930747135434 0.4776675606806678
18 0.17714737257323157 0.9047701628228325 0.2592488253500901 0.18259850746187875
13 0.5716199139879097 0.1027547090313218 0.23176017202418073 0.2055094180626436
9 0.8781388025939124 0.6527858269287473 0.20679653469127146 0.25596962309599663
3 0.4776950019494114 0.4631920835232954 0.5112145987428146 0.7831827348092131
2 0.45241954523395905 0.9438327189822976 0.08791817067154532 0.05403090758302132