20 0.16791385509004528 0.7116629288669707 0.01699201036759259 0.021075751113939133
17 0.980487873845463 0.20775343448976571 0.039024252309074116 0.25486967823042384
18 0.8116086091425458 0.3075253269680066 0.3363242280870363 0.46308472183320953
5 0.250643840433611 0.08029244976660659 0.2544126808672219 0.16058489953321317
12 0.19266028539161942 0.671655364417577 0.1584166756834257 0.1543863022490896
0 0.5344883260135178 0.44633657235309515 0.39692953741786974 0.48275590939951213
3 0.2172310584358787 0.6170523457458196 0.3852497436384252 0.4950619751750274
4 0.4898225005656478 0.19995005686400116 0.4296450011312956 0.3999001137280023
7 0.5622060570217591 0.1115409901867289 0.34003711404351816 0.2230819803734578
16 0.41502400947263796 0.616069094154488 0.303571933741944 0.27318624538508846
8 0.5141251822813416 0.6604115581370948 0.2509349492933329 0.30358778315296786
14 0.21274117365717543 0.3460129572989713 0.41563987266768443 0.5538074187353907
6 0.682182115174814 0.6233942043284901 0.26743894410953645 0.29343777604496757
13 0.920729685179305 0.7061677873966133 0.15854062964139004 0.15453175291745325
19 0.3459308398214803 0.7787637581689116 0.2727114959474994 0.3975802009335737