7 0.33327849563739914 0.6328826811683727 0.2974205752619368 0.33017459613457706
16 0.540364739937416 0.7641150498618672 0.2293696977900975 0.39750960675203684
5 0.40737010358662573 0.03989890197035793 0.14463479282674854 0.07979780394071587
2 0.15571087051134835 0.6954311335780355 0.2842864267548756 0.49514249791670256
20 0.45609328276416444 0.6648421199233755 0.02965464901126431 0.03135079294679125
14 0.7139772025585491 0.8066535904366419 0.3203446230323637 0.29253270838357653
1 0.3046553769676362 0.24399656882525705 0.16433528763096844 0.1663007015562466
13 0.32866813324869704 0.8988213057416646 0.25597648441265974 0.16304311547443195
4 0.6094142967620209 0.38216782887164935 0.2850733945717888 0.3914611926456191
17 0.4257395112247394 0.7688668988390416 0.2859039210548923 0.34795387334341066
9 0.2515253871070948 0.4410834284198915 0.19898307526193681 0.3225301541541417
18 0.240625 0.20766596141440644 0.48125 0.41533192282881287
3 0.6644635216162996 0.8457711377446304 0.3119422611478647 0.22133535400355603
8 0.1722356329197209 0.33340622127256636 0.3444712658394418 0.6290208907882007
6 0.5860967650831371 0.29268528848510716 0.27544702229572965 0.41561181020334864
0 0.46958161841766144 0.4521601094000319 0.3310521661112139 0.4966993750502432
10 0.5980294104881052 0.6289214885227535 0.12753441015912906 0.23606251915162252
12 0.3241006015698134 0.8078826811683728 0.27008254307885 0.22430916458336914
11 0.5184172282084735 0.1589262918987721 0.19203395273377613 0.2493708067896835