17 0.5350492211609446 0.18815135718204173 0.2391182665005543 0.3042262308475243
18 0.4710008058324095 0.4665574509497122 0.3760336829088235 0.5579630257628155
5 0.05220404765596154 0.1516567363594473 0.10440809531192308 0.1716865272811054
0 0.4190995419527489 0.5895369565747258 0.32030531461794104 0.5013228045904834
3 0.23700083590808263 0.7778207178530259 0.32325103947951356 0.43286381100291466
4 0.2193579626799548 0.4637235015182898 0.341176623994095 0.6436442356851205
10 0.47913798504060523 0.08288686691377928 0.13234902991878955 0.16577373382755856
7 0.19113853485603507 0.1750627948022006 0.2929441733480995 0.32128311868652315
16 0.503858866445181 0.8371096905153751 0.3507171005537103 0.29071434627128667
9 0.4136343846437784 0.8329959501622946 0.01975129549649317 0.021706352570627037
15 0.04390737970653284 0.980191782821301 0.08781475941306569 0.03539684137714497
14 0.18203244756367648 0.5663425592301708 0.36406489512735296 0.8423148815396583
11 0.03881337368955317 0.22091599758120195 0.07762674737910634 0.10400133817092942
6 0.697749766352896 0.8738126976586785 0.10091975478036197 0.12110451445624287
13 0.8232003493263178 0.858617569410054 0.1436684592838688 0.10230822600992819