0 0.1470110518617361 0.26823912930037447 0.2940221037234722 0.47763474223687746
3 0.39383765292604156 0.26203052709065233 0.35294969414791694 0.47508348324964306
6 0.18746167277767353 0.15712074607012808 0.24695165444465292 0.2992761232444706
10 0.48033427811666635 0.553229096186146 0.17907317021222244 0.2523801664734239
4 0.250151896373437 0.8256153107203154 0.4012027433504863 0.29111216325222933
20 0.2547595819719791 0.06842997516432871 0.06548083605604171 0.08822250141735459
17 0.6972113471708676 0.6843293042779259 0.16486519984750014 0.24251628404847617
2 0.19121657351951354 0.569769506474717 0.2945176386770835 0.34396128688318534
9 0.04809004825263879 0.42740198283082986 0.09618009650527758 0.23813729899499309
18 0.4507707986338884 0.7489151304117011 0.3244259570656947 0.5021697391765978
16 0.19806141309093694 0.8882332376787858 0.26926175911805567 0.22353352464242845
15 0.6209255233670137 0.39111113174859824 0.2872857137152085 0.28703104284246783
12 0.42622147426135354 0.979952382231705 0.13110583605604167 0.04009523553658999
5 0.2785380016155206 0.36532610385264724 0.13488675911805573 0.22261845818840129
11 0.5488439695117009 0.8394228051636822 0.1601426386770836 0.32115438967263565
14 0.7459820343849304 0.26696092104767966 0.2839438145888892 0.3636041931452631
13 0.5375707755512151 0.18896441235030928 0.13125261284152784 0.19311166950137584
1 0.3559278112673258 0.9431966140478296 0.15363545269729179 0.11360677190434079
8 0.7935252623490969 0.5476579648886889 0.15669033035645868 0.31024591798739987
7 0.6591684461446873 0.5319910513465954 0.1653366721120836 0.18018634505865555