7 0.9038598708928681 0.4654569025435827 0.13769067394668255 0.272550241156296
12 0.5774880448395506 0.24704027194395212 0.3360640142540035 0.44668800842012263
14 0.1993782466660201 0.4114583333333333 0.3987564933320402 0.8229166666666666
1 0.08062927816965118 0.9156660818094449 0.16125855633930236 0.1562736090482711
19 0.8355079678681492 0.2769270404010516 0.3093420175879832 0.4663238502045671
18 0.7780936937813838 0.19557740402098842 0.42506261243723226 0.39115480804197683
8 0.3394621442307274 0.3720237438889516 0.1953117263722767 0.32684628953839456
0 0.4394776039331047 0.20742388250061763 0.4022947921337906 0.41484776500123527
3 0.708994038920497 0.5823030031407427 0.5389014560785335 0.6937424423506158
6 0.04438798666408045 0.38166742243160506 0.0887759733281609 0.4199984884701233
2 0.4556773334701834 0.462924035374816 0.34330268728260194 0.3875472180965424
10 0.616294937572466 0.08495202613851921 0.17366012485506807 0.16990405227703842