7 0.4764515743863276 0.25831859794822365 0.11836684697528099 0.20038946753149744
12 0.5334035918051331 0.44942688366313704 0.17557331121958591 0.2682925346305796
14 0.7805662789185572 0.7193229128863271 0.3745843803150798 0.43519266558123443
19 0.3241717262030988 0.311791428574567 0.35870428879981064 0.4306623517285632
17 0.3735337395390184 0.21910654978708757 0.04119882697140156 0.06128941991307754
15 0.7600788225501599 0.8883092835572302 0.04942591515269079 0.04275760822468015
18 0.3112093405971852 0.30822305627771246 0.41080840698691884 0.6164461125554249
8 0.5983759190663988 0.8535859123436109 0.2002226248550679 0.23766073484678713
0 0.5013409066485631 0.6290844740309098 0.37538134789336475 0.5246669047587663
3 0.5636011458977175 0.38943368344692936 0.21272210910325243 0.4418274015134539
6 0.7053435251255353 0.9031055330156124 0.07806109818322877 0.05174550649282186
2 0.6439270193756595 0.6320071022789684 0.07697683030538141 0.08500611038895418
10 0.36348957559427564 0.40865351840182046 0.3436214227387344 0.41366840259449245