20 0.24528280644841285 0.89375 0.017915246071058634 0.020833333333333332
17 0.8854858897847523 0.05416666666666667 0.11159677956950453 0.10833333333333334
18 0.7225942456567738 0.221875 0.3795634913135476 0.44375
5 0.13763704879992694 0.20520833333333333 0.25099322745980873 0.2520833333333333
12 0.2567810785743193 0.8427083333333333 0.15382282092583344 0.15416666666666667
0 0.5065626389561828 0.45625 0.4068195041338292 0.5083333333333333
3 0.24456786889719084 0.7614583333333333 0.43385288502724134 0.47708333333333336
4 0.3950878298171736 0.23958333333333334 0.4620506596343472 0.4791666666666667
7 0.4387050891227985 0.12395833333333334 0.339910178245597 0.24791666666666667
16 0.4432193846129566 0.678125 0.3139684164587727 0.3104166666666667
8 0.5452720361845331 0.6697916666666667 0.2319906703877141 0.28958333333333336
14 0.199625588294229 0.5260416666666666 0.3819308200972639 0.55625
11 0.22756638192686945 0.09583333333333334 0.023330492142117177 0.041666666666666664
6 0.6879261089723935 0.5489583333333333 0.2865711625298314 0.33125
13 0.922602803969468 0.5052083333333334 0.15479439206106385 0.16666666666666666
19 0.4229326174494489 0.8354166666666667 0.2646233879227254 0.32916666666666666