7 0.48553700331964966 0.23303581465229203 0.10083631303532492 0.1994324489959978
12 0.5589330758229443 0.4158138147464083 0.16052038524403187 0.2748767155873715
14 0.817980302015231 0.6497773133219245 0.35983965007475477 0.49237027323047117
19 0.3376353136245 0.300752477622945 0.32994307181592364 0.44214813993478436
17 0.379446084603543 0.204828625043873 0.0377636204133089 0.06332883504016582
15 0.8211093263139236 0.8275989624496849 0.050190897540672005 0.04763289116466562
18 0.32437224434265927 0.31264237376693377 0.39335210772388535 0.6252847475338675
8 0.6571740913410382 0.8111730324170772 0.18696471057599667 0.24985616818526685
0 0.5417405097625574 0.5972962217431476 0.34756690905174514 0.5434828837726381
3 0.5841921510567134 0.3544973691640755 0.18939988504764002 0.4499775085341625
6 0.7686973986208265 0.8472888641376942 0.07680793969514958 0.06219567709589408
2 0.6847092597625574 0.586193579819182 0.07853406615858276 0.09981701744478996
10 0.3856546571068376 0.3928242601405086 0.3315237525340827 0.4464361469503468