18 0.5417657931142748 0.8143203745578587 0.23903774046617113 0.37135925088428273
5 0.6583184422881189 0.16677713197194552 0.2109970421027846 0.20208825394869218
12 0.4226661405666876 0.34140862850655085 0.03272321996293304 0.059407311204347245
0 0.48046373848243656 0.5571771836953541 0.22148316351699643 0.3049609150831124
3 0.4384846027250724 0.24587548576839838 0.3105307945498552 0.4323935208950675
4 0.5997891465571374 0.4574798345982145 0.21592762268015625 0.4498470550551416
10 0.5651263928441222 0.9687716912944524 0.19200893992586607 0.062456617411095296
7 0.6537499602594682 0.46084286309238026 0.20587801088459123 0.36364106058738793
16 0.4069096765942043 0.49439130347158716 0.1915972560752678 0.35388693721209846
9 0.4865376344914198 0.6841660437233249 0.08833830290255769 0.10034927247862176
8 0.41557037006344955 0.7020620935135435 0.14219247840045365 0.19305883596579462
14 0.5085714134321784 0.2017799037512958 0.25785717313564327 0.32525848963477844
11 0.7568253749575911 0.29370506005274094 0.2377083642426358 0.3294562373519527
6 0.44815963685367255 0.886534416466174 0.09824407095872498 0.226931167067652
19 0.2895684091710091 0.45851412034184286 0.21208831614940155 0.24375492061535883