7 0.5112283008391257 0.5074907094207233 0.2664807954405411 0.2664029262677554
19 0.5694365002237146 0.8810218924782409 0.30604020290907386 0.2379562150435182
16 0.8529986358974158 0.7916824365053912 0.2940027282051684 0.41663512698921773
2 0.35355751079716946 0.48006653161466395 0.26487167386477967 0.3204968676002404
20 0.8962382278041832 0.555411754827023 0.20752354439163376 0.36187263293017985
1 0.5566895531142109 0.12624143921066208 0.2500969336130419 0.170399900487998
13 0.5247491170255911 0.7179316178654506 0.26835187137526867 0.3267953511563616
4 0.7909694647319285 0.5278186143644783 0.41806107053614294 0.6837255805219358
17 0.6849529112167324 0.7349876125609642 0.29060537967363853 0.30632564449393695
9 0.4837750392167637 0.2853854125291476 0.2470921780139646 0.3098135413749072
18 0.37720388527271587 0.16820893873326964 0.41690777054543177 0.33118165340545125
3 0.7840317964894481 0.8915847396032099 0.4268496103776066 0.2168305207935802
8 0.30733001577154695 0.2160400293867854 0.39089064482048547 0.3953043929556333
15 0.4696122537481996 0.7503801262995722 0.39299667386477954 0.32248469340120894
0 0.6996386827878494 0.43027623567787315 0.43840795270858113 0.6270877120729664
12 0.5030983373565971 0.6665990498620568 0.20954371120744356 0.22597113070230132
11 0.7932549377622269 0.1684193725864177 0.16053752614450917 0.18774387736048356