7 0.9082074398212004 0.7210848970508332 0.12764367080279088 0.23814585248495584
12 0.5957449166922915 0.382001086941601 0.30404191585911244 0.3970839434990354
14 0.18862545742535305 0.3938488488830583 0.3772509148507061 0.7543643644327833
1 0.06365921835955364 0.8896934279493105 0.12731843671910728 0.13664867349399684
19 0.8458052648310357 0.5049652339860641 0.2839150861577 0.42871851194782745
18 0.8093100259789004 0.3034083568525235 0.37825494804219917 0.5065895855171172
8 0.3527872383479321 0.4227503433860959 0.17143722946898113 0.3017173682229133
0 0.4691602733810104 0.2529371572854581 0.3835544532379792 0.45927962059492955
3 0.7110157295458558 0.7338764488077653 0.5329531557196535 0.5322471023844694
6 0.05190135358662575 0.31362191221135294 0.1038027071732515 0.41474382442270585
2 0.4580049800500589 0.5553845116654788 0.3280914210548925 0.3512300627635973
10 0.6520381113802959 0.17614495705957917 0.15217377723940828 0.2607992910517261