7 0.7766595114128774 0.6255272558016515 0.26856014422102226 0.3374128706533786
19 0.9632732014026146 0.4384229837455429 0.06132838544042372 0.09479006991509802
16 0.5094573341125637 0.24137289121447203 0.3814146682251273 0.42827530741971337
5 0.25203273701598883 0.8451857978589895 0.1746101563212707 0.28356917334809945
2 0.9306192618056608 0.6919361093884614 0.13876147638867842 0.38284887929125183
20 0.27351983411256364 0.2212134752184087 0.1868010841125637 0.21380388854435897
1 0.5499611769075302 0.7540187898363498 0.11161018657189174 0.16364559736680254
13 0.9216937136992549 0.5005768260243664 0.15661257260149028 0.30723411268610856
4 0.2635231862773041 0.43590393275501504 0.5000293546006274 0.7653715957179787
17 0.7327953610435349 0.41664750564784303 0.23245901775758923 0.29684223113079944
9 0.7074555143397436 0.6945862358557917 0.19484084308955402 0.26655475220868774
18 0.593434441836449 0.8400721961732504 0.37810786104353494 0.3198556076534994
3 0.77594994252382 0.28392734216808435 0.42377488504764005 0.47146330454042223
8 0.8580282069617595 0.8275945861572549 0.2483839996072164 0.3448108276854903
6 0.04807947257804935 0.28004684865263946 0.09523172852997769 0.34759369730527895
0 0.49447827048806364 0.5670544108527148 0.40358055971567525 0.4968110590131673
10 0.24197894262201594 0.15187668722776015 0.23522949375348406 0.21585924326319758
12 0.8887958970496926 0.551806359234653 0.15730448165323557 0.2550172732865761
11 0.15107824931262895 0.6178914096222473 0.2979567527304745 0.27328281924449466