20 0.684375 0.8733431311721136 0.20625 0.19918654494356408
18 0.2484375 0.5925991617725253 0.496875 0.685635009788283
5 0.36328125 0.8487102522774347 0.2140625 0.26413363629243636
13 0.51015625 0.1908299349186341 0.259375 0.34541009944922946
7 0.91875 0.8061803907059423 0.10625 0.27786377567799764
2 0.8515625 0.6499337096395781 0.2171875 0.4580291394986519
8 0.7984375 0.16282393081191024 0.209375 0.28474871481644626
9 0.21015625 0.1297817363594473 0.2046875 0.2595634727188946
10 0.9296875 0.4504627961508544 0.140625 0.34404764427970264
17 0.7234375 0.6923576744277516 0.24375 0.3675992500848181
4 0.49921875 0.5600891961403888 0.48125 0.6369908270905381
3 0.03046875 0.7464980104060643 0.0609375 0.223670645854538
0 0.3625 0.10292657048019821 0.35 0.20585314096039642
16 0.78359375 0.8718484043747677 0.3109375 0.19781090235178692
12 0.51328125 0.8500594317124185 0.2578125 0.26408734784612165
15 0.10546875 0.1567460296433581 0.1640625 0.3134920592867162
19 0.815625 0.313065329844391 0.36875 0.6067527116667759