7 0.31124702417555505 0.3791261958601038 0.19857136691824023 0.353255474971229
12 0.2923751958064802 0.913069915216774 0.1876352839774998 0.17386016956645184
5 0.4117569976909258 0.13679944620973963 0.1516389953818516 0.20571670152601218
4 0.9357597171537961 0.6908994816346948 0.12848056569240782 0.27026895380883786
19 0.20178242422282328 0.5677754160497074 0.3576333000945365 0.4355508320994147
17 0.2898320624883793 0.253826005264923 0.24277113477870332 0.29356597400463397
16 0.8346770878417129 0.45178728467433416 0.3306458243165743 0.46616936985854535
15 0.8844654840011339 0.8063297735943599 0.2310690319977322 0.38734045281128027
18 0.159875762630184 0.8398225919813388 0.2287086347787033 0.29214518396267763
13 0.673660966870972 0.20154679587248894 0.20886502648462937 0.2735841305734026
9 0.8722192292183321 0.9167936769137077 0.1962092016024073 0.16641264617258453
3 0.5157184936384251 0.5384427242206079 0.5320836618289805 0.7760216570007167
2 0.41097822431735975 0.9743644579580228 0.08746033524981467 0.05127108408395434