20 0.5741879277615911 0.39186816278669606 0.22529210064862326 0.1538058406077307
18 0.805915620133679 0.7859788960179631 0.30647173701106134 0.3913836403540235
5 0.7743634314150392 0.568486330796261 0.12928985389503395 0.2152093689223276
13 0.6156900405883742 0.8048315093011384 0.1415716655834313 0.19922181688173451
7 0.29198908238797383 0.3296281943717829 0.16021257142762996 0.19190715548751136
2 0.37742993019722315 0.49167366342096414 0.11782624837514692 0.29369692096292066
8 0.4047349496789837 0.734995671988685 0.14832049756436802 0.11839626352303038
9 0.7928741034945875 0.8863838927226858 0.08908186525911983 0.12558713571584784
10 0.2699992597425279 0.4566496331044135 0.17904439204448097 0.19917582742662165
17 0.48642310065191835 0.526782583065774 0.16221144805083548 0.22532537814910386
4 0.6111446367727705 0.6742836186547684 0.23479556006354407 0.2833969539156932
6 0.7694445117744181 0.990919384434918 0.047420470779006865 0.01816123113016393
0 0.6862559107187579 0.8898963047139961 0.22509327759614006 0.22020739057200794
16 0.462956147322782 0.28888113115203445 0.247922851459402 0.3319927352084335
12 0.6638174435899037 0.47283341049239563 0.15859552434972918 0.18765559949258553
15 0.8834076002481765 0.9412686667162414 0.2112023271096728 0.11746266656751723
19 0.37580715462967795 0.6156319967542975 0.3064796452908919 0.27271852968228266
14 0.8426436473227821 0.3095092379190173 0.31471270535443596 0.5438065310003934