11 0.5099082633086918 0.4183365462922177 0.006504667984777513 0.008624339745764568
7 0.5388158774156864 0.7488094228811892 0.16946887749004844 0.2866600817867708
12 0.46373625886006753 0.4485713427823442 0.27134971247102035 0.3018056026554451
14 0.1796875 0.25833333333333336 0.359375 0.5166666666666667
19 0.6595514831569049 0.6017227617829909 0.4692672421285156 0.4982540498377053
17 0.6773372079480341 0.7600428635379276 0.06880834980971962 0.1072222339971944
16 0.23848159087528997 0.4673809069632018 0.16089769072219057 0.1593584936441142
15 0.12605718673067684 0.393561483124959 0.08210684585538688 0.08287699842516479
18 0.7477664075674733 0.5487267144771742 0.4874044298849567 0.632242147599009
8 0.32186307114080753 0.07108132607693919 0.13752385771838496 0.14216265215387838
13 0.485477313194961 0.6306315230612909 0.006632001977166268 0.012791006412431234
0 0.4888357124338394 0.2309159799187434 0.44107857513232124 0.4618319598374868
3 0.37568847771969754 0.649265801945504 0.3538915929268184 0.6031415946681787
2 0.3322673774528674 0.23209319299071846 0.2768993755128822 0.27917994240120964
10 0.7469572771488562 0.3199238058260466 0.3846667490485979 0.5380027116667759