17 0.5336422732336409 0.9913482852718601 0.18786362667090906 0.017303429456279672
18 0.5282655245862764 0.8005340566787688 0.2677351293761799 0.39893188664246254
5 0.6957386666534097 0.16806897373693147 0.2174794960216353 0.224214727299768
12 0.44749097597072857 0.31194812653864634 0.034884077339272325 0.060200898555035444
0 0.4885506859484569 0.5330325830657741 0.23394083736472576 0.32089695391569323
3 0.4715920946451374 0.23717979979586748 0.3474408107097252 0.44159231888368816
4 0.6159131646244564 0.4482419519881017 0.23038058004454348 0.44980895259758236
10 0.5378303339035954 0.9590990632693231 0.19311474801081766 0.0818018734613536
7 0.6689745299570473 0.4584198558155807 0.23134309603754383 0.38114384192584155
16 0.42038248862191113 0.46263078595570306 0.19829423870145302 0.35227783269906515
9 0.48588821526895754 0.6589893604041814 0.08833634134309047 0.10058713571584785
8 0.41311378660091214 0.6685836733067958 0.1469670013526354 0.1974780408614379
14 0.5455204906508644 0.18491959822404933 0.2620840186982713 0.324508295157692
11 0.7844369926400467 0.30420011011183484 0.23550333736472578 0.3209818432439524
6 0.4317445132479585 0.8623955679074986 0.1067419906906352 0.2411042516600323
19 0.30513929662636546 0.41259897566452314 0.21933289735836253 0.25763294996136044