20 0.8007169978219218 0.801603971810079 0.18362615690134448 0.2645301809130558
18 0.29351460009177754 0.6857737818492056 0.45607077289474657 0.5955912694091327
5 0.4742597979010642 0.8651027838096562 0.1982509465556454 0.21978867631478566
13 0.44785614146193814 0.19300498869428714 0.23274561850068456 0.299164849991752
7 0.9760409774344577 0.5905307688858987 0.047918045131084594 0.27081561585990743
2 0.890590525402029 0.4740013003193528 0.18114967775102714 0.437010116085697
8 0.7172533476510021 0.08885304914916534 0.20013169530200425 0.17770609829833067
9 0.14325120948776918 0.25393357379810916 0.19635347743445783 0.27582031056777295
10 0.927819948865072 0.24572581411416267 0.14436010226985588 0.32901319010959557
17 0.7784375178801817 0.5694716500853153 0.22910379295300629 0.34675396803789954
4 0.5306305036944167 0.544014210765983 0.470496985747728 0.6132405819373564
3 0.0951178671805364 0.9166342220716959 0.11903480799670108 0.1643295326394688
0 0.2683755784506722 0.11923174468582783 0.3255408722616083 0.23846348937165565
16 0.8772374160725445 0.7809063975603908 0.24552516785491107 0.2890668732088914
12 0.6254131209414601 0.8357620450795415 0.2287568004748536 0.25936315091140616
15 0.04488190564770318 0.2639370948290083 0.08803617524374449 0.45962581034198347
19 0.80546875 0.21302974822951135 0.3890625 0.4260594964590227