7 0.3973973465663966 0.2682998687434334 0.21734166542531544 0.19151687252541597
19 0.5398546360606986 0.5840412221350265 0.43563370884855884 0.49957917409983804
16 0.6657322394515208 0.6938962883796009 0.06214043507002245 0.08147018140221576
5 0.37682582733597425 0.1720916756405661 0.13122007485477488 0.1382434568485829
2 0.2495377353176916 0.20102075129797922 0.199216711744043 0.3426909237262956
14 0.8858648411897132 0.8445421799080463 0.22827031762057368 0.2530852965598572
13 0.42467263006484257 0.3548602772065647 0.21479886228216233 0.20806230157442204
4 0.6152976300648426 0.34746478252927526 0.1863827638537389 0.19863782968214447
17 0.5297432737785364 0.38416245975268704 0.04527826674922295 0.045447326647246676
9 0.3039555616202085 0.25836502120216615 0.06229029238978612 0.17509894378455534
18 0.2776220399085868 0.1172153672913814 0.28961907981717355 0.2344307345827628
3 0.8093901941662505 0.6632890485628037 0.35420823448912203 0.6254118062808414
8 0.1623609129441161 0.12996585809801237 0.2997218258882322 0.25993171619602473
15 0.24031690074300704 0.384960272719615 0.4163742865988179 0.4842684150605418
0 0.5138057506191726 0.3086360529610773 0.183184989246633 0.19643325873115058
12 0.4033947894943021 0.30561801231694274 0.1700642510334573 0.1335089270693389