19 0.6557731861953402 0.6270206268434255 0.4319183903170195 0.51453049533204
13 0.534488633310704 0.8292560570940996 0.265082092433353 0.3343386683545925
4 0.482621439239456 0.12797958510607715 0.35038212152108805 0.22613101293795312
2 0.17721852512553538 0.9238525248623073 0.21750597758022466 0.15229495027538534
5 0.4526639037736252 0.5277249544951998 0.16728257909743344 0.23837965710456524
0 0.6212380448395507 0.3464948239408679 0.3126904160707745 0.37394846484471883
11 0.33311642044352463 0.4072487413101341 0.18644665152690712 0.42416008178677084
12 0.23742141210857487 0.46024806339344004 0.19827748758216437 0.23566802250005475
10 0.046620037422684814 0.2262863846327832 0.09324007484536963 0.23173943593223303
17 0.8289389745361089 0.37079049628909355 0.18096244182452992 0.2327844215325354
20 0.2736947834604851 0.8695800497246147 0.15108349425012416 0.26083990055077066
7 0.6825097399980603 0.10072432956588152 0.19435552000387943 0.14615744076982912
3 0.01594489589771741 0.9035615096186469 0.03188979179543482 0.1928769807627063
9 0.6598537478739681 0.20204377106658286 0.1636793469752808 0.20497357216812404
14 0.17933681363548198 0.3365641859605057 0.35867362727096397 0.5481283719210114
6 0.3484072252850149 0.656584064237403 0.2801647006185215 0.45345242637013145
18 0.15370758832622122 0.6662268822705305 0.30741517665244245 0.3240476796046198