11 0.3654233633036378 0.32597450877645145 0.09627611067790856 0.11930319901782115
7 0.09935401531668259 0.1729380820215759 0.11375451201463568 0.15423902179152654
20 0.9664200525939124 0.8052696675725735 0.05741470003181668 0.3175988300375477
12 0.3060103586091844 0.593573824118247 0.2278362880330894 0.3459780435830531
14 0.6335808279360484 0.644586936978368 0.5783657360757237 0.7108261260432639
1 0.9207193906349559 0.3975557205387805 0.13926358935390795 0.21490324885631024
19 0.19866421932686393 0.36232430942249494 0.39732843865372786 0.4704819521783232
17 0.04427616398790964 0.12297474488825376 0.0015806813335454528 0.002229014191548965
18 0.16458811664545553 0.6634316780666331 0.32917623329091106 0.49353002279993274
8 0.7310445319064588 0.975413686002746 0.07558180267345413 0.04917262799450792
0 0.40014961525304915 0.801215901331428 0.2740033107097252 0.39756819733714416
9 0.7489733019971364 0.09797897151440257 0.20517839600572713 0.07533419242624971
3 0.3208653886457737 0.23529143055486437 0.4426442227084526 0.45135298782526334
6 0.8456439285885036 0.833131444914481 0.2638828760343621 0.3337371101710379
2 0.45783648794559345 0.5774965340318315 0.2001829080203627 0.21850146899338707
10 0.23172633191441303 0.8528224453018661 0.24785788669636225 0.29435510939626774