20 0.2921608244694441 0.5598539758219963 0.36817856990722275 0.7109989328815755
18 0.5288048796559371 0.6798305691076058 0.23601676728618096 0.4697990242721199
5 0.4911990429343052 0.46533775502001107 0.16468466831236128 0.31654338225403816
7 0.13141877374826333 0.8740106738704616 0.25400043502986125 0.2485811224899945
2 0.20678179644968692 0.8920840002823487 0.17035148043270842 0.19423341733185046
11 0.6143624795796871 0.5608388604416805 0.05210932028847228 0.12471622449799895
9 0.481199261780416 0.9487924287022402 0.03168641109416655 0.027426806977915892
17 0.36610289827329806 0.8381012882027584 0.29524368407993073 0.28715263822795195
4 0.40987304170003436 0.6994691022903531 0.0957878915268751 0.21340908058485203
3 0.662877287234722 0.27128148805217245 0.296120425530556 0.5425629761043449
16 0.2508643304533677 0.5120884985755162 0.4276626726807643 0.7218598661396158
12 0.4181245656357288 0.494938414576999 0.12976546086541685 0.37208588756276817
15 0.5374862825819786 0.8976098463164394 0.1442604526972918 0.12979197174951765
14 0.653905596789618 0.02404246700548508 0.24218880642076393 0.04808493401097016