19 0.7181590162812008 0.5650677002227982 0.44415495024782725 0.5369381720740563
13 0.6265933932595652 0.7819783755465607 0.26622694482076026 0.33922441774660683
4 0.47785940637700663 0.10900898701435648 0.3557188127540133 0.21801797402871295
2 0.28878353403273954 0.9212104312793602 0.2197946008590826 0.15081529978159552
5 0.5042735786965297 0.4949769372338595 0.1785764586155702 0.25392738960884886
0 0.6456311618040735 0.2915041066075162 0.34277615671569084 0.42010022618749476
11 0.3688473337849124 0.39178157359629756 0.19647436680159913 0.43126527597238545
12 0.28076083559393467 0.45847406060845713 0.19823386137453225 0.23773346428398814
10 0.05694712008095948 0.2551590584419864 0.1029213613745322 0.23551521644936055
17 0.8542658553816385 0.2876910833410224 0.17603131275401332 0.22889102489024848
20 0.37456722580128216 0.8556141580117679 0.17635221732199752 0.27677132683831474
7 0.6736322518090223 0.0578740427515497 0.19413950361804452 0.1157480855030994
3 0.10251848541222057 0.9172044994594807 0.07669969810012063 0.16413641233702048
9 0.663295617367426 0.1440836358285094 0.1626305540475858 0.2056834404747782
14 0.19656954206179833 0.34574532792374696 0.3875707575747735 0.5668426774858394
6 0.41835376809022307 0.6366876066053193 0.2689225768875074 0.44752138636133953
18 0.20255834972742887 0.6771589691574491 0.35792312188998177 0.3288699361440336
8 0.031201248868346233 0.5351802959957637 0.024570632066747096 0.10880607467513931