7 0.37798086262939856 0.23602274715156454 0.21956878916129607 0.20016278617557623
19 0.475132098821436 0.5531916312417114 0.45046464052814733 0.5256413034715872
16 0.58425423765264 0.6642683808920757 0.06470634043361105 0.08724889128825973
5 0.3711929118754632 0.13840627108007883 0.13898317049962933 0.154769508164708
2 0.2412614040997688 0.1749981547692404 0.22112987210203655 0.3499963095384808
14 0.7890504614508347 0.795686866362188 0.27183391819055525 0.2633899518756479
13 0.3932648185671302 0.3224332287552968 0.22970520678620332 0.23636878064332975
4 0.582220011828195 0.3167942298555536 0.20117010367592555 0.22727720055941714
17 0.4929428983503247 0.3527180345610594 0.04675742280870363 0.05025356901941957
9 0.2870920224786115 0.22554514853772245 0.08519378916129608 0.18658634799688284
18 0.2817489945333798 0.10395971922300848 0.29587701093324037 0.20791943844601696
3 0.73141220164889 0.6214618837918607 0.39093239858666584 0.6355197510489072
8 0.16795033468416684 0.13014494107847843 0.3265993306316663 0.26028988215695686
15 0.20885316345423624 0.35163589708782994 0.4177063269084725 0.4958742556145587
0 0.48706333671041707 0.2767397601492476 0.19083819641861086 0.21174667386477966
12 0.3786452439677319 0.2732070160311298 0.18144407257314796 0.16319854495724354