17 0.6064541547132668 0.9736525433328281 0.18883700692008212 0.04520445745273894
18 0.5787854580595772 0.7842388967023143 0.26604940022746143 0.42488018422786406
5 0.6744999342964 0.10625258770040556 0.22173703163466155 0.20167262607064967
12 0.4449463799615064 0.2914100530890489 0.03453150889724856 0.05650453005422926
0 0.5092529135733344 0.5034615953744545 0.21621654349765967 0.27661202367678567
3 0.4584876151327588 0.1998781007044756 0.3169752302655176 0.3997562014089512
4 0.6255371467674203 0.39628437874833344 0.21936540121604473 0.43076656986467937
10 0.6063122332684481 0.9434381497601083 0.1891208498097196 0.10560900364063268
7 0.6794752302655176 0.39690788889733764 0.2090062213682689 0.347372634137482
16 0.4340327376798914 0.4456979245434438 0.1994402203796859 0.34104991126484496
9 0.519354766843095 0.6294547801260298 0.08873884783255317 0.09233329299917206
8 0.448897686805039 0.6508395952435265 0.14297536167271763 0.1802332687986753
14 0.5265545242202878 0.15160387991401064 0.2687340484405755 0.3032077598280213
11 0.7765346195813831 0.223197330871051 0.23898288144438115 0.3059483770462717
6 0.48750388345872864 0.8401683985226306 0.10719437056996632 0.23619237730812728
19 0.3159220662350727 0.4163986271180722 0.2163783695813831 0.23079081082222502