20 0.5854358473824395 0.4203950978261337 0.24442697921687967 0.20075948799120294
18 0.7050445989719234 0.823532623207104 0.37747941585911227 0.35293475358579207
5 0.7300113840050017 0.663987288113573 0.1605654314464527 0.23700878683887297
13 0.5185443702592468 0.8300954857033901 0.16572282500983526 0.21641792874086055
7 0.3333648850134079 0.2561353994892318 0.2028621920901143 0.24072882801062281
2 0.3729140680493443 0.44241989196738446 0.17565483590559855 0.3165997851673513
8 0.3359664530627522 0.684188633763849 0.1671325056999832 0.15409978516735143
9 0.6663484497085574 0.9525254490185898 0.10321211733238052 0.09494910196282026
10 0.2797539299338433 0.36782819248657617 0.19686356436617353 0.21554697158413205
17 0.46685545616484536 0.5170419008526078 0.19581451659574647 0.25500906729980505
4 0.5478655195226126 0.7038911250980953 0.2777636391239072 0.33095667440798354
3 0.8717407900536316 0.9885643349161789 0.02024679802252862 0.022871330167642156
0 0.5593771838691157 0.9031156059642723 0.2580195856534969 0.19376878807145534
16 0.5058736695422831 0.280572420602722 0.30571367650277403 0.3881765753492676
12 0.6500667939120293 0.5314562775568279 0.1893788462971587 0.22149387753998084
15 0.745741018766308 0.9881239721117473 0.24324725544788156 0.023752055776505424
19 0.3386158416824563 0.5590370867417734 0.35541874556052455 0.35476032937399876
14 0.8269513580261012 0.4276773704570727 0.3373564324548588 0.6347373343885638