19 0.3192360286863045 0.820979390170167 0.44397821161023054 0.3580412196596662
13 0.28198654374724696 0.6489789288397101 0.23587304573098153 0.31177403286525834
4 0.8329165827699885 0.8909730318079656 0.19035715988879928 0.18174276194725394
2 0.3773933353018773 0.20377854590563244 0.2920883293962454 0.3739287667713134
5 0.5190301867610053 0.7427672418195128 0.1270039880191005 0.20434959746682752
0 0.5113664757837468 0.922199558268638 0.2813641058051154 0.155600883462724
11 0.6619468622589013 0.6650937004350831 0.30306054573098146 0.3164688964260307
12 0.6728248532732266 0.5187100233658616 0.15164188947037935 0.25182067390275586
10 0.9609374668828903 0.3958729730106814 0.0410813569862416 0.07981290517099164
20 0.35649550354337906 0.3442442009637295 0.2659623390148923 0.3887393245883724
3 0.5418501941022175 0.08064938187678504 0.20379961179556502 0.09950125734898399
14 0.797834776957024 0.497181728476282 0.3985466936388814 0.6870572878022126
6 0.47189727033360207 0.5401512822237173 0.3326934820286507 0.31646003768931785
1 0.3871626941022175 0.06984027739965779 0.04037202885594056 0.05272957183765839
18 0.5812251742319516 0.28063609377171556 0.3500496515360968 0.5027501673440351
16 0.1041021682415018 0.4773252849386038 0.2082043364830036 0.387983903210541
8 0.8068824278601486 0.1816113199130351 0.2893601442797028 0.2697621001046468