20 0.953125 0.021600439398133393 0.06875 0.04320087879626679
17 0.0203125 0.665152258658194 0.034375 0.05080002380920992
18 0.26015625 0.5220702743530246 0.3890625 0.5590548149315128
12 0.953125 0.009100439398133396 0.06875 0.018200878796266792
0 0.4875 0.49282087446332523 0.3984375 0.5696896699097823
3 0.821875 0.4069138246828282 0.35625 0.7228744891742366
4 0.546875 0.7674806818231746 0.471875 0.4505654783506704
7 0.3625 0.9321883852846948 0.175 0.12282284848325085
16 0.671875 0.17630967045689208 0.315625 0.35261934091378416
9 0.51484375 0.15989282522115064 0.184375 0.2584577034615202
8 0.46796875 0.012708184525771004 0.0765625 0.025416369051542008
14 0.8 0.8095062640765679 0.4 0.34472603462838264
6 0.31640625 0.02383778219824288 0.075 0.04767556439648576