0 0.6567484071068377 0.4945973824572755 0.25946694535249043 0.4072267333462644
3 0.38737519662903663 0.7551653882876088 0.4022271379745064 0.48966922342478225
6 0.6252069947354426 0.7371145260921109 0.19538626463433104 0.39608756526224315
10 0.2157961541799714 0.5216401775866902 0.18552947560311142 0.2846505325345002
4 0.456626729020957 0.1424511788108021 0.311746541958086 0.21925880769236336
20 0.5750655732888615 0.9077157017298482 0.14792039129415607 0.18456859654030378
17 0.01696426532170224 0.5363307016170629 0.03392853064340448 0.15182806990079242
2 0.49964040993550796 0.31596288709582476 0.21058401775758923 0.29987150869737034
9 0.7113182533196497 0.3483811539751308 0.13989881303532492 0.20680209657263146
18 0.24671539783525956 0.24257967011343182 0.33612034894328663 0.4363930561783874
16 0.4388897831774873 0.08737047719373923 0.16909543364502544 0.09753325576603974
15 0.12154566354974525 0.805271547481017 0.23726469242562417 0.32984587920375313
5 0.48530013310273257 0.5572257018426333 0.12583631303532491 0.20527154748101709
11 0.12935518101274684 0.2694084276833116 0.22784424063022607 0.31840884647601014
13 0.1552707028755526 0.9454717387901124 0.14114315046753823 0.10905652241977534
1 0.289652852459328 0.07529631738827508 0.1674693011314682 0.08277986142252705
7 0.03694392545360194 0.6689198890929074 0.07250223477649362 0.15157280646825153