11 0.10842047998886414 0.10873850250728247 0.1550340400222717 0.21747700501456493
3 0.5813268899188674 0.774052018475414 0.4457328600413616 0.4234051228989583
7 0.31315398066518185 0.010734038972612998 0.22994203866963625 0.021468077945225997
2 0.1552233019971365 0.026670148588074205 0.161428396005727 0.05334029717614841
14 0.16697786732177328 0.468483478050749 0.33395573464354655 0.5088663772318353
6 0.7982540446371832 0.2633308793001785 0.40298283338636126 0.526661758600357
17 0.43692236191123135 0.8546289488877963 0.1613931280235444 0.23743311850068474
10 0.102460286640683 0.25114687314170714 0.18328630935708984 0.2403651151576413
4 0.5135961392823205 0.4809465315394416 0.3569238040260897 0.27001046960446484
16 0.3223978799331849 0.6435200501456493 0.19324311203054406 0.30739549467728955
0 0.44871766864259205 0.23136635339159303 0.3806896627148159 0.46273270678318607
13 0.7400757285964576 0.6606378521168931 0.19426017202418072 0.24495611348611965
12 0.3140432239815463 0.16900500061629123 0.15852266669318063 0.2664785475496908
8 0.45211155724859486 0.8144697368705757 0.24444198535963513 0.2677292487020208
1 0.24303128998250081 0.16238815641806723 0.13344994135899882 0.2571753132750736
20 0.7110154846037756 0.5899146094846676 0.2495305693825431 0.4928504863196812
15 0.9149104545671864 0.9412576173146606 0.047274989337999784 0.04765189759824059
18 0.8853069599379575 0.5748222789667623 0.2237498667249973 0.5814032999029005
9 0.932375053310001 0.19291661898618226 0.13375902402927126 0.29259197994174024
5 0.28910576396404714 0.3417892827487448 0.17234880935708982 0.23994078349582967
19 0.9146757392584579 0.6996818788612393 0.14972946936663475 0.33278150136337603