7 0.795007934866706 0.59304341399302 0.27267145182646946 0.31154680838153276
19 0.9877863977338851 0.44135406980555275 0.02442720453222975 0.08496221769921537
16 0.5805479825811946 0.17906047414504134 0.379845965162389 0.3581209482900827
5 0.24255235668735642 0.7195216998347819 0.15854530788560608 0.2517114910292496
2 0.9344300759929745 0.6922688361252871 0.1311398480140511 0.37188086838483186
20 0.34253792848861025 0.10996819840297746 0.19636430121764636 0.20871691240708096
1 0.5516882406262802 0.6811822327771075 0.11023561151914833 0.14876355344457864
13 0.9403534172787225 0.4976999645739897 0.119293165442555 0.2851540072360893
4 0.305882435615612 0.32876608962773085 0.4677917306243405 0.6575321792554617
17 0.7773107675879833 0.380870962613539 0.23600062818904774 0.27164478516439333
9 0.7168828059287521 0.6497625900820161 0.18851985030926083 0.23306181516604288
18 0.5774372818419868 0.8070099630651181 0.37694436364518025 0.33750287803295104
3 0.8167251143940863 0.2351821347816337 0.3665497712118274 0.4703642695632674
8 0.8477975792666113 0.8017175840519416 0.2362237687959315 0.30070226895755353
6 0.08242947591323474 0.14660204281623415 0.14923395182646948 0.2932040856324683
0 0.5202314622874511 0.48775535202927006 0.3881686481929272 0.4191896095269763
10 0.31989778288075693 0.06264018845200167 0.23042056576151387 0.12528037690400334
12 0.9165482239563808 0.5406133755492663 0.14945735030926102 0.2303322433283846
11 0.17053448016529854 0.47871520805109646 0.29413212152108803 0.2300695838978071