18 0.9055638383822824 0.19437153093546655 0.18887232323543515 0.36519844718226036
0 0.7040660736596426 0.4110977617829909 0.5474762220046131 0.7215609376767042
3 0.22588648715146004 0.776977480706161 0.3838118506293443 0.3918783719210114
4 0.6833704522843739 0.10862429558961817 0.40736590456874777 0.21724859117923634
1 0.6872840832074122 0.6395633755753726 0.023532588382282428 0.030185189110175988
16 0.5074199070675475 0.7137366889405399 0.27864890871793263 0.2415344391949939
8 0.42170847262931294 0.8044146152541262 0.10206125269929238 0.12318784778957621
14 0.39638455083912577 0.5 0.7927691016782515 1
6 0.6643793794731458 0.6500296496219896 0.18264932448483523 0.19758600967519205
13 0.8242153981444778 0.5955884828987777 0.24091211037760657 0.2356217340537399
19 0.36730623777615995 0.8946791761722229 0.1361761435710857 0.14763229812150674