19 0.7067723846687389 0.6643059513371506 0.5609064382620396 0.6713880973256986
13 0.6238735962249852 0.8855513809487601 0.18260886137453233 0.22889723810247986
2 0.41247242876670215 0.8190732762108683 0.14510886137453216 0.23438781498656905
5 0.5447514987568046 0.3366186775885647 0.14864329715018093 0.24482872261078134
0 0.6959421845324533 0.3273716371234755 0.6081156309350935 0.6482709385822633
11 0.4391709633652686 0.15970433645025472 0.2591580732694627 0.3144150356461061
12 0.3515857541838715 0.1413111960662569 0.25620349163225703 0.27898624850066667
17 0.9326642565587207 0.34900561656361145 0.12402615671569102 0.4133363130353248
20 0.5016201379480993 0.8374785370736391 0.032635437584671224 0.0752302890966836
3 0.21216140603832234 0.6839945939342483 0.4243228120766447 0.6179891878684968
15 0.28428547376917657 0.9389490917211486 0.13690685775648764 0.10519690736235673
14 0.1834122862960471 0.14521657793151163 0.3613004274079058 0.29021498724511247
6 0.4307188969932108 0.5139134247926262 0.4221714868825586 0.6863998144628578
1 0.3648128567404348 0.7989058747022441 0.055234133875769406 0.17329240150862404
18 0.1915866344415963 0.46714005984660295 0.3831732688831926 0.5551134530265392
8 0.19983846845365127 0.2641302043949448 0.11207727611928182 0.06959843351409768