11 0.05976535132877294 0.21300493676582158 0.11953070265754588 0.2468432068649765
3 0.630591093252731 0.8162848049887348 0.4127385467059074 0.3674303900225304
7 0.23480171399586386 0.05888672250881772 0.22870680267345422 0.08438235760545328
2 0.08048638399109133 0.09380969814258154 0.1575045120146357 0.1558840348895799
14 0.15784776798218264 0.5842517155873714 0.3156955359643653 0.46850343117474297
6 0.773917663311592 0.2737871498934307 0.3834146733768161 0.4565690381150124
17 0.4962337272438223 0.9037848049887348 0.14402381468808995 0.19243039002253043
10 0.07537162265277336 0.3757373437625608 0.15074324530554672 0.20564135419178828
4 0.5136415926161841 0.5360576589922907 0.343987452020999 0.23282353640818004
16 0.3501319812619578 0.7287072662149089 0.1727487986950896 0.29239276469630887
0 0.4050222126432283 0.2618174942206889 0.3243305747135433 0.4852914381903054
13 0.7649308252705483 0.6764874586722953 0.17841699602163547 0.2262114594252253
12 0.2682216466422739 0.2605752136923065 0.14751244135899882 0.26336798578064263
8 0.5044189445815039 0.8726108857147613 0.236502216024817 0.25477822857047744
1 0.19625573997454665 0.2654102243097664 0.10045562802354438 0.23889444198043527
20 0.7248421746101389 0.6118742762676713 0.18981012404517977 0.4581895015186001
15 0.9797456612428679 0.9503581888554892 0.026109061346272 0.09928362228902164
18 0.9003512519494115 0.5671310620106674 0.19544305338954296 0.5668868558986208
9 0.9091108233211369 0.19047241989846944 0.16615335335772627 0.2523240699673922
5 0.2698285052912292 0.43477622772343144 0.15654199602163538 0.22451269454068404
19 0.9383955972708666 0.6868312373997292 0.11520901869827113 0.31915317178716407