20 0.4931274736249712 0.9555651805887014 0.1843125446422686 0.08886963882259712
18 0.34489984821628644 0.41131868265561605 0.2581899699649326 0.5218722823253908
5 0.3663406513832671 0.6847462076072077 0.14645008035608367 0.21517701847165185
13 0.5404674926963994 0.34423260076852175 0.22323076866768635 0.2365982928025679
2 0.6736740901019068 0.8993337718482136 0.2420353157455871 0.20133245630357285
11 0.22766925811767483 0.16843048965941473 0.09370690990138844 0.24104456961618628
8 0.7956577788172513 0.5008194979270731 0.4025206225627205 0.4558963336065171
9 0.4287329261367381 0.09960068927214771 0.07995232710967279 0.14443497380705717
10 0.7994320207028719 0.9855595754041484 0.03793637662320552 0.028880849191703105
17 0.5240150093387861 0.8637529647078231 0.2554626160698987 0.27249407058435365
4 0.4739679651002592 0.5861361053181388 0.16617401947846525 0.40999437937587113
3 0.17095778774570514 0.4390897074706158 0.25657292288703193 0.5176085828492495
0 0.553010177354554 0.16257164736343915 0.2627296452908919 0.2723574463727631
16 0.5076575779270422 0.9809304896594147 0.12274775324641088 0.038139020681170636
12 0.4295888993546722 0.8106480692003984 0.1262739480508353 0.22433225861515022
15 0.3437675909093905 0.07972906782245541 0.12932503571381498 0.09962335704357374
19 0.7599446010589556 0.7542381596343473 0.46767406412073403 0.4915236807313056
14 0.17918375041033238 0.8761415715465091 0.24392509821299116 0.24771685690698178
1 0.18791959659472862 0.7560246503985213 0.04769320616851021 0.0654109842842343