19 0.29289186008113266 0.8234591580070332 0.39495106269890756 0.3530816839859336
13 0.2869583913908155 0.5908787282412575 0.20221812269254427 0.2728138165182694
4 0.7971986467615866 0.969793779979741 0.171330654678545 0.06041244004051786
2 0.441089171347863 0.1837174949210379 0.22905334269572603 0.3065403911079354
5 0.5077714254057695 0.758221888820556 0.1047067760184536 0.1908649366422329
0 0.470590693427723 0.9425983447332997 0.26064769334818116 0.11480331053340057
11 0.659733367401315 0.7286757724965814 0.26593517735518085 0.2392033983717776
12 0.6897561273869975 0.5909643896608944 0.11753404002227175 0.22953038350795787
10 0.9870607446888855 0.5647684477716319 0.025878510622229102 0.07568460297276403
20 0.40168232069540777 0.31951312594076436 0.24055446403563469 0.37214349044877826
3 0.6253727173376816 0.10098067661959201 0.1944954346753633 0.10348109308540687
14 0.8304811247214975 0.6155340002336359 0.3270203173933609 0.6195935901257565
6 0.48875670138445215 0.5472443993801838 0.3065601773551808 0.2429911006853845
1 0.4689318133354544 0.06453759079802734 0.03317612667090888 0.04472596468919524
18 0.6335135760264079 0.3182300667191213 0.2710055800445435 0.4624114267548755
16 0.10769651070177111 0.354552284167115 0.21219310669954394 0.3424379016675633
8 0.8779988253500901 0.24631029479231112 0.2403726507001803 0.35131015711544494