19 0.42128577199532424 0.18742625207334548 0.3613215439906485 0.37485250414669097
4 0.5997598498041518 0.5887099826642128 0.4087670742843425 0.5929797391816936
5 0.5767824458601039 0.47423140283602927 0.05269987012586892 0.07838466907869636
0 0.4182334722051057 0.2928825177157114 0.3982780149463544 0.4905688572278413
11 0.7508147095570583 0.6795976420947902 0.15480774440092268 0.14984652344292898
12 0.7574907620465694 0.6728563191640118 0.1096602651468471 0.09481525252492465
17 0.20163520020978143 0.12281634252987329 0.27827040041956286 0.24563268505974659
7 0.28917570208388127 0.4786414601244419 0.35514332158505013 0.47095425297650356
3 0.8538614736549983 0.5421375064099985 0.2922770526900035 0.45736242424144014
9 0.3546221807132569 0.40190782225340993 0.1172844336130419 0.17420028493860376
15 0.7509294182657023 0.40558914669306023 0.05968357593472771 0.06434725011289473
14 0.8174881110023066 0.7941485308331527 0.36502377799538693 0.3285055887218666
6 0.6514981033286367 0.450186033470972 0.24976873735195254 0.424164849991752
18 0.8359402678461393 0.56054666968441 0.3281194643077214 0.4299515422875878
16 0.4664672948158411 0.1064964932925571 0.11967572780418312 0.1888928011454435