7 0.3885372755998529 0.26885565310612286 0.20594721622369913 0.17166022430976646
19 0.5546686250738292 0.5602106392632303 0.414977464525656 0.472244434588408
16 0.6876499082318211 0.6513023973204416 0.05829216378737563 0.07924691221135305
5 0.3597125663159842 0.17490309518067443 0.1280830320782579 0.13863121388053892
2 0.23583377775932127 0.22425432660011954 0.19374520974529405 0.338832799774121
14 0.9047222825396833 0.7862870151605197 0.19055543492063337 0.29455634357432836
13 0.42222995758582577 0.34988351981043603 0.22251295496493206 0.22483562078316197
4 0.6110223473145079 0.3132656674195965 0.1770607526208936 0.18602142434741298
17 0.5287500678571437 0.36356804625996963 0.04429022054263569 0.04702618942018653
9 0.29463708127537896 0.27301107403987074 0.06612325262089361 0.17740625957581121
18 0.2541146059523812 0.12856558778864705 0.2891788232558145 0.2571311755772941
3 0.8274112060446663 0.6015974185553614 0.3451775879106673 0.6311247715236387
8 0.14465926279992647 0.146875 0.2889180074012556 0.29375
15 0.24157024290328616 0.4088720072979111 0.40237733497600675 0.4691903784639083
0 0.506395404069768 0.29002413044671915 0.17902377081949084 0.19447609802964202
12 0.39653954271871605 0.304828625043873 0.1700702729789592 0.1377407366340589