19 0.26576120307696166 0.8230062164154944 0.39624863749381395 0.31699556030557263
13 0.262391620873929 0.5902295992781857 0.20999023292582972 0.2619258741969375
4 0.7696021760531687 0.9389423260309556 0.178350729307785 0.1221153479380888
2 0.4207075684082227 0.16550726814398925 0.24608486318355455 0.30700948799120287
5 0.4821917865231898 0.7312503744164071 0.12159611827193721 0.19609183971127445
0 0.4427121274326497 0.9275317117090751 0.2734109237898611 0.14493657658184986
11 0.6343208525565632 0.6829031133974437 0.2743050384437538 0.23113853083447441
12 0.6657523162605161 0.5401533237431427 0.12266065128862387 0.22317517304460774
10 0.9663155602676223 0.47774287349197037 0.03567855042954129 0.0741896616521018
20 0.3792426854369645 0.3047380355408937 0.24147260628614955 0.34843367942254855
3 0.6048169747852293 0.059978431159467036 0.19661605042954128 0.08043339896161661
14 0.7992641791053863 0.5474195652314616 0.3859130823145744 0.6494196115064526
6 0.4645992520361649 0.5219168307373748 0.3340828301668678 0.2833814267611933
1 0.4482770477160079 0.04138624087202777 0.0376571302577247 0.04514423260309555
18 0.6120075978068649 0.27516795258110277 0.3023082869734157 0.46728262320710395
16 0.10063408582107729 0.3780197935249595 0.20126817164215458 0.343539587049919
8 0.8539328262101389 0.1917039875943813 0.2671343475797222 0.32654753250599605