19 0.1960944790238998 0.4760317351474529 0.3921889580477996 0.5228968036282391
13 0.3172351897025353 0.32597259028217906 0.29644787869919875 0.35228018671757344
4 0.23278824011194083 0.8990097360492099 0.3128779735504664 0.1922271467218157
2 0.8514036053040241 0.07053979837678077 0.0033980157850155733 0.006298483556121178
5 0.35502507408692885 0.5704740854020575 0.13317506299888784 0.22483176713345354
0 0.14688067519764408 0.7140764453638774 0.29376135039528817 0.3192135129429066
11 0.4259907504941102 0.6997869325270265 0.1751034997176514 0.39828175291745327
12 0.5291381372975783 0.6471838605452681 0.18849959983059072 0.24026356269890764
10 0.6635978953312603 0.8441936499044791 0.13616428413027978 0.11453630935708976
17 0.012623284412628527 0.6628878684489694 0.025246568825257054 0.1924424035646055
20 0.6334887922345491 0.19120124989387344 0.12607519454068417 0.2767696497984233
7 0.06211577922154384 0.8574742097920599 0.12423155844308768 0.17744841958411992
3 0.897628344992442 0.37250265260974996 0.19964701536149257 0.6026908373647258
9 0.06555159236160604 0.7837825360173931 0.13110318472321209 0.12914388446848382
14 0.5811563926298373 0.7449315645554494 0.4198237364928845 0.49576498673878455
6 0.46974699772209993 0.5034573725333898 0.2629521102127601 0.44336505071078586
1 0.8878346579913299 0.14928296371732588 0.1195984104104042 0.1642454080203627
18 0.6836660135777026 0.5995474339061759 0.386480615474432 0.4473634845109061
16 0.3615220579489775 0.08170212184381515 0.32383088410204497 0.15700441427963374
8 0.826407250423523 0.6069738899320536 0.20667274715740264 0.29883931381284684