7 0.7556151491738441 0.7088308138460806 0.2835119375636134 0.33140019047367986
19 0.9743626268565077 0.6183430941470139 0.051274746286984654 0.09736065151455241
16 0.6070461520842511 0.2233754166611745 0.38596730416850206 0.4274775324641088
5 0.19345988955519727 0.679091030842551 0.16770339908902612 0.26207889934918
2 0.9013442783077863 0.8289373933946806 0.19731144338442733 0.34212521321063866
20 0.37630209437236994 0.11806616774550834 0.20572918874473983 0.22340468398085803
1 0.503898881750649 0.7269162451254407 0.11653771397248339 0.15678492640589922
13 0.9204464531727101 0.6608566937145984 0.15910709365457976 0.3081667857127165
4 0.31166421941477895 0.3330964220751546 0.4952034388295579 0.6632109372250721
17 0.7680456833872623 0.4977906747766525 0.24174109981466554 0.2867047077900679
9 0.6713864821134686 0.7422656033490225 0.18568950725639405 0.23334860930571893
18 0.5099976035276806 0.8326031325744094 0.3948859471822603 0.3347937348511811
3 0.8201041688744739 0.3419899615726044 0.3597916622510521 0.566733583330038
8 0.775424196085952 0.8886865849537926 0.23278276206571746 0.2226268300924147
6 0.11620040807470078 0.1140947754318662 0.16365081614940155 0.22658950324531243
0 0.4995511437315486 0.5311010941514076 0.41367564191745 0.4718457326803165
10 0.36510913402808365 0.07824646374127206 0.2458432680561673 0.1452198647164036
12 0.8824132621505356 0.6909612050786843 0.17378970798203355 0.255974358223582
11 0.15795143157316374 0.42633495021510925 0.3005158990890261 0.26516990043021854