20 0.30363008300301875 0.4543664074768526 0.4091623321450889 0.7521815483511102
18 0.4978982232113157 0.670853640213026 0.29193406505632996 0.5223915821555548
5 0.5102210638026887 0.4459320250072235 0.19620036473976085 0.3491377672638267
7 0.1098442937444291 0.7265639170592595 0.19441054420664755 0.33853883254814765
2 0.14519677203681675 0.7673456866476547 0.1930920851145898 0.278122165881481
11 0.6034518897460786 0.5906599455223471 0.0637108105039836 0.13419178724481456
9 0.39359247109974466 0.9159040703105565 0.036710389812585474 0.03960883179395059
17 0.306748037476223 0.7766970775993834 0.31522314937949697 0.3754901389887647
4 0.38285824491892806 0.6393675411242602 0.10615437476889085 0.22226408985246876
3 0.7215102532987053 0.31237392475617354 0.3464062678801817 0.6247478495123471
16 0.27480874953778156 0.391269785139784 0.4800204014245611 0.782539570279568
12 0.4357749932695755 0.4441730906686431 0.1627801109788372 0.38887787018555525
15 0.45715486592689514 0.8855144136343839 0.1480858105039836 0.14403426189148122
14 0.7713869181841155 0.06322104649660577 0.24417120031656925 0.12644209299321155