0 0.1273159306572277 0.39651235331432133 0.2546318613144554 0.48197529337135736
3 0.32982221797422845 0.242156099277315 0.36372033871736126 0.48431219855463
6 0.12079375799650016 0.23483255953487686 0.24158751599300032 0.3886682142635796
10 0.4854347766152296 0.44806729996796424 0.19758516669318063 0.28320017279320936
4 0.336967815245095 0.8264765618594453 0.4101397106938169 0.31423862745888775
20 0.15423241931890974 0.12353099578993867 0.07147610534690844 0.1415353955388887
17 0.7181472792807296 0.4323676939984587 0.15975790268936266 0.24132573961691317
2 0.21994504193191222 0.6424122669177166 0.304507876034362 0.37267773345938193
9 0.05330517130809207 0.606029484260062 0.10661034261618414 0.24627436481320952
18 0.5093342585932761 0.6606848771592606 0.3736225973901792 0.6013485929002459
16 0.30362805657227704 0.8907208575553712 0.27471019334818114 0.17773024191049322
15 0.5772421106381376 0.21258688714975457 0.2850669853596351 0.2913238502045672
12 0.5447615865690955 0.8938104439829644 0.13197725334181776 0.09864384945037016
19 0.7395837379058225 0.8377847385475945 0.1553602093411815 0.09512787018555523
5 0.25326771395609293 0.4012669059374698 0.15516130935708983 0.2511956021365428
11 0.6177371045910489 0.6698922477529029 0.15269083736472594 0.32583106603851814
14 0.6628898039863188 0.10393623581493894 0.28672039202736244 0.20787247162987788
13 0.450417075986637 0.09295859871166716 0.14547722668681723 0.18591719742333432
1 0.4660280592377771 0.8832233137914209 0.15888519867918127 0.14132573961691317
8 0.7743983739656379 0.24682164561636002 0.18715674403245314 0.34025762978345636
7 0.6465728186266837 0.3168848249441992 0.1686783693507266 0.1903360145776539