17 0.5939903777383917 0.23028661144709592 0.22176265439406198 0.28459536537236185
18 0.48545514905029263 0.4798032354657617 0.3442694548689156 0.5301634987269064
5 0.11308502170761237 0.04451288621896985 0.15820495658477526 0.0890257724379397
0 0.41603990782578126 0.5829289652557005 0.27084867524374445 0.4582150436027857
3 0.20437733062875027 0.7267902426267897 0.32796249326957544 0.4986710809463003
4 0.24781640822149265 0.3824826817313961 0.3294915525199177 0.6403135058349065
10 0.561925686988734 0.09405010306600207 0.135523626022532 0.18810020613200415
7 0.26921534976257316 0.12083260354339449 0.2803193004748537 0.24166520708678899
16 0.45121757521847394 0.8677032248037615 0.32733069279472177 0.25499380628048224
9 0.3694507496707956 0.8210713723743062 0.01925010517284953 0.02320756800339391
15 0.014640195368511202 0.8663030399957578 0.029280390737022405 0.12156058667515121
14 0.18228966277383915 0.45445537863357727 0.3645793255476783 0.8244225760661787
11 0.10854227421489482 0.07224928798006153 0.08789245658477532 0.09091663112666595
6 0.6337512789002553 0.9492176949926115 0.09864810015828454 0.08275299023975673
13 0.7543676557807173 0.9692139571929156 0.13988085391920818 0.03965751824739291