17 0.5522802508579299 0.17011342073335603 0.21206940564770313 0.28428946740494715
18 0.4838471849436699 0.4473286633813199 0.35221834718878375 0.5603543224314027
5 0.058116376880461854 0.11686852251753393 0.11623275376092371 0.16626295496493212
0 0.43127846291948846 0.5693091908330242 0.2740646034569899 0.4808958585209803
3 0.24554188822973994 0.7546543142118853 0.3284793188172538 0.47306857083794873
4 0.23379336064963283 0.4354230536729412 0.3024744114536909 0.639281955580166
10 0.4964598113619134 0.07186739769902717 0.12270537727617317 0.14373479539805434
7 0.20968958557680822 0.15235813849513952 0.2751604390337981 0.30471627699027903
16 0.511373825218474 0.8296746905254072 0.32576819279472174 0.27736874357081454
9 0.4220529124446347 0.8133929559985219 0.019204641066226814 0.0224354061277225
15 0.04993020836714194 0.9637171406546078 0.08725595909205774 0.06775950030761682
14 0.1924088088546309 0.5313619144579789 0.3848176177092618 0.8831095044173755
11 0.04816105219071333 0.187194213448997 0.09110838479802065 0.10135984577334843
6 0.7048821328194637 0.85992818528362 0.09942098997087019 0.12494404277101054
13 0.8298594007661523 0.850289366654359 0.1394549565847754 0.10133186715885359