19 0.21043082262368226 0.4383772874498286 0.4208616452473645 0.605921241566324
13 0.3402098700384936 0.3219112346448777 0.29851439034162974 0.3827432908634936
4 0.2114283650583967 0.8703120139840669 0.32132053756616064 0.2593759720318663
2 0.888590314715017 0.18699367255283442 0.004878500988583312 0.006614021046687431
5 0.3583510804951666 0.5739133504016584 0.15744903855474374 0.2553986734939968
0 0.1464890449433534 0.6682020243662362 0.2929780898867068 0.36557071539913905
11 0.41817972524823965 0.7174299713730528 0.18078306228073995 0.40685475768074636
12 0.5247626476816414 0.6891621115901858 0.20327087452429887 0.2755842102786417
10 0.641610613575522 0.914372999152954 0.14157468775644091 0.14401128403616353
17 0.016052128441450587 0.5851534385667703 0.03210425688290117 0.2036402104668739
20 0.6632282173767552 0.2582443395018498 0.13346771049385406 0.28679056124499724
7 0.056777946122216996 0.787509301669186 0.11355589224443399 0.212518603338372
3 0.8852902652858582 0.49997903394841764 0.22216143186212314 0.6386909120231204
9 0.060005740342723525 0.7202863297314359 0.12001148068544705 0.14156392965614278
14 0.5689318003433799 0.7497348278363709 0.46148391703337543 0.5005303443272581
6 0.4770984219019292 0.5319722099021766 0.2666860701894054 0.46340713652111937
1 0.917261801369144 0.2737954795307504 0.1304116946765234 0.18679056124499718
18 0.6802141516359741 0.67617480613087 0.389006739162766 0.487455017068325
16 0.4064609056274879 0.10152216790291804 0.3183281887450242 0.16397274346138888
8 0.8215421471873497 0.7153417778803877 0.21411021543677 0.324228919038683