20 0.5140741875116207 0.17260417453308852 0.037519123845462944 0.051389708991448714
18 0.5469012091417603 0.7249541571034157 0.1952112125356475 0.4439749482765914
5 0.5403763900089824 0.5641906782658067 0.13650201093324038 0.23523018036362112
13 0.4122212871815285 0.4829754497778335 0.39253456333685116 0.5653178799564434
8 0.3848049354853704 0.013767004282846655 0.18806592799249983 0.02753400856569331
17 0.5442394326106483 0.11442054715775708 0.2927711347787033 0.22884109431551417
4 0.5384105147029171 0.21567486056261795 0.16851342855814763 0.27364629267441776
3 0.594852110649631 0.9167140669216052 0.0021093041470368946 0.008491198893550708
0 0.2827505262482881 0.7174952351204766 0.4717340477854622 0.5422768890877464
12 0.517971584118519 0.2787907822782337 0.134646985014259 0.18330471259050515
19 0.42296931682370376 0.05206410234656037 0.28531136635259247 0.10412820469312074
14 0.7176121247404175 0.4769548671951212 0.285581934307592 0.4965654196487639