19 0.39409567781753396 0.24543668583148046 0.3461836443649321 0.4372865652533325
4 0.555133500066507 0.6901468995604009 0.39848559342785994 0.6197062008791984
5 0.5373215259307544 0.5733510852033319 0.046858279625171126 0.07611910675469129
0 0.38580815320692774 0.37396541432660396 0.3659338547106311 0.48530711517481395
11 0.7023745614284204 0.7983355018545043 0.148313131037097 0.15445092855814788
12 0.7095649358015997 0.7918640414083932 0.10498902837152997 0.09744635790148143
17 0.17586015485628037 0.16045302494524646 0.27640469028743925 0.31069903914580177
7 0.2505118477175091 0.5440715648762339 0.3395077470304992 0.488458558341604
3 0.8351081565721401 0.6738804165891954 0.3138712495377816 0.45637560289073986
9 0.3178190196625483 0.474643489601419 0.1114496285298145 0.1792431620485182
15 0.713040591449303 0.524923972668208 0.05435253087881246 0.062447113666419675
14 0.7791750906578802 0.8827818056554314 0.37074572367353403 0.23443638868913724
6 0.6120631131569153 0.5580504841980848 0.22582568025830946 0.4211685921460488
18 0.7940285155059132 0.6899747806482078 0.2829107545523465 0.3945791766261721
16 0.4414169586963464 0.19456359327734454 0.11493834138279593 0.1962743648132096