20 0.15787228353746582 0.8419090844472726 0.3143648834215475 0.31618183110545484
18 0.3612863739928263 0.2755248471779969 0.44930225201434737 0.5462983058561176
5 0.1358022598486507 0.4669105440271502 0.2349665434976597 0.278515057818786
13 0.6960685977953722 0.4464224339061759 0.2405108893530466 0.3577302080415739
2 0.440707346769608 0.971489320920847 0.2362850098858317 0.05702135815830592
8 0.8353407089366172 0.7997913112666595 0.29035438045579803 0.30228018671757345
9 0.6709544871484188 0.09169820634411562 0.21746602570316256 0.16579688181624067
17 0.36979928057171635 0.8624166133566656 0.28509387749004844 0.27516677328666883
4 0.43127924452561145 0.5684157236367235 0.5344359387822053 0.6746422116486018
0 0.8068362959319366 0.24908829970290233 0.37382740813612686 0.47849227562060304
16 0.16176660467827336 0.9191863520050906 0.27215352570316254 0.16162729598981873
12 0.15196447623682277 0.6797620498090289 0.28588705634924094 0.36051655293866436
19 0.6347531185184379 0.8367699702683918 0.3101230523949082 0.3264600594632164