20 0.12294003692833566 0.6710416049083633 0.23377062256272035 0.4454167901832735
18 0.464841570209814 0.2307305255039713 0.4265581404196279 0.4614610510079426
5 0.200325102677218 0.2513155326728826 0.2333421542193455 0.29343048965941476
13 0.7167661290555422 0.520530437831921 0.22952740746575645 0.3598060578976579
2 0.3222793380634261 0.9067806539859831 0.2375739123370204 0.13965195423064594
8 0.772115696829724 0.8663352048573338 0.36007620373287813 0.1951371800363217
9 0.8110074581971052 0.1341605210969584 0.21262055113509043 0.2609190631362465
17 0.2892701948011292 0.7743463101754725 0.26667285145940206 0.33505151199171196
4 0.43968543181548564 0.49812191177556997 0.5196104853862081 0.6942297286981538
0 0.8563551400158861 0.35416620347939076 0.2872897199682278 0.5617010697527782
16 0.10754290786949823 0.7491437827411785 0.1992671631477993 0.3142124345176429
12 0.15377915949435134 0.4585387328379953 0.2844330957773592 0.3798688728959313
19 0.54717419804754 0.8250510796835878 0.3099592012972462 0.30235176399033087