0 0.6427896555722554 0.4230669403246722 0.2414873629141832 0.34518172448545265
3 0.34862461369064207 0.7409600061532153 0.40336427858625934 0.5121649938467847
6 0.5915170399566491 0.6674472265542476 0.20838643657758915 0.3738150720347863
10 0.19786429244631062 0.47473115107151703 0.1861026419239656 0.2568817458094531
4 0.47140529216396193 0.07978264263739529 0.3103144156720761 0.15956528527479058
20 0.5247405216819719 0.8735525056758229 0.161846094568919 0.23776811913854418
17 0.0046889580477995465 0.5008234906641214 0.009377916095599093 0.14418635200509064
2 0.49868958702934707 0.25458505946321636 0.2214786998023559 0.2803317315934528
9 0.7085805265201207 0.2752707527583696 0.13742294724210707 0.1790954009123626
18 0.25072950014117434 0.19389253150860822 0.33852896288594836 0.3862438062804821
16 0.4561289026590708 0.0356447741884258 0.17211719468185843 0.0712895483768516
15 0.09974421732631246 0.7638553502015768 0.19948843465262492 0.29515748270739217
5 0.4655222293062485 0.4955615652450949 0.11858194198043534 0.17672116624230202
11 0.13056891858526068 0.22802657330787998 0.22616619980235592 0.28040445692763455
13 0.10238040329435531 0.9269485439741224 0.14525085779368574 0.14382418491405957
1 0.3065384263365941 0.0263795919796373 0.16799113680346806 0.0527591839592746
7 0.020985668620554263 0.6296871351050306 0.041971337241108526 0.1426848213452118