17 0.05196686807763279 0.7610937864743518 0.039571577339272454 0.05954558637268524
18 0.2714424793920882 0.5688157676049533 0.4807453014003606 0.6730743302918524
0 0.4926993140515431 0.4910968370081013 0.4459703120623608 0.6261742142838893
3 0.8015625 0.3593914065362034 0.396875 0.7187828130724068
4 0.5854424394095874 0.7309927432901382 0.5215692013844521 0.5181335635743525
7 0.4246423940960865 0.9308273826005087 0.1869192920114541 0.11827032446731493
16 0.6351937073519991 0.1762780206443053 0.36101241470399825 0.3525560412886106
9 0.478071550684272 0.15812717958657355 0.2197874306969986 0.3046567935654632
8 0.4127636293364089 0.02233043047189794 0.0785795333386361 0.04466086094379588
14 0.8077959606938169 0.725003342328564 0.3844080786123662 0.4454073736052782
6 0.2646988466740906 0.06472183612064786 0.0770715773392725 0.060709349290463045