7 0.5123647483496148 0.540042099350211 0.25040550954776963 0.2436791301062963
19 0.6627129035430624 0.8862782805661233 0.29761239627037794 0.2274434388677534
16 0.8861654107925251 0.7026998929567084 0.22766917841494988 0.4051876255080264
2 0.3607672821677938 0.5699125863098369 0.2326977912913561 0.2880930860840474
20 0.8951600572633958 0.4371250550251051 0.20967988547320857 0.336337301371233
1 0.46516490394404786 0.14767017337410954 0.23513386182749904 0.11188321573876471
13 0.5737310686852651 0.7435359513024137 0.22621099295103003 0.2834896879233554
4 0.7926969854778528 0.44274653399420594 0.4146060290442943 0.6584276767663647
17 0.7262398394311895 0.7023163138829607 0.28016478714217125 0.30178523895590387
9 0.43513662967363853 0.3312897519962782 0.2017079004195629 0.26310194482076027
18 0.29516097987877554 0.19596754108157294 0.374341762247062 0.3706178456192716
3 0.8359421130768989 0.865859531885033 0.32811577384620205 0.26828093622993404
8 0.2559227263542906 0.3270670548763829 0.36761816556640986 0.3618477807919129
15 0.5308340962796667 0.7965650565339768 0.3850890854824973 0.3132671581474952
0 0.6691690101724695 0.3964071506085492 0.3707934776036904 0.5820260168842082
12 0.5417347848670861 0.7008364767057933 0.19910311867597627 0.21726861148742696
11 0.6942361746899722 0.11180049675646711 0.1322223493799445 0.13581796321384018