7 0.35311511816039554 0.693720306221864 0.29172491180407345 0.31927253695629765
16 0.5720112030769616 0.8236078510523372 0.17888407507848517 0.35278429789532545
5 0.3766134096563669 0.07597559708697671 0.14364818068726617 0.12314155934326156
2 0.1785787856186786 0.7534259632133384 0.25872206128367514 0.47162041354526896
20 0.4786130851437088 0.7266965194069298 0.027545145861557076 0.02623677725283263
14 0.7504737177762827 0.8775595818433163 0.2858091044771271 0.24488083631336746
1 0.29326424185939964 0.3048115626060225 0.1623096494796016 0.1614418269774474
13 0.36751073157109265 0.95241735341459 0.24800813206674716 0.09516529317082008
4 0.6101850689740497 0.44584005951289757 0.285134075078485 0.3896693606709841
17 0.45654997738722114 0.8300265426378566 0.2783175090451115 0.3352844391949939
9 0.2550162121220732 0.5013095730120869 0.18687363749381403 0.3102315128814079
18 0.21796875 0.21241406097464205 0.4359375 0.42410060591820603
3 0.7047551040269013 0.9065311379238168 0.30062187697836434 0.1869377241523665
8 0.1493106032339318 0.3914319055014574 0.2986212064678636 0.5536971443362481
6 0.580071523067064 0.355734233379413 0.25232157507848496 0.3881415770057201
0 0.47524682496694337 0.5136508823836211 0.31192894843880486 0.4761773013842678
10 0.6185320782463037 0.6914683696153041 0.10851626413349429 0.22132276926556643
12 0.3572150407070612 0.868187900776952 0.2670723925821967 0.20791009944922934
11 0.5008144702626736 0.2215973134782581 0.1774300384437538 0.22869050646897654