19 0.6996034801911555 0.6018046200836658 0.5822022767289268 0.7350299849221078
13 0.6213471931192864 0.8411474408282039 0.18193970258518863 0.2393118151660431
2 0.41188862148418737 0.7819833868549791 0.13994320357377182 0.2426138775813719
5 0.552249613612703 0.2961108322043858 0.16577087452429887 0.2714441368908066
0 0.7009099480993835 0.31338531207664466 0.5981801038012332 0.6267706241532893
11 0.4506300582892262 0.14686913161516807 0.26436488342154757 0.29373826323033614
12 0.36295364475307296 0.13007999396992564 0.2584677104938541 0.2601599879398513
17 0.9380770256659815 0.2982547376782343 0.11416856524648936 0.41959688677791185
20 0.5002826180241462 0.797634963065118 0.03360567885919252 0.07926699080346017
3 0.21086722133108796 0.6577948386860392 0.4217344426621759 0.6510769892945883
15 0.2803256036896902 0.9034363824824986 0.1410016847906915 0.12419142620189091
14 0.19436281224355895 0.13251446178203583 0.3581493755128821 0.26502892356407165
6 0.43527833642666564 0.4757924076600888 0.44827294570228754 0.7402235911338962
1 0.36408779144613124 0.7645347226003422 0.05528436068413445 0.17641051861886936
18 0.19748515365032154 0.43706625885785566 0.3949703073006431 0.6008674822842887
8 0.2095792939547702 0.23378191391595265 0.10959517589344295 0.0658669516052705