7 0.5400397639978565 0.32910052992536154 0.09231817599857095 0.1902632335395071
12 0.591536198042199 0.540813782856692 0.13567469209011432 0.24676815313750447
14 0.828462943641161 0.8531980048641198 0.3430741127176781 0.29360399027176054
19 0.38673444753799596 0.3238078537560259 0.30941783070981843 0.3899646812266981
17 0.4388871734006809 0.2518050501224836 0.03420003737886681 0.0596512202035876
18 0.37396129592884164 0.3172390323412575 0.35261009185768327 0.5914526291071318
8 0.6442394890273622 0.9313126124372323 0.1679737398605413 0.13737477512553534
0 0.5544018208224614 0.7066303163897338 0.29336649581262614 0.4690038880943661
3 0.6232343122724865 0.49351345841397176 0.14518036808868526 0.42801815313750446
2 0.6948682836956961 0.7633473824572756 0.07112088317182241 0.08231262343771324
10 0.4236113706865753 0.4345007406262802 0.2978247668478481 0.37627425415544236