20 0.10943035827820276 0.7915946383018259 0.21886071655640552 0.3956892766036518
18 0.40595007919720916 0.23240889473839701 0.39434984160558173 0.4612058868024925
5 0.14788657089933593 0.3544158309893058 0.20533162822814394 0.2223362727011635
13 0.6883480439120293 0.5107534523719002 0.21213863912390724 0.32234839317993635
2 0.32966255069729317 0.9697741804563036 0.23609031930985208 0.06045163908739279
8 0.7832135216162996 0.9036233286452781 0.34006726114786473 0.19275334270944383
9 0.7476073374950823 0.11105040410183432 0.19341078243518836 0.20350142934975368
17 0.2844917983515047 0.8494263607816793 0.26060899011264294 0.2935695818339999
4 0.40976422200428714 0.547149794295777 0.4433772034900807 0.5323907140202377
0 0.8427509566690483 0.30874353641899993 0.30837949061684605 0.4896938066578811
16 0.09512220381905682 0.8738075218564691 0.19024440763811365 0.24344837704627173
12 0.12433944627748823 0.5667946262015775 0.24867889255497647 0.30810443325224196
15 0.9854076222760592 0.032654082345038124 0.028092149011264313 0.02937271480580467
19 0.5505320615930565 0.8705438308583778 0.28095434110137846 0.2589123382832443