20 0.683439041832379 0.8911745332060664 0.198023626022532 0.19883931381284678
18 0.23510294263011952 0.6180569199554566 0.47020588526023904 0.5967588996392688
5 0.35815789700522854 0.8733122772650336 0.20352947994174028 0.23641203914702846
13 0.4937546970178639 0.20685020613200417 0.2457457236735341 0.3099589920432707
7 0.9126240881505977 0.8032723544982502 0.106001262074194 0.2765514737958779
2 0.8440679679340534 0.652304142955704 0.24446803167023531 0.4661362667090889
8 0.782004854777138 0.16801471896885503 0.21211486975432586 0.27194991470399826
9 0.1929112625364123 0.14461554888075795 0.21881951082055268 0.2892310977615159
10 0.925799004223142 0.4500625082750381 0.1351264724198927 0.32282115913430187
17 0.716550721694977 0.6980177269786122 0.2499163981258558 0.35792414226605845
4 0.48961380014564926 0.5755396016868526 0.49305394734706826 0.6199422258646019
3 0.024597868567191636 0.7849197102164245 0.04919573713438327 0.20932724623381774
0 0.3421216523489979 0.10909548976236434 0.35325669530200426 0.21819097952472868
16 0.7832571854058884 0.8979563927435218 0.2976599131695504 0.18372412094205828
12 0.5105698431651626 0.8678237039041257 0.25853522868809903 0.25184383471248284
15 0.08379467531025149 0.1696583368873334 0.14803564937949704 0.3393166737746668
19 0.8004927788337483 0.3228836674093401 0.39728680628084156 0.5976301440695726