20 0.46517578414834054 0.4668796997785144 0.14969454206179833 0.36161502775932136
2 0.5544551266396802 0.06585802796849928 0.20671474672063966 0.13171605593699856
18 0.5458857943251059 0.671769854005166 0.2798047659425166 0.3042130433862444
15 0.6462653318643484 0.4752845763996531 0.30208920171816517 0.3164987949796983
6 0.4266367480794361 0.8927071180386351 0.0975101650834338 0.14329352457241337
0 0.3345576272055071 0.32335314723760183 0.3467133842144537 0.5009529405684766
8 0.3555838574178033 0.1843448169865875 0.25273101085413385 0.368689633973175
10 0.4763876803485818 0.16103622352651586 0.1807807677515388 0.32207244705303173
17 0.532480550090857 0.18082348139534696 0.18334584577069996 0.26690250668143284
4 0.8165015094993968 0.7400062060538914 0.16787797602842494 0.3091839399532427
14 0.5953701379480993 0.7796638947212972 0.3693519448207603 0.36377271642672704
7 0.14723244685692521 0.1566413191460558 0.2728177815463487 0.2849290191214479
9 0.19113301730131288 0.8027836325335294 0.1786649898232347 0.22705216121570118
19 0.20373143034858185 0.6476016810631222 0.4074628606971637 0.6339633045404223
16 0.4756241197422752 0.025459668930724006 0.10187676051544958 0.05091933786144801
11 0.5782058078927731 0.19509224604404982 0.15618355947465296 0.39018449208809963
12 0.736559461217562 0.4561496442598719 0.10376680913596861 0.10437772157007548