5 0.5262919487823536 0.24602038898862363 0.19866012485506807 0.25052367460277963
7 0.9503674354464341 0.37774929166459315 0.07350088606495575 0.16013958185350816
17 0.4118465536335423 0.1389696295726855 0.22943189273291545 0.22024963929197489
1 0.43683148074502676 0.4880588815567137 0.11820760818516848 0.12909334093331093
16 0.10124376454386755 0.323302284167115 0.2024875290877351 0.42160456833423
19 0.8382504595331994 0.5150093550223604 0.3013061191051921 0.531452788471307
0 0.42076097315898303 0.8282844724572406 0.24158069061658177 0.34343105508551897
15 0.4221485167905857 0.9976462350008967 0.12924096091032525 0.004707529998206657
11 0.7263405198347014 0.5590512020430397 0.18370480455162622 0.2346292135455054
3 0.016949286504600904 0.825589861884499 0.03389857300920181 0.15534639043566473
20 0.8751598834798818 0.2586427132749384 0.10809902667183913 0.19236554654270346
4 0.7480873293872975 0.30650892547590225 0.35337906001163794 0.44309298022528587
18 0.7066347002801657 0.8487312176816296 0.3362874127367947 0.3025375646367408
2 0.003253190447403956 0.6007065036319211 0.006506380894807912 0.18891300726384225
6 0.6908505904280073 0.968231522631865 0.31977010818516866 0.06353695473627
9 0.5835142595428977 0.1455466835472988 0.16265898091420466 0.1953810432469177
13 0.6036203680179304 0.49732389295668006 0.23131312818904776 0.2763539584337593
14 0.18262169711536375 0.7081357420966712 0.3652433942307275 0.5815689449144811