15 0.4937724676172003 0.8613752882450005 0.22633886181247737 0.22960830344388913
3 0.7506010633905487 0.7107761293027324 0.45594242596899315 0.4946817636760191
20 0.5767654403193043 0.8753104663108336 0.06670304595791858 0.2493790673783328
18 0.05207842998338803 0.34900856534925934 0.09789488433001133 0.12161091717287048
0 0.6862207834717591 0.8906813286461578 0.25113860271317884 0.21863734270768448
17 0.15966848935954187 0.21046951152412055 0.20456399136212672 0.2310127750751854
10 0.4770853292727941 0.15042435929384312 0.36145434145441174 0.28164663044435223
16 0.8733202652731619 0.9086235445757418 0.17445738433001132 0.12398693313000018
14 0.32817041756644516 0.4907306897149078 0.6563408351328903 0.8864991263904637
2 0.7556018391472851 0.8997542070635658 0.25129928901808823 0.19709930217731492
11 0.6679807256367647 0.8344417800122693 0.20402377081949083 0.18731126519675953
7 0.5766674198043552 0.34129442274324145 0.3454474120893325 0.37059959219722266
8 0.6115652490771494 0.4779960776316211 0.3601316733480996 0.31904965020120407
6 0.3453160926910294 0.25482999277967633 0.2416215052417873 0.35281591084000025
9 0.05508231647286767 0.28650856534925934 0.05965440468807692 0.0725789777100001
19 0.21767794186046382 0.663984174391065 0.24739184145441176 0.27810685156944476
1 0.4291904449427828 0.2678651260113431 0.10893251387966067 0.1240336813572223
4 0.08691690006459844 0.5357829554200001 0.13090764342930994 0.12679587639259277