15 0.37535318709708204 0.5370826804478884 0.4877490105500115 0.41833670778885357
3 0.32639571550729635 0.7597711094007616 0.46959902840691903 0.46256796832779795
20 0.10861331797934815 0.29767922990033185 0.2172266359586963 0.2807903310692759
18 0.5875721379872912 0.0326721900086124 0.17173072402541756 0.0653443800172248
0 0.022013547484937772 0.5666139029408145 0.044027094969875544 0.22927219411837096
17 0.805274286527889 0.303693771342436 0.23092626623205428 0.35269171293220203
12 0.20609999553577313 0.006318349784668182 0.17217500892845372 0.012636699569336364
16 0.05823169115427179 0.7852847573520362 0.11646338230854358 0.287763818629261
14 0.7493383376662749 0.7017827184939065 0.47485927272487627 0.5067184865263952
2 0.20322522240715518 0.8691429158976245 0.30078302434972926 0.20466632531069376
11 0.10194296063603234 0.5583629086993968 0.16170470779006801 0.4300172732865761
8 0.569173550734644 0.7535942494401359 0.1888478603878557 0.35742038247816005
6 0.7170634001654511 0.5443031852836201 0.3657103693163094 0.39542323462532425
1 0.7234576761400333 0.6519689882859578 0.06030230032431163 0.07590656384889911
4 0.6784175060890799 0.22944706045896307 0.35904335795222375 0.45889412091792614
13 0.493041293427748 0.4292198118493892 0.22342168344033872 0.2563243553340724