5 0.5007261869646752 0.19166666666666668 0.1649442648307229 0.20208333333333334
7 0.9554318676828345 0.1875 0.08808178298109581 0.13333333333333333
17 0.36907218686647936 0.10520833333333333 0.20248062626704133 0.21041666666666667
1 0.45661659690018314 0.453125 0.10040906615858276 0.09375
16 0.09017502722555892 0.4 0.18035005445111785 0.3875
19 0.8765750937769251 0.35520833333333335 0.24564988504764002 0.4354166666666667
0 0.503490555138489 0.8114583333333333 0.20311695140261463 0.35625
15 0.5347854860530399 0.9802083333333333 0.1282977168225127 0.03958333333333333
11 0.7496626149523599 0.4354166666666667 0.1618374455488821 0.20625
3 0.055145000490979326 0.9229166666666667 0.11029000098195865 0.11666666666666667
20 0.843318207943718 0.09895833333333333 0.08043290944452863 0.17083333333333334
4 0.7273205032214538 0.184375 0.29376013212077384 0.36041666666666666
18 0.7865575851927182 0.753125 0.29662151170746487 0.3
2 0.019757467215296195 0.7020833333333333 0.03951493443059239 0.17916666666666667
6 0.7982621787732517 0.9354166666666667 0.2927511022629362 0.12916666666666668
9 0.5395074067140542 0.07708333333333334 0.13661018657189175 0.15416666666666667
13 0.6200796540817756 0.4114583333333333 0.19943743949875808 0.22916666666666666
14 0.2318882659108774 0.7489583333333333 0.3021362343837102 0.4895833333333333