11 0.7550246064763545 0.6039565426946315 0.1308162017473613 0.16911264668567866
10 0.249445447282049 0.5669046551677784 0.32580661910979203 0.5307504139495054
17 0.4336587527528824 0.6706704274578407 0.366758927430417 0.5542393832238262
0 0.5724776780960071 0.19604393396148187 0.5449553561920142 0.39208786792296374
5 0.483843203550313 0.8547857193208036 0.24847648043270848 0.2098660836949378
8 0.7124279180280209 0.3534276793588277 0.5751441639439584 0.7068553587176554
19 0.9126844507974307 0.5199616621414839 0.17463109840513874 0.5148930936854317
2 0.24036400085302131 0.7641961328932105 0.38855988582729195 0.4632234039590114
9 0.18842998641663208 0.21078403688321037 0.35316659327423633 0.4008801735474065
15 0.7608765226045143 0.7149592059054339 0.45821776918604196 0.4339254661645668
6 0.9810740409375349 0.7061475381074717 0.03785191812493025 0.07476484561740714
16 0.9600880872903126 0.19800922205345922 0.07271276101791671 0.14570206220555532
20 0.43957883159072947 0.4716601524970999 0.34859472815159764 0.8535886958219745
4 0.1505319025447919 0.3268902054663584 0.298008927430417 0.5462195890672832
7 0.30757164427975753 0.892048675525865 0.24164459897381949 0.17580367816555503
18 0.4382774368328131 0.935253760791174 0.20835801386770836 0.055491650518641224