20 0.46443547772590543 0.5373718376037544 0.12568383197589003 0.342403028948829
2 0.5762482394845504 0.1234991723150308 0.20375352103089917 0.18722613399378404
18 0.5339213828597166 0.7620151447441449 0.27314533016686776 0.2871348453250453
15 0.6433074282008753 0.5892041270980565 0.2903328301668678 0.2882022062292646
6 0.40476174807943605 0.9447118662793997 0.0881351650834338 0.11057626744120057
0 0.34290239371385045 0.361706813893514 0.3074937539567289 0.44721476922891934
8 0.3716592367710169 0.20790545629756055 0.23168152645796614 0.38223756051695224
10 0.49283487392614667 0.21334216569849918 0.16302005766563052 0.34056514970954976
17 0.5463792757805976 0.2657451637681764 0.17841268430531088 0.2563128767565768
4 0.7980857021724506 0.8735789727022978 0.15505042740790564 0.2528420545954044
14 0.5774865971294962 0.8648203256120423 0.3460848631835546 0.2703593487759155
7 0.1664295041838715 0.1492152757088591 0.25941702283992146 0.2551085828492496
9 0.17575035674043477 0.8086901805887015 0.1620573439616777 0.19710624813797323
19 0.1970686725466657 0.6522461149697525 0.3941373450933314 0.6086588966061716
16 0.4998838133198401 0.0738558651746403 0.10023237336031983 0.09143270085408423
11 0.5911595092722541 0.28210078190960286 0.1306103493887445 0.38843042790111126
12 0.7340552589335699 0.5917070300475761 0.09850609905006032 0.08716900137794308