15 0.4484127079174991 0.6250771040738149 0.5229261094253698 0.4285179769785415
3 0.4783523605566654 0.8265393529068477 0.4745282741755551 0.34692129418630463
20 0.127066096748703 0.4972999609059992 0.20546662441111074 0.25293325514533177
18 0.47237257747412026 0.062480866751511245 0.18537015494824055 0.11318022936557429
0 0.1140362908582396 0.7863863377890904 0.10240041300675892 0.22844087290472667
17 0.7743143692273146 0.2513527165817513 0.23681366069768472 0.3262620320390285
10 0.984875762630184 0.8436026455017498 0.00822260311027776 0.006371208890303137
12 0.0982898199812498 0.1420067813494538 0.1825185570217591 0.11729841247611977
16 0.20254100772921166 0.9201795351156361 0.19490097983046278 0.15964092976872782
14 0.8015022943450922 0.6851587645872661 0.3969954113098154 0.5940452800763601
2 0.39198421654166526 0.9388696604604234 0.31601456220555535 0.12226067907915308
11 0.19866556908629524 0.7439938773604837 0.22218381564592532 0.43633931381284685
7 0.895158443214582 0.9036064721514475 0.07501912384546294 0.04903178845745396
8 0.7022006721965729 0.7580497298959945 0.22976257832259214 0.3615332480373316
6 0.7709527977854622 0.509370906800297 0.3956021918004625 0.39116196806702724
1 0.8132468959947676 0.6068034676956906 0.06585873732333321 0.07594542934436295
4 0.6279766114516201 0.2334732312221161 0.4028282229032401 0.4537104516231484
13 0.5225057358627307 0.4815823725333898 0.25683363477870336 0.27454232537660417