3 0.7882468275294171 0.5697897734740572 0.40886293581645566 0.6509346658810997
15 0.35259848760552925 0.608086947041879 0.29394358996106895 0.5708953247427897
8 0.47378242091334605 0.5037937098558938 0.2338390780980708 0.49544686702819524
2 0.5183495271116753 0.8839703529767028 0.23219437056996634 0.23205929404659453
17 0.7679967000393686 0.8488655365499278 0.25145370653952137 0.25397412802189384
7 0.24910212000131254 0.8230139777507474 0.2405108893530466 0.3539720444985053
19 0.05751141106469534 0.18899618462064754 0.11502282212939068 0.23632570257462843
1 0.8408876437644898 0.15134884568276424 0.1895612015966055 0.2222514293497537
13 0.5879974071103626 0.06499214740340759 0.15213018577927465 0.12198477881675157
5 0.6415097958947555 0.7686989303845031 0.21232753954332698 0.25158778271923976
20 0.08809556619789163 0.10904238134154352 0.09642401384016444 0.08822722872636941
11 0.8270532954376449 0.24605566899802114 0.2749150642579064 0.4082862404338344
16 0.14615612250995152 0.7791909076242123 0.29231224501990305 0.4416181847515754
4 0.6195472711801762 0.9248156051180021 0.07882001977166339 0.12558178298109557
6 0.1407258176807664 0.42715675071376646 0.2814516353615328 0.45848016809419956
12 0.6537669871484187 0.08634060108458592 0.16121602570316257 0.16371204787728239
10 0.48350622528542064 0.16003764961650738 0.2923625494291587 0.31469380665788105
0 0.27131263140720013 0.22507411188822926 0.348798233231267 0.42343923626949037