16 0.74921875 0.36909513054244 0.1546875 0.057295357128185745
9 0.63828125 0.4313452519845396 0.1109375 0.11120845477543297
12 0.76484375 0.43001647494026635 0.1984375 0.18463225948093864
2 0.53984375 0.5485824489449003 0.1296875 0.248519508164708
15 0.09453125 0.8841991336068493 0.1609375 0.22876015270238856
18 0.7640625 0.4686370743870417 0.4546875 0.36677221135658655
17 0.62578125 0.3638581764662785 0.09375 0.06572193361304196
14 0.86875 0.18446086222848443 0.25625 0.36892172445696886
13 0.49375 0.4386561496379792 0.190625 0.24842626501318535
6 0.81953125 0.24949118033265857 0.3578125 0.3090678799564433
19 0.309375 0.7124926190769616 0.4484375 0.539057415782384