20 0.4557989854638647 0.46856117430508704 0.4007009994108248 0.5249316534054512
2 0.08498547395279146 0.9357567813494538 0.08948974687674202 0.09929844801612049
18 0.532571084603543 0.24265356720769254 0.49735783079291396 0.476434643645208
15 0.2619949641902341 0.2988764062698766 0.5166350716195318 0.5975588783152684
0 0.705666133495516 0.8543635200509068 0.29505901170746485 0.2912729598981864
8 0.4696059136479411 0.8810218924782409 0.20106357201231528 0.2379562150435182
10 0.49673149503003033 0.9312037058136954 0.2084397347764936 0.13759258837260926
17 0.29709510939321504 0.8469545155686357 0.31383628278470377 0.30609096886272863
14 0.8178955062465159 0.20853602503708407 0.3641544453524904 0.38479075917672423
9 0.9877342658126815 0.677869287290416 0.012663626463433175 0.03769393422448483
19 0.9111303383159761 0.8575263422978753 0.15911242134838516 0.28494731540424945
16 0.13332752518245544 0.9583832764693322 0.04555793969514967 0.05695301156375716
11 0.16378472316722453 0.7348491742520592 0.32756944633444907 0.49886501517078513
12 0.03277159338414172 0.009884077339272455 0.04383181323171657 0.019428769785696607