15 0.4903295860839753 0.8061365000770674 0.2230142153566284 0.22723968792335542
3 0.7458360701119358 0.6233151974998193 0.45907380498831074 0.5197178064210821
20 0.5740533906480787 0.8116989582410584 0.07370129958972597 0.2562322825265743
18 0.04820468412588454 0.3525968031058942 0.09640936825176907 0.12727512287020712
0 0.6830731931375895 0.810306157095615 0.26181660622842173 0.252776743554174
17 0.15348908505829004 0.2019682820749951 0.1980142153566285 0.225492761947254
10 0.46988460227972945 0.12055007839637909 0.3571057954405411 0.24110015679275817
16 0.8691407477016929 0.8087171370449411 0.16936715186945542 0.13218835217799238
14 0.32283338744755463 0.4606823164491251 0.6456667748951093 0.8870956007820153
2 0.7534448927226711 0.8043512611211632 0.26508331618646536 0.22810429217469305
11 0.6658390715618282 0.7575588677845306 0.20561322780418295 0.194897859188292
7 0.5716102777948943 0.2796167985846915 0.3518514556083662 0.38564676918334323
8 0.6069422813193792 0.4109892695632673 0.35947377884380155 0.32807771596455415
6 0.33987594833568163 0.22214507915081494 0.2711934514591813 0.3903859264276804
9 0.04887151742193211 0.29020598597940056 0.06375576929603188 0.08123228252657408
19 0.2131303138881584 0.6449761488022331 0.2584081863123343 0.30234001206014866
1 0.42377735165502955 0.22458253731480612 0.10987375269929238 0.1259560696514182
4 0.08171621575761376 0.5338054997742104 0.13714664772027052 0.14031217850102587