11 0.5264860024323367 0.5715956660078532 0.2989750624991762 0.18347133295686835
3 0.6310041327089901 0.4475551430661007 0.5473730211000231 0.7959077466868215
19 0.8623187678569074 0.46900253574936634 0.2753624642861851 0.6423105750878897
14 0.7776552159077428 0.7837952312312126 0.44468956818451433 0.43240953753757483
17 0.45051165786949826 0.7894263117219485 0.15892280681713333 0.21630070155624662
2 0.6936290434244526 0.2234847710530576 0.2366307954530477 0.30974637865214066
10 0.4812553230491877 0.5743267958898749 0.2325239480508353 0.23450369795434914
5 0.8204211887153445 0.48932065861582574 0.03330342370110628 0.040048147326811785
13 0.24384682629559862 0.6224890593499323 0.15423530681713335 0.21593668050955916
0 0.5086812991064955 0.16541660988335335 0.2923625982129911 0.2745312978790561
12 0.2987876964259823 0.526857311910181 0.17422052434972918 0.19251410504520455
4 0.2596240105500115 0.3968618102033485 0.3677171542193456 0.3074389679593878
18 0.3011239435866085 0.22838433997243088 0.43349788717321697 0.44366392226411555
16 0.13886545129724623 0.29382927351281996 0.2621762662320544 0.3533544909011402
9 0.30067175040374183 0.4323083259413059 0.17040577759614006 0.2588167506651838