5 0.719650432225818 0.3208615154405164 0.12438416558343128 0.19639493375542547
17 0.7204101371765124 0.20318349151159817 0.20184669236879244 0.2681152553881073
1 0.4686083092560606 0.5294582393778582 0.05901253571381489 0.09390956259338559
16 0.3860624107154626 0.21407258326793652 0.16484552434972918 0.18547102278501176
12 0.0319828368522007 0.7798557673969044 0.0639656737044014 0.3569551318728578
19 0.8868867508140742 0.4299396840868503 0.22240820291880398 0.6458047768097431
0 0.2358736757329963 0.47289575129797917 0.3766478693163095 0.3790106098349308
15 0.04804025933549083 0.5136548887130171 0.09608051867098166 0.1976902225739657
11 0.6686804472433517 0.5758353891098388 0.3623750892845374 0.24310899269762226
4 0.7773617463498473 0.44564133403830053 0.13792846834337488 0.15735716970156435
18 0.48811446550729637 0.7692042666498196 0.477411528406919 0.44122354693339977
6 0.21390103855648404 0.7384489855725964 0.4278020771129681 0.5064353621881404
9 0.8032441822258181 0.3176184091680985 0.08167846834337489 0.15517489258367567
13 0.6327214021940459 0.4595819071884312 0.239537607141445 0.2841534401333664
14 0.19087441599046837 0.32590752925162875 0.38174883198093673 0.5190182748300759