15 0.39040223513407135 0.6240088987718131 0.5351469101132933 0.4894527860980169
3 0.402290786997507 0.8205552568293546 0.4719518903416297 0.35888948634129086
20 0.09202172083679636 0.5059658632566347 0.1840434416735927 0.2744317265132696
18 0.46078099110275145 0.059837661716755794 0.18156301779449713 0.11388173458010191
0 0.04621515437316839 0.7973961805872314 0.09243030874633679 0.22988177491426331
17 0.748338046426228 0.23919358481999356 0.22711955140632512 0.3266847465494225
10 0.9093220369975068 0.8270397129728153 0.008003500988583313 0.006310602393863955
12 0.08375557608372339 0.14649389942645222 0.16751115216744678 0.10965446551957109
16 0.11941993718778736 0.9241704417118578 0.19058519072219057 0.15165911657628448
14 0.7754974767311144 0.6801337172680869 0.4253209239534577 0.5760801116263735
2 0.30728735171252386 0.9382029877688237 0.3131950197716635 0.12359402446235256
11 0.13098613137001908 0.7511938671591232 0.20061540121604468 0.4306211241194056
7 0.8152245271116751 0.8888246047252186 0.07515650889724848 0.05681966250232264
8 0.633489048860505 0.7498822677512526 0.23808622631118492 0.3788408027553928
6 0.7232558388981236 0.4973935928868259 0.36557455634924096 0.3590013486814309
1 0.7570140735750843 0.5945534241379872 0.06147601087441501 0.06921057819336719
4 0.602880966388172 0.2172269867214012 0.35986306722365596 0.42769074628756687
13 0.476922008365776 0.4777702239073864 0.2506552104938541 0.278962007543121