5 0.7177147605734548 0.47795327554303113 0.15258331618646537 0.2246245670862296
17 0.7383484145175027 0.36374906558498743 0.2502171780139644 0.32977196847238743
1 0.43874746575761375 0.5891052675119849 0.06962726099766207 0.10438915463557853
16 0.4139413329836977 0.2513516984925654 0.18984651784613935 0.22424667386477967
12 0.013491047090926194 0.6694293139704705 0.02698209418185239 0.363858627940941
19 0.8355157219813911 0.6449070525873044 0.3041047303029828 0.7039204785702855
0 0.22440246845690615 0.44801729074122776 0.4414360190955392 0.4961589056844859
15 0.048388110578099254 0.4140954262812671 0.09677622115619851 0.2198575192292009
11 0.6236893055897886 0.7083648658585034 0.38473388797200825 0.3185062722112981
4 0.7519695161725323 0.6217989790022335 0.15490283278320494 0.1834314971002149
18 0.4167037545501702 0.7750024603076794 0.5345707124568435 0.4499950793846412
6 0.19963037924943122 0.6989583333333333 0.39926075849886244 0.6020833333333333
9 0.7986212184569061 0.5060328841211095 0.11283373195336796 0.1812524603076794
13 0.6096403062144885 0.5822753474622357 0.29406226639624683 0.36320100526492305
14 0.2171875 0.29590164620354714 0.434375 0.5918032924070943