20 0.42743232324512437 0.5242326624469306 0.5243865388914761 0.6971491571963254
18 0.4735146376112979 0.31972570184263344 0.5904707247774041 0.5945552969979103
15 0.2639532393563383 0.39228197738698195 0.5279064787126766 0.7762306214406306
0 0.7240513250867098 0.8417078065810367 0.3231525487788332 0.3165843868379265
8 0.49484479030573303 0.8964701165765109 0.22895479852673173 0.20705976684697827
10 0.5248000880761601 0.9376690295065483 0.2294903940675857 0.12466194098690338
17 0.3189924844895343 0.8700038131362113 0.35225018689433424 0.25999237372757733
14 0.7560482681852303 0.25095319781614006 0.4316534636295394 0.3804828343642025
9 0.971614011981044 0.6201273188379575 0.0052009522295730195 0.03992345535369211
19 0.8908835460057162 0.8195984139609067 0.16098033070981826 0.3608031720781867
11 0.1780000418183423 0.7860969107073842 0.3560000836366846 0.42780617858523157