12 0.15663796347540615 0.25256878007772005 0.14036372158978572 0.2326421692991282
11 0.38812810227677147 0.7472442821445718 0.21299447240056457 0.4168294528422429
1 0.18148223052153473 0.3811350655540249 0.18609323295387142 0.14987813610564918
10 0.6632956976503889 0.766256010766207 0.19233532467404083 0.2691017327863013
17 0.614055402601083 0.6536783081399379 0.18762055113509035 0.26654480277231585
5 0.7007856095803721 0.4056491673349755 0.14768529788867965 0.19593149710021507
8 0.38960305317027594 0.8729702176908037 0.18976370373287824 0.1918605338927506
19 0.1767050016248531 0.723433194461561 0.3534100032497062 0.36980027774354485
2 0.814787834012827 0.5179254492122238 0.24120920129724616 0.30732889848637285
9 0.5526018851512127 0.9376443338679804 0.09701136769475163 0.02020433140014338
13 0.09472039042292314 0.4704206685998567 0.18944078084584628 0.32165866280028665
15 0.5030202654245708 0.4339524940358056 0.36934565827653537 0.5595414766370953
6 0.3431424793037187 0.3096665795183029 0.21140469886161428 0.4145882539486923
16 0.15015476948505585 0.8669942478508361 0.2502921006486231 0.1667672907412277
20 0.5115013725693109 0.7992773034406245 0.14293534253094825 0.30988336819267864
14 0.008453833605789824 0.8132414760714857 0.016907667211579647 0.15685038119036201
4 0.6672468120987297 0.8220324140855548 0.2981762215897856 0.248586590881082
7 0.8726157451320313 0.33211288849117404 0.14060918344033874 0.25139216929912817
3 0.20264198457872448 0.15490814273815237 0.36034103084255104 0.30981628547630474
18 0.7519680543847966 0.25842104079257733 0.3471433758091312 0.5168420815851547