15 0.25479385128900206 0.4334107274297644 0.3515123347389967 0.7130952924754607
3 0.29946200863304695 0.32786302069079193 0.25033054805854277 0.5769029151673333
18 0.7785478825986849 0.6616238529893759 0.43661349339590616 0.6179285854746326
17 0.6122854412396861 0.9149798365938556 0.13092383068109026 0.14267266640481088
14 0.360114961250822 0.8075683541550531 0.28143400270527097 0.38132411188822934
2 0.1638710486553187 0.11017962282280044 0.06954997867599957 0.09219996773267093
11 0.2189585379933185 0.06392207273241829 0.0533613573360908 0.027495429611609327
8 0.4304194652689575 0.6289100530890489 0.06667951734563574 0.12134239344179179
6 0.516328598583731 0.8105229729444374 0.2469862773710892 0.37272412802189386
19 0.6504341626352742 0.3071455264135966 0.6991316747294516 0.6142910528271932
4 0.5281837085853219 0.7948070693536413 0.3394464973742709 0.4046892362694905