11 0.3376884120160975 0.553498651318569 0.09368101581733086 0.10070298776882372
3 0.554658394715892 0.6611646638116009 0.4954371057783996 0.6724346255469384
19 0.36219236901272944 0.8251191212643397 0.4230050543720746 0.3469498063960254
6 0.06767168376492731 0.41812579534319955 0.06300933596955512 0.017151485817579606
20 0.001280021217357204 0.8029674337759533 0.002560042434714408 0.035513630496849184
14 0.17574280482918514 0.5840106911290192 0.3514856096583703 0.45281195107529515
8 0.11135535817549551 0.8687917271679086 0.22271071635099102 0.26222261800381735
17 0.32786903752897956 0.28697137015778984 0.1504987015966055 0.2219484173804331
2 0.6668506941078697 0.8748268407581996 0.10499520060802219 0.21534692349602125
10 0.4672750943353311 0.453558559204637 0.20741986364988402 0.19323020842836094
13 0.5546835469205197 0.2258510212145032 0.12821252471457925 0.15720751782305306
0 0.7936970369975069 0.8134405357897071 0.37262305239490806 0.3340619510752951
12 0.5804701141069946 0.3277101256905393 0.16277852570316256 0.16372416835605513
4 0.7625676896964263 0.3752443027680659 0.277315869581383 0.23126350949436514
18 0.827679400647391 0.6215557005051296 0.3199384041817942 0.45029228050614
16 0.8300098576812038 0.3663897888475011 0.2853193705699663 0.23757411188822933
9 0.6423188566926207 0.37409424630024 0.1527668557412188 0.14281811215008489