16 0.32005746958340603 0.44111542968039436 0.24030938057487852 0.5831622408195228
6 0.4975005079840658 0.452978474519945 0.20943981380268878 0.5257644149594479
12 0.4612985835317442 0.5047215139156478 0.09573370031656907 0.17253359960058343
11 0.47639135226985563 0.12740318625173278 0.09721729546028879 0.25480637250346555
5 0.4853067333734596 0.583165507247688 0.00486935642649069 0.00884351636387161
15 0.3461977354185236 0.23341887959023858 0.25760452916295273 0.46683775918047715
1 0.41473215743006986 0.7456864640187345 0.050528848904643375 0.10110522464889395
19 0.4986752484171544 0.7562948361357147 0.24099603919208262 0.4003390905167277
9 0.39509795585985946 0.8953887712922847 0.10571645407749282 0.12997402667183924
14 0.49501566864633395 0.2454104157324189 0.1024838054894186 0.19613051030796763
4 0.23498482145755023 0.8037001163509404 0.26986518527287434 0.3660702497101359
3 0.5982673861181689 0.4783828421916186 0.40961697321131557 0.7699387078985372
17 0.6063393327403214 0.8942205044129788 0.02650031551854859 0.07147097616287018