16 0.32771630235620175 0.4670822049166701 0.3126513733734993 0.6248867523438751
6 0.5011441197266419 0.5369640316842363 0.2302286111986346 0.530889173941064
12 0.4615361489476351 0.5765084651444232 0.1101034772718286 0.18085736364988397
11 0.5104817581176748 0.18201036633568055 0.12591148376465036 0.31495470093755007
5 0.47838668385067107 0.6629013590860706 0.004796594155801514 0.008588001318110846
15 0.37184990625123576 0.2609984387822053 0.2875501874975285 0.496530079086654
1 0.39526844643257286 0.8011954473499261 0.056051176947516976 0.10713779315573836
19 0.4760684330398922 0.8236434967295101 0.23456946347211088 0.35271300654097976
9 0.3644666854755242 0.9362841004811687 0.11586255357072242 0.12743179903766258
14 0.5155765868522006 0.3303090349795135 0.11665348620028233 0.20411358762958745
13 0.4546193161526242 0.029911127856757234 0.034511367694751625 0.012284231888368809
4 0.21460878165992048 0.8059166228642667 0.28769446347211086 0.38816675427146663
3 0.5981185312528833 0.594352948033769 0.4048855121715693 0.7527270000495747
17 0.5716382573101912 0.9884089690739686 0.028834112012708957 0.02318206185206293