12 0.1715219958433649 0.17978902148938228 0.21346676959604127 0.21192391856765383
11 0.3153542830568904 0.8316915038329628 0.3536491518867795 0.33661699233407444
1 0.17256400712613598 0.3114946916119131 0.2106432979675712 0.29679378108728344
10 0.6186718481797275 0.9654517023566043 0.21536423871722904 0.06909659528679152
17 0.5957093727903338 0.8501525184106167 0.24615490063313814 0.2996949631787667
5 0.7637870860390266 0.6760038870258005 0.15477373119538154 0.2362477327051849
8 0.22246443791317078 0.9439577665096296 0.33857441818411543 0.11208446698074088
19 0.1616468906705154 0.6682787465286416 0.3232937813410308 0.6073908263906165
2 0.8564482959890143 0.8278459296894435 0.26228000580598765 0.34430814062111303
13 0.08292850877548863 0.3578502753378393 0.16585701755097726 0.30736721734234523
15 0.48800348753009465 0.5362685076349369 0.5205137061225569 0.5698360506446901
6 0.36277146997911747 0.316973592900246 0.39633206004176513 0.5927546067237027
16 0.1041068944979461 0.8517315464656172 0.19248433135366608 0.2965369070687655
20 0.4367458982588698 0.9137994853913576 0.22963733887551352 0.17240102921728492
7 0.9288126924655173 0.6868998328632692 0.12427990063313814 0.33867010367592554
18 0.7993789082214926 0.48069091467271396 0.3983324807331631 0.6844212733903693