11 0.6615902020606592 0.741932845244529 0.12488344606059662 0.13814402056170064
10 0.20044290496973308 0.5092377196990667 0.285919724904398 0.445656241339609
17 0.3466881750909575 0.681642914505688 0.3420280149463544 0.4719290064906249
0 0.6138704780046758 0.19139683766407803 0.5097590439906485 0.38279367532815606
5 0.34261321388351396 0.9043595752200522 0.233264631123531 0.17811682142653165
8 0.7066103945967709 0.47145024892445364 0.560968191710919 0.5352806709908208
19 0.8624898512308222 0.7351766455710373 0.21511031743586528 0.46273346428398815
2 0.15002008163405142 0.7511173024907822 0.30004016326810284 0.44678354761622313
9 0.2291528585035068 0.14334353300902175 0.33172728714217126 0.2866870660180435
15 0.639926844382345 0.8485464924305334 0.44664189212119326 0.28086999566705845
6 0.8782896821399273 0.9376652629955294 0.10104228174358668 0.048124310605161945
16 0.9478632792447869 0.4273447803119176 0.060465748550107536 0.13040306709908217
20 0.4004904491608742 0.49001788474417557 0.3143336805127642 0.8083380649326114
4 0.14657900207459246 0.22366504978489074 0.2931580041491849 0.44016990043021853
7 0.16255886097908456 0.9012680335517378 0.21378092531467216 0.19222741341805877
18 0.27878658960846026 0.970342950219503 0.21186138257342346 0.04862287229246078