16 0.7299826550794759 0.1504573097284265 0.3687401094333126 0.300914619456853
6 0.6778001401033514 0.39485709410146014 0.35800101687504104 0.2512877333969667
11 0.885570456167935 0.5477980913961891 0.22885908766413002 0.34745899204327063
5 0.5053845145976062 0.8841880781349737 0.17286212504240908 0.2192605369191502
15 0.846076391832632 0.2733435314025525 0.307847216334736 0.4610498720559974
20 0.2082168487183572 0.8179364408550924 0.2850545901960187 0.26889836982811893
19 0.3939385499921507 0.5680797021536396 0.4251984736759482 0.610518012518542
9 0.3766939639724833 0.14847240308721324 0.22488098202865067 0.2969448061744265
14 0.73967766904411 0.8774268114258847 0.41990081614940156 0.22934073785272394
13 0.9874529038983496 0.5806216176003112 0.025094192203300735 0.1256060444515148
3 0.6332465866526397 0.5737457101103688 0.5881895469969258 0.6317891574368438
17 0.2149827146902735 0.7480114444090925 0.22526292794496666 0.31170294048375574
10 0.10394103256895562 0.5965470062062432 0.18365578130301125 0.2735726542541803
8 0.1623214399258662 0.11218485688521228 0.2433928798517324 0.22436971377042456