11 0.511038764248958 0.5029818536896902 0.3046537452503474 0.19346697368735674
3 0.6180901576756942 0.3618776020296579 0.49161606990722273 0.7093943571089042
19 0.8509208414712844 0.3481874254523721 0.29532164494534746 0.6425331910765057
14 0.7600724102411454 0.7236047825117017 0.4363077080156252 0.4920096759430176
17 0.43132981440145785 0.7320989861102608 0.16784472948277784 0.2255800461338815
2 0.6838275265011458 0.1391527529285685 0.23470622758291668 0.278305505857137
10 0.4655989776798261 0.5127353108758733 0.23833906743868066 0.23981673257221156
5 0.806752614172708 0.3745226599769627 0.03346711664125017 0.03928267589344294
13 0.22684429578409687 0.59751348877127 0.14549695079743066 0.19730826220491954
0 0.4984719079600346 0.12274161723750794 0.30305618407993073 0.24548323447501588
12 0.28331380775194415 0.492459028948865 0.18143445079743065 0.19926071675488083
4 0.24645154701836783 0.36853959548867815 0.3606504785328474 0.2714381001764283
18 0.2902587112466665 0.19758065414461312 0.4163575775066669 0.39516130828922624
16 0.13294789865135412 0.28532296177478395 0.26589579730270824 0.3622629631424696
9 0.28729409935506917 0.3985816949564763 0.17943684612402794 0.2636742714316958