15 0.7453292490819161 0.3009494702450782 0.5052600375918626 0.5817791136320698
8 0.7466683505991248 0.23963314881195605 0.4879132988017503 0.4792662976239121
2 0.9373406322719336 0.014702329549698474 0.021556006667960047 0.02940465909939695
19 0.6896865742171497 0.8785055449202174 0.17898561151914832 0.14563042099411613
13 0.19103978158822002 0.447083184525771 0.38207956317644004 0.5312441872261704
20 0.46726956921618 0.9180079702428813 0.13510806576151388 0.1425288755399701
9 0.5011815389204969 0.6571731093123093 0.2049101248550679 0.23776982900258853
16 0.9199949249854524 0.4934788863723239 0.11868532455550565 0.35850461255322824
18 0.013935083180319349 0.20272498809539502 0.027870166360638698 0.19455002380921
6 0.8314909211924306 0.677570606609713 0.28064293274067403 0.48085471969467314
12 0.1390306780295683 0.22381050865929256 0.2780613560591366 0.3565456493480816
10 0.46333033680416336 0.48538374892225683 0.3716825209219632 0.4642502380920997
0 0.620952033919527 0.688711661261474 0.5268479951682081 0.6030851883072091