15 0.525 0.7927905051002985 0.2046875 0.2185970550551417
3 0.78125 0.6200255532246506 0.434375 0.5272199590737608
20 0.60859375 0.8010113642953361 0.0671875 0.2609548857560133
18 0.0734375 0.3196636520031172 0.0859375 0.12326593914528843
0 0.71796875 0.8035024417467873 0.2453125 0.24770155962079296
17 0.17734375 0.17270725891532906 0.1890625 0.23576839945296785
10 0.49375 0.11603151396427804 0.34375 0.23206302792855607
16 0.9109375 0.8069227117266092 0.178125 0.13258000719811303
14 0.33984375 0.4553817394188045 0.6453125 0.910763478837609
2 0.78828125 0.8036901582036725 0.2453125 0.21228489295412628
11 0.69921875 0.751230161802729 0.19375 0.1987419961336201
7 0.596875 0.2667786893302998 0.328125 0.3914851009789801
8 0.634375 0.40048991588508304 0.3421875 0.33665589102093635
6 0.3640625 0.2007173244693539 0.23125 0.3775307695788367
9 0.07421875 0.25708471922300846 0.0578125 0.08084102572804248
19 0.2453125 0.6200067737125404 0.2421875 0.30780249516702496
1 0.4484375 0.20677591755094948 0.096875 0.12020433140014337
4 0.11171875 0.5032959457777917 0.1234375 0.13330471259050516