20 0.5025439823600029 0.5069157974943975 0.06865482473980081 0.07911991843944459
2 0.48649742198083884 0.08805241071504609 0.2386198439616777 0.17610482143009218
18 0.5135777368825586 0.6682286604630087 0.3744156603337355 0.5526254341424078
15 0.5893711957252714 0.3477806352607401 0.41261062188998177 0.3332468044562968
6 0.41493659825709084 0.9049078121849533 0.34561347241038015 0.17718902304824102
0 0.32372958559393467 0.45510351456560144 0.23234991180407363 0.31308710714194465
8 0.4064358649925768 0.35032897948490693 0.11156602103089916 0.17824883814546313
10 0.34267658016686775 0.2605291824988422 0.24115834577069997 0.2592598713262965
17 0.46373935266810495 0.19628179622782357 0.16246677973732648 0.2027171887025002
4 0.9323764880142125 0.5316620245732397 0.13524702397157498 0.5337247380946297
14 0.35033078640758875 0.7139693682890738 0.5529500961093843 0.568569974668519
7 0.2167769007227971 0.4803243329542128 0.08106629353213639 0.11695934929046305
9 0.23693442898978545 0.9135606860443979 0.07186171189493056 0.08130023201592612
19 0.16710552860567265 0.7290419575740276 0.2944138998182859 0.46274941818527815
16 0.5404446155584037 0.07813530990597162 0.14800148801421234 0.15232926772990757
11 0.559843068746907 0.13622234409921272 0.2153328301668676 0.27244468819842543
12 0.9117331173674259 0.13127497454782308 0.13879026232447203 0.15620499366712975
13 0.660082001920564 0.9129441081586104 0.16264384215265543 0.1278141689456485