3 0.8139908572240934 0.5968177589646129 0.3720182855518132 0.620498327180118
15 0.3819847594287212 0.5808099990452151 0.266744419999125 0.5517953511563616
8 0.5042789120904596 0.490328990133701 0.19576607513232122 0.4778120462550289
2 0.5406898918616856 0.8889115759070951 0.20474053262324468 0.20932870581369536
17 0.7931463884016444 0.8631094078612791 0.24781937056996614 0.23914990048799797
7 0.27409795805957715 0.7846629821769717 0.20986838441013064 0.3260196142584225
19 0.06775518577927471 0.11983942043284902 0.13449169961943913 0.21032115913430197
1 0.8770466141441757 0.18127687539788606 0.1715460306460784 0.1963196284744228
13 0.626192426882026 0.06028041772757807 0.14300985376405215 0.12056083545515614
5 0.6677524575652856 0.7754290541057024 0.18292919961943924 0.21107265425418026
20 0.12512467539915137 0.05329323286654648 0.09304434585538686 0.08057268979418106
11 0.861911045474826 0.2742639891789162 0.2507135603035736 0.3849589920432707
16 0.16231819965662017 0.7332470275302436 0.29124040121604466 0.43348170316145224
4 0.6435257317855734 0.9290025269998233 0.0691266847906915 0.11560148801187822
6 0.1552100593149905 0.37276975641842547 0.3008700692008222 0.44196048716314906
12 0.6925495973382617 0.08372967372163895 0.1444741946765234 0.1674593474432779
10 0.5201453567298018 0.1449349279652137 0.2715407134596035 0.2898698559304274
0 0.3075471976422728 0.1936765448758794 0.3274670612921568 0.3873530897517588