3 0.7778052053720838 0.2617720995331828 0.44165556852064736 0.5235441990663656
15 0.37947855475916764 0.6673570758229423 0.4568116768147214 0.5823518257486342
8 0.4416934651740284 0.44252257513397086 0.40378513016055495 0.48569084146439984
2 0.6178391342595383 0.7936440421879046 0.2669112638079625 0.34440081775415954
17 0.8629444571155102 0.5325537355998937 0.21560304203601816 0.29764280066045073
7 0.36217560315676056 0.8717663245132952 0.2243342016024071 0.21726609594572086
13 0.34917979377944447 0.0038640799567715876 0.14539041244111103 0.007728159913543175
5 0.712397652968473 0.5502022186427769 0.18827912441111075 0.26067360904219233
9 0.14945532144185222 0.24799933912430158 0.08677683006601847 0.06555940556881398
16 0.214528915079492 0.8570746244847744 0.2626544078229626 0.2320948833731085
4 0.7994308868514364 0.7771799029555319 0.28009476899175867 0.35559374689662204
6 0.13661356884995407 0.7341922682667641 0.27322713769990814 0.45244879679980515
10 0.310665514985741 0.16564207802644884 0.331793970028518 0.3312841560528977
0 0.1650789043825927 0.39354157402921147 0.3301578087651854 0.46291685194157706