20 0.4659459077768296 0.5014570451531444 0.1608091832079957 0.3553181121500849
2 0.6082255688589189 0.09803345231910936 0.21636136228216235 0.19606690463821871
18 0.5188782009951852 0.730151013147671 0.27864734656639667 0.2854180556822591
15 0.640216007652995 0.5657124310518155 0.31077064185166686 0.31066046525771557
6 0.37479209905210514 0.9197592819463462 0.09564644789030421 0.14445298776882373
0 0.358323960505698 0.3179668401035605 0.3462801104201355 0.4775574210210658
8 0.3974656972711316 0.1832902171498323 0.2613186054577367 0.3665804342996646
10 0.5185594472711317 0.18030251913233125 0.1648417117440431 0.33660447358640333
17 0.5681570328792734 0.2361525433328281 0.20179374813797324 0.27649081888905724
4 0.7719603515333046 0.8635678008168218 0.1669093258882322 0.2616408350227218
14 0.5535207206398923 0.8340207280844035 0.38003006410140794 0.32577709965705304
7 0.19845030851983664 0.11117956232155839 0.26872438296032675 0.22235912464311677
9 0.15884822953123254 0.7516887232654204 0.18918243217453842 0.2284893088709808
19 0.20855090053811928 0.5952205546475096 0.41710180107623857 0.6553922240383142
16 0.5366802086436712 0.04394253864477284 0.10476458271265762 0.08788507728954568
11 0.6112156741117678 0.2556048365938557 0.1766182737785364 0.40542719645904035
12 0.7305135219210188 0.5743844432829915 0.10156680810555194 0.09034692349602125