16 0.20186155777623838 0.6172608486986634 0.40372311555247675 0.3939183418374609
9 0.45864649127742296 0.5330973074991207 0.19555114357108555 0.1620739878881923
12 0.3846169954266078 0.5355211066873565 0.10120914772027056 0.14145366061076275
2 0.5895781051795146 0.4561622188185608 0.32398471950581326 0.23609553536920938
4 0.8544828999953555 0.3455955883264022 0.13716995850815117 0.11845179152173463
11 0.7663378242611205 0.7762081174141373 0.3043378381817899 0.43686098183228855
10 0.04856969179955438 0.6720660177812261 0.09713938359910876 0.16968481980417113
15 0.8138229338135347 0.3002939105464692 0.08693316016782511 0.1088431725293278
18 0.37452086762706915 0.46419889092907535 0.27097811867597627 0.2323967943564438
17 0.33216281118886604 0.790858447075135 0.4248638257342351 0.41828310584972994
14 0.1569711277995387 0.41334961738180953 0.3139422555990774 0.5475325680969524
13 0.583672569911443 0.36643012508063844 0.32493375809787717 0.38941189698497924
6 0.3138802881678565 0.3831830256732977 0.23156042116548728 0.22189526910195928
8 0.7923847190816061 0.38704993660625236 0.2606559253146722 0.21470976162870084
5 0.46336434438234503 0.8843954410192312 0.3122668921211932 0.23120911796153767
19 0.7106862784195942 0.27544318670287377 0.24337518216314943 0.32049217980934347
3 0.8431156570443255 0.6147707408518507 0.2867736751141795 0.5923032779925724