16 0.2563720249815441 0.5320020959813807 0.38493141424880095 0.3415808044381822
9 0.5105297964193438 0.4299126118788487 0.19028264342931003 0.14154480277231585
12 0.4370422316445192 0.4362906265423982 0.08851988433001132 0.12711687469152036
2 0.6390565121816176 0.34365630537381464 0.317185104872647 0.19375738092303837
4 0.9012875994739762 0.2135362945766452 0.13223031153562204 0.09836164260449062
11 0.824157907152087 0.6504862254235638 0.27926120758582584 0.40761354855630005
10 0.08685006939830313 0.5983256409386242 0.12087130937615384 0.15319085256253426
15 0.8592409993816912 0.17172853302885469 0.07598031153562204 0.09267848243666546
18 0.42426282695644224 0.36640448657036906 0.25760984577334833 0.18359182296811175
17 0.3889608867940214 0.7426052489510929 0.40257759407530547 0.48226919669303714
14 0.1682841347914366 0.3326037073255822 0.3241522054263574 0.4681259186821689
13 0.6316259415466968 0.25438870316091605 0.3013574506459955 0.3497227308531112
6 0.3617139597452941 0.29003277841185354 0.22433627081949092 0.20303544730999643
8 0.8399088109173134 0.25951318309878185 0.2588114003691402 0.2085918229681118
5 0.5242358551771888 0.8294234746729428 0.28515265730897055 0.271376473038039
19 0.7555455004614253 0.1560925237793712 0.2391182665005543 0.3121850475587424
3 0.8789841980251019 0.48795268406537684 0.24203160394979628 0.5863066185423146