16 0.744594110798188 0.47392695884778746 0.15725912094116268 0.08921736822291328
9 0.6272566063339613 0.49448581834830574 0.12030459172016936 0.12797186651608072
12 0.7468463575517772 0.5403509448166626 0.22158644805083547 0.23365431551207844
2 0.5107179427791249 0.5732566708332615 0.15963191882984215 0.2704673682229133
15 0.05846351623534969 0.754521386044168 0.11692703247069938 0.2951238945783307
18 0.7377889573896216 0.5764349834022561 0.48492401947846525 0.43725148711101025
17 0.6297464066582729 0.4235311446660765 0.0978568474022122 0.08252310163153946
14 0.8789299748394919 0.28763203269942583 0.23903086688067746 0.493079711985474
13 0.4897253786550956 0.4479327725589172 0.21434669236879245 0.2767976137675994
6 0.8253861891256769 0.3833636010541017 0.34126374837514684 0.31370951536149244
19 0.2600999285723701 0.6478794599899227 0.5201998571447402 0.6439663011044885