11 0.6501594674172234 0.8839060064890719 0.13581132535009016 0.17711188713987885
10 0.24111808537554352 0.43672682378211164 0.3073248880489977 0.5095120864938354
17 0.356381100731997 0.6743720193360794 0.378055558720543 0.5639843917802063
0 0.6859209606938169 0.3304020421360121 0.5562169213876338 0.5847586762834566
5 0.3208083220878141 0.8802771192323751 0.24584085335772618 0.23944576153524982
8 0.7119647453453176 0.6373752491924456 0.5760705093093648 0.7252495016151087
19 0.8556827614178598 0.8639334520102556 0.2529635573679074 0.2721330959794888
2 0.16640099073040615 0.6410467950628783 0.32636578938572486 0.5445935901257566
9 0.32139428934595393 0.15382290926754089 0.3552885786919079 0.2808405406234028
15 0.6130230940881323 0.8832523838440932 0.45703289202736225 0.23349523231181354
16 0.9672709580283169 0.7170412632814951 0.06545808394336632 0.14822230528637068
20 0.4353862533815887 0.5141662502008518 0.3823634400859051 0.8787134059717552
4 0.212510185351681 0.19987524919244568 0.368770370703362 0.394505987489128
7 0.14751572541372357 0.8026946105727415 0.24138971069381693 0.2889558379736606
18 0.24930603942549578 0.9277160259276508 0.211919292011454 0.1321669158591123