14 0.08206112548147447 0.9008712444303036 0.15663179508134395 0.08992417780605942
15 0.7831579336450255 0.4191048691916429 0.43368413270994904 0.5525725476341782
8 0.7939090812838934 0.32206017674521875 0.41218183743221337 0.5293164960746632
19 0.651056565176624 0.9482972372162479 0.1628636143631848 0.08585447825163518
13 0.23977661406859713 0.3390114621790929 0.31926919222923245 0.48200441427963375
20 0.4329469146108901 0.9193872985890338 0.12408291549465282 0.14983176713345353
9 0.5060884570599554 0.6713608141311558 0.17748971662612104 0.2152393209208469
16 0.9448953852440318 0.6853579660514018 0.11020922951193626 0.3517454080203626
18 0.07445964451560987 0.054953794663697104 0.08329428903121974 0.10990758932739421
6 0.8316293334251925 0.7902768576278857 0.2735930778660478 0.39796806938254314
12 0.2029209878015557 0.13189167732866688 0.3027169756031114 0.26378335465733377
10 0.49747146028140926 0.48710702302145864 0.33788283684303816 0.4510453156163608
0 0.6141554871141847 0.7280214647783081 0.47729077048806356 0.5323695005304203