12 0.23611386578694454 0.06158966304862205 0.1991004642790739 0.1231793260972441
11 0.23798483039532514 0.7226732760449207 0.34072061922731445 0.2622933710226512
1 0.20953295047111142 0.18444144052534714 0.1835137119699997 0.2367917503386843
10 0.49828946894370507 0.9274154236411388 0.21218693317629622 0.08118798884300939
17 0.5048312863330567 0.7921625312847318 0.22640384099925887 0.29785465550967605
0 0.10365091220476992 0.9684711744314022 0.16978481969842588 0.05126590079851117
5 0.7117927687554176 0.6128350806596867 0.13091639227157384 0.19371456505314816
8 0.13451524368490803 0.9031191316151681 0.26903048736981605 0.19310663952862583
19 0.13211057950037058 0.5307439499476766 0.26422115900074117 0.5343454334379801
2 0.8037964666346309 0.8106735700313422 0.29425572233759223 0.26526788481746116
13 0.0929496261545371 0.20995191994602702 0.1858992523090742 0.25509616010794595
15 0.47097086206375066 0.44302270616771305 0.4769109803961106 0.3941630333168374
6 0.3942305792175467 0.23413747776308597 0.3615388415649067 0.46827495552617193
16 0.05161385226180598 0.7387275878187085 0.10322770452361196 0.3098264586155703
20 0.3270877036751402 0.869906830243935 0.20103340263916641 0.2193519448207603
7 0.8874181938731954 0.6503336416432112 0.1516184544771292 0.3195880280411989
18 0.7999748568799544 0.43040178652454286 0.3729834809617584 0.5880576511371955