20 0.4410105506154111 0.36018183258624853 0.24739890871793263 0.23825948799120292
16 0.5962918916969858 0.2151438701068095 0.281113825734235 0.430287740213619
9 0.463026337958075 0.45287100343171927 0.18397502614450906 0.19214535444682354
12 0.5649906570443255 0.4967262099067598 0.13021140871793263 0.2337130773289348
2 0.3671755060000627 0.8775344686379104 0.14081702199532425 0.20086469446624353
11 0.16171875 0.21639388202693058 0.3234375 0.43278776405386116
10 0.7597623958461707 0.21061868962903046 0.1484878120372805 0.22610716970156433
18 0.542674258699355 0.7522376372842443 0.2583867207552132 0.459032202515706
17 0.4044623570536142 0.010615932700195079 0.08170028589277148 0.021231865400390158
14 0.833764890447586 0.44472403633453694 0.2850890854824974 0.29792643511880157
13 0.43820116886718025 0.6565112633067763 0.24214456888575775 0.33783515632939115
1 0.43832787157576136 0.03704185317212345 0.08683807178554286 0.07404613020133613
6 0.7062757400280232 0.6991188999747294 0.2411740647365729 0.3481912041872277
8 0.2520618367086752 0.7084256400109965 0.26274417926336435 0.5631382503735424
19 0.4047813271609056 0.9290833796083241 0.2232258576783142 0.11467601442740355
3 0.15910231286247314 0.5229229293571518 0.3182046257249463 0.9416541412856964