12 0.1320164141499686 0.44127312656069884 0.14166668874473984 0.22507938947037923
11 0.5033383757601992 0.791097797107908 0.19570440271722306 0.3815741074364958
1 0.1950372585223385 0.5478471898410483 0.18775794954451303 0.1377513558333879
10 0.771413763964634 0.6930951031035906 0.19722720798203355 0.26095902891248574
17 0.690270402169069 0.6113523923938682 0.1811656983633867 0.24356484621474123
5 0.6966493438242157 0.3471923371007852 0.15323910580511538 0.19024473562857505
8 0.5437575338348999 0.900810091966654 0.18674108656782168 0.1585119375636135
19 0.28964046350914713 0.8448511425352315 0.36685022721932725 0.30214953538146244
2 0.840446473042976 0.4020302745513079 0.23031252649368775 0.27290347924441655
9 0.7239361071558778 0.9111936576092561 0.09818452885594056 0.054510599392684135
13 0.127944016959859 0.6740376786475663 0.22526292794496666 0.31844580616531865
15 0.5173189970895932 0.45879289886284474 0.36643854336872883 0.524775195635698
6 0.32683784082899087 0.4134291761722229 0.20535222122887742 0.3924272837218093
16 0.3136806534350134 0.9563689958932762 0.25314484736759474 0.07212967476702374
20 0.6387128805695227 0.793138116772416 0.15656749164729752 0.31732806896190835
14 0.12807053564899853 0.9775264366631052 0.08374008293962455 0.03927250163138041
4 0.8041469076113646 0.7781347801763216 0.3063492368379741 0.31597888952692466
7 0.8376885168750409 0.2071294804799796 0.14689982576804833 0.24613097761303598
3 0.15787453130301127 0.2638128036334299 0.312911750084818 0.4473743927331402
18 0.698435043916883 0.2266467795585401 0.37499508783376606 0.4532935591170802