11 0.508773994539051 0.45217684968622934 0.3060884570599553 0.7050668435092912
1 0.9584421964326448 0.4897687692875567 0.07891586123992696 0.18792530330995472
10 0.15898657621572776 0.7913237024486275 0.17770788524403183 0.27758618548049774
17 0.28770192867505573 0.8240594519872021 0.2886817466803503 0.29539844951396693
0 0.3211477712736306 0.14444790407284316 0.1168885599120669 0.28889580814568633
8 0.4300455274219507 0.26469365103974357 0.3336589451560986 0.5293873020794871
19 0.7041870093697739 0.276193952294819 0.5916259812604523 0.552387904589638
9 0.2624848018188392 0.5179957217792535 0.19797493344863373 0.26890509767441934
13 0.9857051749626227 0.1479825858619383 0.027535168421519172 0.22518626979205128
15 0.548376329142594 0.6830806919650528 0.3179794030016209 0.5665515587055504
6 0.789024055040293 0.657312424437059 0.41802485479701906 0.5855126136089592
16 0.5598835392276115 0.04087201727574664 0.10835792154477701 0.08174403455149327
20 0.34174505494209717 0.6091035790697662 0.25326239714788856 0.4110778099913877
4 0.1828058712970717 0.7018211114556411 0.32064988504764014 0.46265190417128205