11 0.3545816960534521 0.5005430363345807 0.09623974801081765 0.11291015528388636
3 0.5589793894016332 0.6321825961120904 0.4838703014003606 0.6917432926262722
19 0.35551912941595076 0.7871105525414204 0.41891582137172556 0.40612597768601877
6 0.09821242270049844 0.3256315113827802 0.06266363200190901 0.023117314940253427
14 0.1794998800524976 0.5033965181672904 0.3537635360439071 0.45570696366541924
8 0.1140583354153144 0.7977293064981493 0.21688060669954395 0.33787472033703475
17 0.3663169853596352 0.23289372380635712 0.15358062802354427 0.24184073873011455
2 0.6531759267584049 0.8559491399085499 0.11110222668681721 0.2055594678121101
10 0.49067319004613424 0.4191145349027764 0.21755222135581712 0.23590056987720776
13 0.5951141473583625 0.2043984328376789 0.1279806440165448 0.1713438127540132
0 0.7981429814210415 0.8062117993391275 0.3899181173615441 0.30416068596290463
12 0.6124567360359529 0.310543679332529 0.15445223734881744 0.16278325493695422
4 0.7882203520448616 0.3858151974998194 0.2739294906906352 0.254414486656769
18 0.840372103357726 0.6414233883638508 0.3192557932845478 0.4642675214824782
16 0.8554533053787251 0.3863286672723803 0.28815562269254436 0.2741471325183261
9 0.670006154041998 0.3659335044495478 0.15287155601527208 0.16059073873011467