5 0.5445074840983753 0.4552262741445665 0.17176265439406196 0.30057041319530836
7 0.9562399486339629 0.8055195064416643 0.08752010273207418 0.25731622042111085
17 0.38186508010002485 0.3583276650962953 0.4461502036152744 0.5902538509587643
10 0.9410511781467384 0.7363010870888248 0.07630173871722903 0.13981659830358004
19 0.8259530550604538 0.8315446493563573 0.3480938898790925 0.3369107012872855
0 0.16044002414838782 0.5673154646561724 0.3059678213245362 0.4512975959790116
15 0.12186692062489095 0.7280192273328392 0.17018813103709696 0.1570026812443205
11 0.6699741485215671 0.6340265153008625 0.10847774122451134 0.11447756066617246
4 0.7753603304957363 0.6068374093003683 0.4024670851145899 0.30254608444913483
18 0.49385792940037965 0.6695890917379617 0.16085859514371953 0.15799240628358008
8 0.9311256310370968 0.5468088877799976 0.13774873792580636 0.3438519938424688
6 0.39785275910469303 0.7695645379835175 0.33606919530200424 0.25947415972394977
9 0.6832146314328084 0.41945593119783775 0.29427415188677947 0.34395398768493757
13 0.49194843692222695 0.5820890917379618 0.29571697994174034 0.26723519044962885
14 0.07317570486891564 0.5321995879359875 0.1326212495377816 0.4352325092053083