12 0.1313328549934108 0.3861455118343592 0.12276585518980254 0.21268293080016085
11 0.45275489968197125 0.8286723533840071 0.1531260417616942 0.3426552932319858
1 0.17951180064048883 0.5092672561429691 0.1753636143631847 0.095561815166043
10 0.7291537732185382 0.8236321114103596 0.17914312021691714 0.2457801809130558
17 0.6599719811622563 0.7198697316427475 0.16501698770335976 0.23021420171816515
5 0.6994697766363838 0.4643751530205789 0.13194086729005097 0.16750469470786555
8 0.47828214050858914 0.9447886763147857 0.17403746369925469 0.1104226473704287
19 0.2333190984523073 0.848341549072098 0.33867265632127064 0.2923335006773686
2 0.8342220265381879 0.5602232134754571 0.205687439498758 0.2434696230959967
13 0.09481915895354934 0.6095667895368738 0.18552947560311145 0.27746691240708093
15 0.5083589633064713 0.5187085843493862 0.3365021440246306 0.5108651349303559
6 0.3267226230455876 0.41750170435598455 0.16251922247985356 0.37374583597115246
16 0.24094122179248245 0.9717480996530677 0.2424693011314682 0.05650380069386453
20 0.5856992098886258 0.8645877065422247 0.12160333098930565 0.27082458691555045
14 0.05411793266306684 0.9442413229307786 0.07236587939029934 0.11151735413844292
4 0.7506611345566607 0.8926721227187787 0.27452834308955404 0.2146557545624425
7 0.8560374183233233 0.36909803180796563 0.11031130698520072 0.2222261344787768
3 0.1555601744716433 0.21080910447712725 0.31101126463433115 0.39661820895425454
18 0.7214260689872531 0.30554163801975415 0.2925612464839585 0.4640580144721785