16 0.3109932222563887 0.4276670170858669 0.33346660794922656 0.6247169736873567
6 0.48109827262470584 0.4817859683157637 0.2764082247774041 0.5468307365265443
12 0.43912394007330197 0.524575646186373 0.1186621547112475 0.18302558631147647
11 0.5099380926908624 0.14056137941764008 0.12699881461827509 0.28112275883528015
5 0.45177712336133996 0.6101001969088552 0.005124542574646895 0.008588001318110846
15 0.3660681243697462 0.23863719036787548 0.33036375126050765 0.47727438073575096
1 0.3615895299141728 0.7552243313065923 0.06494729282674845 0.1094757944738492
19 0.4420365005810777 0.7809759749063183 0.27646321907742094 0.3993385165011735
9 0.32196466517968225 0.9017562292025723 0.12283620248167448 0.14378181029118006
14 0.5060322066690484 0.2737302976947643 0.13269180372251163 0.21287136760421674
4 0.18001174798318764 0.7713214933846582 0.3204317403647444 0.40588208435909745
3 0.5742966155676698 0.5317736079611569 0.47447365622385684 0.7881825665893878
17 0.5263190294099698 0.9415500598748966 0.032528276735204996 0.05577956390359115