16 0.720873117247547 0.508540100226003 0.15544891762490742 0.04373582083606718
9 0.6049261970307415 0.543010623927212 0.11593664976444415 0.10594225297814314
12 0.72913538510801 0.57380254818541 0.20060417568342573 0.1624398313809543
2 0.4945949983030564 0.6352821502646425 0.1303887119699997 0.23128181029118
15 0.05110671286495424 0.8760416666666667 0.10221342572990848 0.24791666666666667
18 0.7235497664463434 0.6111327695288915 0.4734934544771292 0.3350345718618314
17 0.6009119317621765 0.47275206595511965 0.09744092799249984 0.06134335969555131
14 0.8707541229969911 0.3034254717845525 0.2516567021680551 0.4184740632693232
13 0.46254320739833404 0.5143674723940332 0.20409961404351815 0.23943827538602847
6 0.8044073701222689 0.4064496773107033 0.35865041300675893 0.24575898555035483
19 0.2493030392077788 0.7411289723692458 0.4618710322340734 0.4900961212662026