11 0.5257208993873157 0.5544709929697872 0.30463405068427196 0.1870304776695813
3 0.6268737720400891 0.4227778896400153 0.4809089334022694 0.6991998206781069
19 0.858139764003818 0.4274406301061865 0.28372047199236405 0.638240791765621
14 0.7787715320257715 0.766002033750082 0.4424569359484568 0.46799593249983595
17 0.4542651647437692 0.7781350009570536 0.16753404002227162 0.22646166992942748
2 0.6841942813494539 0.1901257838914453 0.22273061736154426 0.28734130937153424
10 0.48048112472149745 0.5606945298129941 0.22838063335454456 0.21888231578396547
5 0.8160908133752253 0.44928916694939336 0.033139764003817976 0.03902778366526398
13 0.24366292472945164 0.6277612861406073 0.1422795013526355 0.1961309776130361
0 0.4980113333465903 0.1533433431216162 0.2991476666931806 0.27423947125715015
12 0.29666919871895214 0.5271462164478267 0.1797795013526354 0.1978770160876234
4 0.2549533187062255 0.4002546747670237 0.3664987986950896 0.2961177901907858
18 0.29086245202099903 0.21970904657494442 0.42234990404199807 0.4319974296328925
16 0.13387720269731676 0.30715280132772255 0.2591771947008166 0.3473479295763472
9 0.29662319804263443 0.43239092558271397 0.17565562269254426 0.26224209461163334