20 0.46454607361642974 0.4966858642345774 0.07173375889134022 0.08915179711007101
2 0.46298584346602467 0.08845150656576714 0.2427783130679506 0.17690301313153428
18 0.47066117886927883 0.6564658609393 0.38825359470436976 0.5783672148025019
15 0.5569048556671337 0.3305161731828591 0.4250172324222074 0.3807441159937592
6 0.36496333478408155 0.8919797772888328 0.3497902923897861 0.19159231888368802
0 0.2872044776692057 0.46161402565358783 0.24074924028009032 0.32914539792076736
8 0.3738012572387103 0.3487815579225175 0.1140711162111037 0.18502403031655065
10 0.31357654073715635 0.2647195757170146 0.23344185442427942 0.2538907299359898
17 0.43629060277164966 0.1894330974410571 0.16821496071058567 0.21707693414402976
4 0.8955049751880064 0.48158974296837465 0.1909419470617344 0.555171159441844
14 0.3060335986378204 0.703878462409052 0.5694308200972639 0.5861310435472346
7 0.1798992458661708 0.497594833308546 0.08376287799792799 0.12099602240788533
9 0.18514740219525833 0.9277412720411765 0.07634848428423431 0.08732313176151531
19 0.13404422529045026 0.7514802924718954 0.26808845058090053 0.4674483017482466
16 0.5170740299837894 0.07431915939226937 0.15247864474715095 0.14863831878453873
11 0.5354580028954841 0.13628682869515782 0.23533399420903187 0.27257365739031564
12 0.889201587055884 0.08165163756907742 0.134636173283198 0.1487124809121793
13 0.606896123659211 0.8861135980753251 0.17050089867609247 0.14858160212880733