5 0.5251237616092691 0.3783373376830346 0.14177947560311138 0.26676509335878673
7 0.9611880057555366 0.5809367607150989 0.07762398848892679 0.24706966401442354
17 0.3561828640685971 0.3372054497135787 0.4052703247427898 0.4979210454062997
10 0.9390640626425414 0.5229670540526745 0.058357921544777015 0.12589694578824198
19 0.8382638506031114 0.7026556487375827 0.3234722987937772 0.3779347147252094
0 0.1581913125443455 0.6215462764163043 0.27036808391617195 0.3750029191597553
15 0.14019126716841396 0.7937121777530315 0.16775110226293632 0.1317605369191502
11 0.6647862253085239 0.5136798194356419 0.10037270472226431 0.0869681404625446
4 0.7645180597156751 0.45067001230643056 0.3930238130353249 0.19775135295987548
18 0.4964407462875668 0.6090062647995192 0.15205337939029953 0.11485145247187774
8 0.9285431565176623 0.33143371716534104 0.14291368696467543 0.31056357691490794
6 0.41341514373004296 0.7405115332590942 0.32411927693097126 0.16126804805854272
9 0.6560237827847037 0.29609269499261154 0.2714851563212708 0.27294382760448255
13 0.48590270120622286 0.5216638363569132 0.28044199980360834 0.17725594493951286
14 0.06130722218526589 0.6209659333227278 0.11899648145684394 0.4164014666878778