15 0.4836435286821719 0.6685553324301753 0.16145434145441176 0.2812057063164353
3 0.5238098488556673 0.525696512891652 0.2718096529900339 0.37404680838153276
20 0.577264318318569 0.5940776609394491 0.2973918414544118 0.29070461631148653
0 0.5500440769564423 0.3702240811112656 0.34965285317460404 0.4708450701029972
17 0.5547231940107069 0.9405572327771076 0.03169009099298634 0.04374114126328692
12 0.7723717689645644 0.9023549638195539 0.13575582973421946 0.10292136137453221
16 0.488579243521595 0.13517626639680175 0.19639054595791858 0.2628835790737476
14 0.4381796367940215 0.7501195929456248 0.2778384099298642 0.4346818407952121
2 0.418543753082319 0.37418710915246456 0.1285417119047624 0.2768295326394688
11 0.6165678477759332 0.5474343147915312 0.07638082973421945 0.09877241218129147
7 0.46216095002768665 0.5477721611652387 0.009975777297895939 0.01315509724103805
8 0.46513575570321264 0.544428795418226 0.0034253886489480577 0.006468365747012683
6 0.5315477074289422 0.833479502489097 0.1336902868586199 0.2543495974668275
4 0.5494046383351809 0.9440643728343797 0.06606509099298634 0.046143164480426435