15 0.5192503616555938 0.7583922564474919 0.1436660641565158 0.271594040391592
3 0.5339660988556674 0.6116440409572017 0.2073676187523077 0.3029086628002867
20 0.5975069671465498 0.6719674644723456 0.26928782541528273 0.23245568299608266
0 0.5333374383074944 0.45297943597817986 0.27836004163898187 0.3888635485563
12 0.8486944370708767 0.9566377344521676 0.11688471622369896 0.08672453109566476
16 0.4338114003691403 0.2262727657124567 0.16490071406423076 0.2281286904615192
14 0.488499811840164 0.8241755113472978 0.22896081893687778 0.3516489773054043
2 0.40608332587670815 0.4743305272602472 0.09981593460686647 0.26509047137217245
11 0.6277160988556674 0.6211159745702436 0.06963018198597286 0.08996368686246256
7 0.4778558011997059 0.6412196818958259 0.008313147748246586 0.011205994467753536
8 0.48078054210040727 0.637368746349594 0.0018628886489480579 0.006407865560217374
6 0.5937473187799943 0.9001323202019885 0.09987649136212653 0.19973535959602298