5 0.48831710619832924 0.4055721796611652 0.15983920950527092 0.27789023883479064
7 0.9461004312934694 0.4790444843081939 0.08882637254713259 0.2516997500282727
17 0.3175271037268712 0.41326725492241406 0.4247187460828483 0.521144253347579
10 0.9171278557040375 0.4286674947142584 0.06957235376405216 0.13222223399719463
19 0.8334810730807927 0.6313162903604219 0.3083350593149903 0.3888228045904834
0 0.1688362998490882 0.7474537380473731 0.2963443952845456 0.4049074584322876
15 0.1784275226630509 0.9200198782768972 0.1746418557412186 0.1495965914054177
11 0.6474255093543592 0.4985186372494899 0.10599001482874755 0.09855160580511538
4 0.7354786076812039 0.4076919329521988 0.40187020060802237 0.2329894889196087
18 0.49762448612265453 0.6386277381604638 0.15350168479069168 0.12156748723168297
8 0.8892323018634356 0.2406450019141072 0.18617621642535304 0.32280426448451566
6 0.43741254490617243 0.7912533895834699 0.3391791996194392 0.22382942479529647
9 0.6037922089737983 0.28785725261670675 0.30017504942915885 0.3260317981780523
13 0.47351316547613853 0.5571826275742977 0.2939303666156336 0.22380296163850322
14 0.07338845526661135 0.7789285865678217 0.1467769105332227 0.42617066351699623