15 0.4040684516488898 0.6510224290683385 0.1778296399624996 0.29859622303829675
3 0.46010242111176003 0.5063372654296238 0.25624716588148105 0.3588424848602404
20 0.5053862353435657 0.5727703131038834 0.2987477327051849 0.29727764849895516
0 0.5037436973135654 0.34955595371076703 0.36077742393999934 0.4860529341580287
17 0.4437680642782885 0.920771838358368 0.03255822177194432 0.04698115919340846
12 0.6633772267193996 0.8720483274383445 0.14236244872768503 0.1127119745522729
16 0.4693959660225002 0.13020919291969257 0.2128102327051849 0.26041838583938515
14 0.3497234127704178 0.7345043508889889 0.2868519083886105 0.44698012768977713
2 0.3728354499054635 0.35863274523250166 0.13978283581546264 0.28618142546065833
11 0.5496632071155101 0.5245136963341299 0.08312414976444434 0.10833298949878968
7 0.3964404622993064 0.5308480391701322 0.01019520622055552 0.013520366061076317
8 0.3997705138544453 0.5273829171497735 0.0035351031102777595 0.006590122020358772
6 0.4329077681897697 0.8143942066420976 0.14113072233759216 0.25943821414768375
4 0.4380942627231496 0.9244920518939959 0.06679652073518519 0.04863916808402138