11 0.3368560323393182 0.545008386420633 0.1012150192218769 0.11793976829820613
3 0.5603887075995175 0.6044973691640755 0.5400140841235966 0.7397996344378218
19 0.37785176730131287 0.7900231584148528 0.4468152035271876 0.3898612766441362
6 0.05896008367337071 0.4617019860629913 0.06529080732694628 0.03622495430472768
20 0.008129585030137436 0.854076147420928 0.016259170060274872 0.038713403488957944
14 0.18317326888319257 0.6070714774347125 0.36634653776638515 0.5150237117972416
8 0.12806528776638515 0.8669112914281911 0.2561305755327703 0.26156648388557785
17 0.3120585074632318 0.28419687760412177 0.1622144742194024 0.24314135419178828
2 0.6835728228192368 0.7995131131901618 0.12446881275401314 0.2339791858182892
10 0.4608501322938897 0.42218418306343775 0.22932008706427265 0.24627565586097427
13 0.5349471308235516 0.18173189191759534 0.13286781094499087 0.17024523492722637
0 0.7906317282917323 0.7112356466552577 0.37304351085413395 0.41528693989713783
12 0.5670359345324533 0.2768577305596587 0.17094102103089917 0.18774073663405888
4 0.7518679579382017 0.2905432290410586 0.28630707146044043 0.26939390842122296
18 0.8230834594085398 0.5197108677395916 0.3263189970593238 0.49473738206580564
16 0.8181071116016747 0.26982193438743507 0.301188443011738 0.2913193048946186
9 0.631886328584988 0.31128409906492055 0.16066526232447204 0.1640960278740174