5 0.47361326329535397 0.17774913082773092 0.1728900103821694 0.20717479609861128
7 0.9339739106221657 0.10520819187319339 0.10269933674699842 0.13633972087092602
17 0.33865370534637645 0.11083747144173597 0.21451606826055974 0.22167494288347195
1 0.43544759243219316 0.4441984628944902 0.10749325256024882 0.10320034802388894
16 0.07790592114550944 0.44428077849578695 0.15581184229101888 0.37810510967509275
19 0.8559714660108945 0.28343191401069345 0.28041262599777567 0.453931183636204
0 0.4919427032096507 0.794051250635416 0.2026068734375269 0.3516521479222225
15 0.5284122822759028 0.9593601938980086 0.13012711575678076 0.049809523302407635
11 0.7291289739739895 0.38307172188759175 0.1632419945971538 0.20063385536916686
3 0.05350734769386506 0.953728513678148 0.10701469538773012 0.0915731702122225
20 0.8124398158414852 0.06089111651629586 0.08762036831702949 0.12178223303259172
4 0.6989240764354161 0.15898011144999968 0.3021518471291678 0.31796022289999937
18 0.7740719347232121 0.693753342328564 0.31686679451244937 0.323990416918704
2 0.014322656817086188 0.7562976191743982 0.028645313634172376 0.18076684067861112
6 0.7917082138035816 0.879411588655925 0.3040644156720759 0.17379645643240782
9 0.5093148158414853 0.06598257928157383 0.1376203683170294 0.13196515856314767
13 0.5982429950206768 0.37881155876648076 0.21349959983059072 0.2438037158046299
14 0.21926333738228285 0.7494605120324533 0.35714172596954086 0.49584204280509286