5 0.6914955631541767 0.2984260382676458 0.15740081614940174 0.22879669112320009
17 0.6635764050794759 0.1859978039930286 0.23765380054030488 0.3130776315647122
1 0.5012599766711731 0.5740910922839536 0.06662699400955034 0.10040203782870663
16 0.34486609981466554 0.29434366270733214 0.1753323606144388 0.198274116829163
12 0.12545147793711744 0.8829584735637994 0.1421031983633867 0.23408305287240125
19 0.87109375 0.354628319256193 0.2578125 0.6516687701236565
0 0.2635516455456471 0.5867217239373417 0.41436512268015624 0.4448063193448689
15 0.08656504881102443 0.682875560921864 0.13207343393541643 0.2153267901819163
11 0.704593307796699 0.5601268468363 0.37433534500534227 0.28716208674177346
4 0.7777356527172232 0.40271081120673036 0.15134922359113007 0.176531501363376
18 0.5800174376484315 0.7642133577898668 0.5267212789407585 0.47157328442026647
6 0.28697676577873266 0.7857803795196482 0.5065526226801562 0.4284392409607037
9 0.7711731394703792 0.2713395735890699 0.10118553248413757 0.1683416994808083
13 0.6426265319359834 0.45886499876741754 0.2594742368379741 0.3118429615550022
14 0.20478179155463025 0.45852808955720153 0.40094251814098536 0.5878895124477364