20 0.4408821123465746 0.3806952360076348 0.2619900264846293 0.25606958183399997
16 0.600177782846204 0.2401921353031592 0.30153912497675855 0.4541922966398046
9 0.4597305656924081 0.47463916366799996 0.178396985014259 0.17213022456202534
12 0.559369689255047 0.5285641152670063 0.148806521300833 0.24478024069569007
2 0.34944115730379754 0.8927467782930403 0.14593579952888866 0.20103024069569006
11 0.16875 0.2138756743407155 0.3375 0.4274846981484288
10 0.7638595740337504 0.25917917914702543 0.15212701093324058 0.2239832687986752
18 0.5290397658806956 0.7736324694220594 0.2830625270502772 0.45273506115588114
17 0.41701184274268516 0.017825561405063653 0.08160131451462962 0.02978481108408067
14 0.824701454806436 0.49935641594022706 0.3076729648447219 0.33346804761542687
13 0.4277205651267602 0.6765770512560594 0.2334152586241663 0.320398385113104
1 0.4497758245993982 0.054556605510785526 0.08915953628657398 0.07357117252039914
6 0.6928773819504641 0.7453345005110381 0.25265327417555505 0.3517817103796053
8 0.24088494646509365 0.7126468347608662 0.2792334809617584 0.5664620075431209
19 0.3846076777561588 0.9502734052801846 0.22232335080120363 0.09945318943963079
3 0.16255878859564818 0.5158559836044798 0.32511757719129636 0.940045300542293