20 0.48409711577619136 0.4305094180626436 0.438004288391571 0.5597467299851537
2 0.14816607408384988 0.9371444361528667 0.09294636182749913 0.10194757424968823
18 0.5430074066433402 0.22454854138442978 0.5235148132866805 0.44909708276885957
15 0.27788023672725276 0.2835561284487025 0.5088854734545055 0.567112256897405
0 0.7624877605966768 0.8021867601409378 0.29806268216314924 0.3154862505644739
8 0.5300071473192852 0.8518975245002216 0.19739890871793264 0.24205024574041425
10 0.5591152294777902 0.8948330823172805 0.2141827444009227 0.15399547263616972
17 0.3530535610115953 0.8297510063329312 0.32306268216314943 0.3172331765405753
14 0.8149029495850815 0.17070798432180664 0.37019410082983695 0.3414159686436133
19 0.940748012247062 0.7815792122748547 0.11850397550587602 0.3191424378104604
16 0.19929086620039857 0.9534422508673307 0.04862767676456468 0.061499636665017
11 0.202910005822792 0.7272958306955141 0.34851481328668044 0.49124167194230517
12 0.02817254419114117 0.014364967586320661 0.043845088382282335 0.028729935172641323