12 0.24214804757185981 0.07725914538907434 0.19348923871722895 0.13716579483203725
11 0.30292670401098587 0.7516062706421762 0.33358069279472174 0.260182925530556
1 0.2270208042357774 0.20690984232430581 0.16401233887551347 0.2174459924005557
10 0.5836180775262354 0.9748363812047225 0.20765938730530314 0.050327237590555046
17 0.5775151785424498 0.8486094635235192 0.20273986975432584 0.2748597553183335
0 0.19014086216597148 0.9815175666158334 0.16961381802583092 0.03696486676833312
5 0.7699945320659467 0.6890699737810657 0.13556909012915455 0.20198983687888916
8 0.18330818896729104 0.9188227351823611 0.32068823620994646 0.16235452963527783
19 0.15711043566858576 0.545134581306389 0.30212741897553835 0.5361024959461115
2 0.8674676109788372 0.8819860612953707 0.2650647780423256 0.23602787740925849
13 0.10316576708875883 0.21972154432583346 0.2024216210079671 0.26027642198500023
15 0.5127777624699054 0.4937145740860654 0.45442204169936495 0.35970150810351903
6 0.4154073543149197 0.2533536569131949 0.33393970862983935 0.4912874551658337
16 0.08810568606429717 0.7459805455924075 0.14717183135366607 0.3043641109416669
20 0.40544160174113025 0.8982110911848149 0.2015123388755135 0.2035778176303701
7 0.9452456185006846 0.7458092297326862 0.10950876299863097 0.30378222948277817
18 0.8294805630112659 0.5131755193734732 0.34103887397746807 0.5940496502012041