11 0.51015625 0.5164617317480326 0.2046875 0.6407804600071229
1 0.9703125 0.4983037455299486 0.059375 0.16734789425143007
10 0.21171875 0.8896957796716307 0.1453125 0.22060844065673849
17 0.3453125 0.898697109011331 0.265625 0.20260578197733803
0 0.27734375 0.23062174288496923 0.0921875 0.2834590112500273
8 0.3984375 0.28625999212582437 0.225 0.545892897514191
19 0.6765625 0.26275144414568075 0.534375 0.48738104826287026
9 0.275 0.6128042821469741 0.171875 0.22466934300852545
13 0.9703125 0.15142874552994862 0.059375 0.21526456091809668
15 0.5875 0.7429861523235144 0.25625 0.5140276953529711
6 0.83359375 0.7238658005968504 0.3328125 0.5522683988062994
16 0.496875 0.07521834312161621 0.0875 0.1082407564407039
20 0.3671875 0.6931382933970015 0.196875 0.34250003532491724
4 0.22265625 0.8041171034428627 0.2578125 0.37033734784612166