20 0.4459825450065594 0.3817126617167558 0.23584503669052861 0.21425746942205942
16 0.5993189185852608 0.23493532005473453 0.28179311547443187 0.4437029071005011
9 0.46923105823132616 0.4756747700952802 0.18153696828879456 0.18676203981045017
12 0.5718254372128737 0.524403508839726 0.13206758930724707 0.2342787306776136
2 0.3789274927427767 0.8969922280717303 0.1398954998588257 0.19893478688358382
11 0.1640625 0.22005901170746495 0.328125 0.43997257766965603
10 0.7629263922769015 0.2466246369925477 0.15376057878390342 0.23028175071376644
18 0.5530923058122518 0.771579437285658 0.27167466282947855 0.4568411254286839
17 0.40469520527578934 0.020853597574881064 0.0812345894484214 0.03603481108408067
14 0.8400517924463106 0.4848033838038258 0.28130872611071533 0.2895847223489255
13 0.4470767952183209 0.6786967460257112 0.2197187787274336 0.309933236531346
1 0.4390401131965319 0.05759070191998935 0.08572466837349921 0.06730905204162632
6 0.7158499110456887 0.7339246490927961 0.2530618997458863 0.35809231277346926
8 0.2614354268307043 0.7241475897699045 0.23652538908136816 0.551648385113104
19 0.4178766006776368 0.9513635538619426 0.21999325256024882 0.0972728922761147
3 0.1674759263365941 0.5283923450407982 0.3349518526731882 0.9401180234149299