16 0.23547190662885448 0.4744450366848001 0.3724244331300001 0.3142454200751068
9 0.5004974945847571 0.4951365914481928 0.18652068787965276 0.1300696861086352
12 0.4281860834905905 0.46734812624200167 0.08492182028847228 0.12404613020133605
2 0.6406133483082295 0.4714256175762478 0.31221167211208345 0.17450252414838777
4 0.918520142761146 0.46971576554803085 0.1329956443766669 0.10509197994174026
11 0.7525191619471879 0.829680548077306 0.24847909327423637 0.3406389038453881
10 0.061888936264132235 0.45938301557131 0.11017639342673617 0.1395993644759533
15 0.8870331002080907 0.41020036544250776 0.07496493882958362 0.09034908401502134
18 0.43083765159486137 0.39562467326407724 0.2544719072944446 0.17642629488833564
17 0.31530879625586855 0.754438072841985 0.3656678996950003 0.4638817072221253
14 0.17674760400781267 0.24107337837574166 0.34193945896555583 0.446305758423005
13 0.652367159478646 0.3844408774513049 0.31086999050069475 0.3659873343885638
6 0.3877039410137849 0.2950599414967425 0.21548214247680572 0.17907749133424614
8 0.850079267286181 0.48475687129283346 0.24324346656500007 0.15933529655985718
5 0.4259936827487506 0.8677132175594008 0.28917552203583347 0.2645735648811983
19 0.7914471900638544 0.34611626084161146 0.23488806553881963 0.30682763156471216
3 0.863811192913646 0.7233476354353706 0.272377614172708 0.5533047291292588