20 0.4901586163891135 0.47470539070997747 0.062483279625171306 0.07604006991509801
5 0.15148152744709312 0.9158688237726094 0.12038670783841651 0.08514646103113108
2 0.559881116851332 0.0758338052663952 0.23226223370266402 0.1516676105327904
18 0.46861388849243735 0.6351748211024962 0.33462167022917966 0.5401357557032126
15 0.6054677161516867 0.3427506827119458 0.4002059031404208 0.32947686201550525
6 0.3212939222742436 0.8783999958902413 0.32900084138279595 0.21110259510274526
0 0.32596207257817744 0.3749816018949171 0.20935358260730733 0.302772455272549
8 0.4275412929530063 0.2953368681924435 0.09104620031656907 0.1699763397071493
10 0.3837709094086269 0.19054144561338618 0.22370558762187223 0.24577418260120656
17 0.5138304824490227 0.16064368908576174 0.14770537727617317 0.19353255809031675
4 0.9172737311953816 0.6251574573397286 0.16545253760923692 0.5462026794142986
14 0.29556283339873013 0.6677023277839292 0.5155821652146145 0.6138222866494419
7 0.2178767879384414 0.37169352046265464 0.07423913354437942 0.11447461237849173
9 0.15127928747622293 0.799001898006644 0.07043217194503919 0.08295760024609346
19 0.13204825118713423 0.5992285389688689 0.2470929264973857 0.45987625539559573
16 0.6111852040774928 0.07283691343053925 0.14380748746358768 0.1456738268610785
11 0.6195349131695507 0.1309296164944005 0.1977341210079672 0.261859232988801
12 0.9502249720241813 0.219028570850249 0.09955005595163727 0.138111573102006
13 0.5614020967265653 0.9058902344284464 0.1583413489046432 0.10918393995324276