16 0.6705501957634376 0.07387097813351916 0.33797539152687506 0.14774195626703832
6 0.6547472770698265 0.2858170929932115 0.336920731382639 0.18483869582197449
7 0.15234440321038195 0.04059950153938281 0.1609388064207639 0.08119900307876562
11 0.8925167679517709 0.3493233460874714 0.21496646409645806 0.3194497949107401
5 0.5625857993900005 0.8362061828456804 0.1314708183886113 0.20661264668567866
15 0.83984375 0.14473169933981567 0.3203125 0.28946339867963133
20 0.2587886521635422 0.8779073183785809 0.24858558320625015 0.2161160836949378
19 0.4035517190335421 0.560409585673396 0.3641430737069448 0.5830415137924682
9 0.3245304873665626 0.15941891592796378 0.18230727298576407 0.2603618909207403
14 0.7980505207046533 0.7816003741114835 0.3981868461240278 0.3000982150177767
13 0.9894106049577431 0.3443638610732124 0.021178790084513822 0.12619749154888873
3 0.6377078602760767 0.4756865776303719 0.5181759570656949 0.56358605064469
17 0.2558987350854519 0.8020479197609266 0.17158797853284738 0.27158601457765386
10 0.10467976757052129 0.704871185108272 0.18826633225631956 0.2444242964501228
8 0.10032926795177093 0.153125 0.20065853590354185 0.30625