3 0.7836507366683381 0.5769708819222964 0.42080363955519734 0.6812543787396329
15 0.3552429944728864 0.6109657556227241 0.29781751814098534 0.5773044284956339
8 0.4759672114405946 0.5075876765329657 0.1952530241314351 0.47783628803308936
2 0.519888303914048 0.8845832444833316 0.23278276206571746 0.23083351103333694
17 0.771815391662996 0.8498148232547813 0.2600545901960187 0.2685105013791495
7 0.2526933694304774 0.826129432049634 0.2228472560752678 0.33873779026096806
19 0.05532241706037545 0.18837270401018136 0.1106448341207509 0.23507874135369602
1 0.8415203226880056 0.1579064685974475 0.177167679126093 0.20474992891999858
13 0.5881795570789089 0.07269293788454054 0.15489088584218216 0.12943478580521087
5 0.6448461530957413 0.773856543231449 0.2047123257680484 0.24266203914702872
20 0.08778768747879549 0.10973935646084773 0.0976587392002268 0.09106208179502952
11 0.8281001742319516 0.25252844281769005 0.28117067676384017 0.418777160937816
16 0.15141862314349247 0.7739946960004241 0.30283724628698494 0.45201060799915166
4 0.6235663754209272 0.9298398836727825 0.07827382213985139 0.12616360534690851
6 0.13708828303229179 0.4302946391364231 0.27417656606458357 0.43975594493951287
12 0.6541765793114275 0.08934821345211574 0.1541468413771451 0.1606605440271503
10 0.48407984492052414 0.16799222231060199 0.30059031015895177 0.32536654583066427
0 0.2730952157017638 0.22620215738381588 0.34221730416850205 0.42388925694884577