3 0.759059174511885 0.18996326829488905 0.46186834902377 0.3799265365897781
15 0.48513607385996665 0.6702235120066689 0.4402854496723931 0.6111869310590675
8 0.4743234845754293 0.4417852496310805 0.3922376874975285 0.5172331719792648
2 0.7616127991032003 0.6976358405316072 0.2645296988616142 0.41793302246379743
17 0.8993335726454459 0.3246396802884443 0.20133285470910814 0.32325085909291645
7 0.5368094423654972 0.8531345649728761 0.21818871266133186 0.21593729176709264
13 0.23543866801906327 0.059397871267652995 0.14322389448011288 0.09242362476429052
5 0.7680325742670038 0.4112722482865389 0.17991714529089187 0.27271193697836815
9 0.131235957790068 0.4049393575803071 0.08036933847375849 0.05951305710233138
16 0.3877679703686744 0.8805887535991369 0.26002165665497756 0.19278734160558172
4 0.8984625937487642 0.6165248682424345 0.2030748125024715 0.45702123500089653
6 0.22107930234961115 0.8147809245699956 0.3715239926931041 0.36548500168067716
10 0.25013418790456565 0.22594075773526118 0.32228765178371355 0.4191565475511096
0 0.1830496481302656 0.5388192367840731 0.3578626874975285 0.5140281930985205