16 0.6332787806700391 0.09674268421603455 0.36030756134007813 0.1934853684320691
6 0.6432416016287641 0.3090045158048967 0.34531747840045346 0.19502651614416872
7 0.11509177586071566 0.09372021790957118 0.1636111214142119 0.10957674845343754
11 0.8882936628840241 0.3483695501727603 0.22341267423195169 0.31069448565684776
5 0.6061112008952755 0.862446985374121 0.15254962504240907 0.22350531735880044
15 0.8093526965492881 0.16361105517999236 0.3718303930985763 0.3272221103599847
20 0.3067386834720803 0.9003736265041534 0.270153787293461 0.1852844391949939
19 0.4194395469969259 0.6041467530648522 0.3930754544386545 0.5884392212854228
9 0.3005059754052287 0.21441132281417824 0.2135615361123347 0.2887698782768973
14 0.8109102512659444 0.780350385137474 0.37817949746811125 0.3454894889196088
13 0.984615591377145 0.3345930781847379 0.03076881724570981 0.12882937180792073
3 0.6458631485408719 0.49869697654289175 0.5585913270339928 0.5919842245481838
17 0.2953274683184706 0.8529298452576876 0.1961012176006804 0.27755294397604474
10 0.13605910652290548 0.7748247147033556 0.21139883538669527 0.2657804600071228
8 0.09640875244707071 0.21661374035308048 0.19008931977759863 0.3459391859605057