14 0.16556523087827682 0.9822916666666667 0.19998458944842143 0.035416666666666666
15 0.7852241394343039 0.3572916666666667 0.4295517211313921 0.49375
8 0.789286160516285 0.259375 0.4214276789674301 0.4625
2 0.9774417315135613 0.09166666666666666 0.016064615756780753 0.04583333333333333
19 0.7522615940748087 0.928125 0.16934080517696729 0.12083333333333333
13 0.23833154181102612 0.4125 0.3265441733528223 0.46458333333333335
20 0.5307051124906602 0.9354166666666667 0.11657982622365459 0.12916666666666668
9 0.5583919547816791 0.675 0.1858450366905286 0.2125
16 0.9627792630130052 0.58125 0.07444147397398951 0.35
18 0.03160558674699834 0.13333333333333333 0.05957096302712271 0.18333333333333332
6 0.8784266498164733 0.7458333333333333 0.24314670036705338 0.4625
12 0.15847119461127124 0.17604166666666668 0.29967929451244923 0.3145833333333333
10 0.5161905022779001 0.49583333333333335 0.3372240681193853 0.42291666666666666
0 0.6784916231551782 0.7416666666666667 0.4460068048946185 0.5166666666666667