15 0.8244149782923877 0.16643718052111195 0.3511700434152246 0.3328743610422239
3 0.82578125 0.06303877844759342 0.3484375 0.12607755689518685
18 0.9217091109123302 0.8898052704355578 0.12522732053311358 0.024998110587653836
17 0.5250805003292044 0.7679373514288285 0.268484541699365 0.37627209751839436
10 0.07042982343610728 0.184375 0.14085964687221456 0.36875
14 0.35892768527287433 0.3375 0.7178553705457487 0.675
7 0.1949176949062928 0.008139260760185394 0.061710389812585566 0.01627852152037079
8 0.5653846222616083 0.1742402377624088 0.19985891066226813 0.23111683945987604
6 0.5007324035361321 0.4418172999679642 0.4137923446815012 0.6072595552628386
1 0.4198939290046682 0.3624801697764208 0.0800344924781525 0.09661340245061704
4 0.792671165610326 0.6834622469987057 0.2114282111371219 0.47559591165592535
13 0.7683912649771878 0.36046719553784146 0.27726850831327016 0.350282372479135