11 0.48858800298377175 0.5016649405367837 0.30090567847331984 0.6688014027158765
1 0.9470452450912641 0.5119049023975677 0.06987142619541978 0.16971967112242367
10 0.15482984008370596 0.8581900720347863 0.17801712613895004 0.2505105369191502
17 0.2863682664203001 0.8879492026840599 0.27536256299888784 0.22410159463188037
0 0.2843232501411744 0.20246200005302786 0.10125720506402783 0.2805484480161205
8 0.3982800633518237 0.27823846674090563 0.3003148732963526 0.548040794716725
19 0.6786501028143626 0.2669527450137518 0.5864497943712749 0.5212512818798741
9 0.24501303725522594 0.5833604942711492 0.2029261208772782 0.24881507203478628
13 0.9739618737904628 0.16417004906635546 0.048436041952200526 0.21518937778484812
15 0.5428296399990014 0.7399491493740588 0.27302433120297775 0.5201017012518825
6 0.789787939984884 0.7216483520581185 0.38256593117474297 0.5567032958837629
16 0.51707410793486 0.06431039120514719 0.10335178413027997 0.11402723201781736
20 0.32960857415751604 0.6691051547315728 0.21795885765251138 0.3427347644812104
4 0.17427706107392363 0.7709324898153922 0.30479099971765133 0.40029382049648254