3 0.7752005087805987 0.20130267324966067 0.4410260175611974 0.40260534649932134
15 0.46560890280522926 0.672982204405068 0.4085862222834617 0.5701282438784313
8 0.47084987294739167 0.4411981801402715 0.3534351139704013 0.459205531561463
2 0.7370844478865732 0.7373189019195249 0.22501922247985337 0.38159136746647043
17 0.9030209817514315 0.3781085801033561 0.193958036497137 0.3062715916082202
7 0.5016196465587133 0.8658116512489216 0.2086124515990063 0.20108964013781286
13 0.2627454396951497 0.03768946329518855 0.14405907220870703 0.0753789265903771
5 0.7639549783335859 0.4474157927279413 0.17453743344863373 0.2669025066814328
9 0.13443967427525155 0.3615686510397436 0.078315897540672 0.05042530330995471
16 0.35009350799503175 0.887095073003567 0.24603972872636942 0.18762711905992452
4 0.8910118611417308 0.6708432952996155 0.2179762777165383 0.44174102200073906
6 0.18953728219552862 0.8091127781223076 0.3484021803253758 0.3796383466961989
10 0.2650260780624395 0.19827080814568632 0.2937055899662962 0.3728823010458974
0 0.167883954231285 0.5035566903162293 0.33313170432948086 0.45955328603420814