14 0.8852062393698403 0.9123863523513526 0.13443838606495576 0.16192929142462495
5 0.4943891471056654 0.5838387562690398 0.1032522878817268 0.11018270085408423
2 0.559695411649533 0.6443581998859166 0.22008884364130096 0.18800239646957995
20 0.7994442114900534 0.938938568511427 0.14646015394280293 0.12212286297714599
16 0.3375803930227795 0.2886445980126356 0.31616610243529275 0.4098118020383938
10 0.39513831725932597 0.5013444077723204 0.344259151526907 0.4364613597994598
3 0.6499532340790066 0.46384169009771103 0.16575177212991116 0.31745441742393415
8 0.7221482589146779 0.9242184565707442 0.0916770590935542 0.09908680452109617
17 0.6195168218012539 0.6407537799792801 0.1432712521260319 0.17908112213866378
6 0.15644170545031347 0.1602854778042945 0.27002494182452985 0.24091338075381413
11 0.28182421378526323 0.11056237027663701 0.08233401000193971 0.07360164047372383
0 0.6505758899786637 0.7732164585040732 0.43102557001357766 0.4535670829918537
18 0.2613684504493436 0.20130722525329617 0.16233998758216436 0.23630145023340862
15 0.39982504363160265 0.19422111248705007 0.27885780788560605 0.2580652114678532
7 0.8164883192161799 0.9844496738295657 0.041645366061076314 0.019189519713003023
12 0.1081713030295683 0.1959646765914641 0.2163426060591366 0.28533686627939964