19 0.4294568151224782 0.5396689947529703 0.6818384059717552 0.7269785419679444
0 0.5049263447076748 0.6407701955539677 0.5294125284999159 0.7184596088920645
20 0.83011736884499 0.782266368877774 0.21658620248167457 0.1570212350008968
1 0.6600994358090534 0.9173283983717776 0.1815663462971587 0.16534320325644483
15 0.22040497117110794 0.1853647562882201 0.2929408888718057 0.24913922114548312
14 0.67265625 0.40959060946183595 0.6546875 0.754790279592356
11 0.7674916827069603 0.7888662941200404 0.22513067599857095 0.2013539584337593
4 0.18707366510280768 0.09829466041123067 0.29602233020561536 0.18930527791167898
3 0.922372026735205 0.45656651839324147 0.15525594652959002 0.5400051283962116
16 0.9431811894922243 0.7200134439716431 0.11363762101555146 0.2506112772394083
17 0.13363658070981843 0.3690408764121834 0.2489173732844654 0.3880817528243668
12 0.8126677888914762 0.7163719078204999 0.2535506069408203 0.23924719969009184
5 0.6183454444359028 0.16856522975386684 0.037248627723940865 0.028350659738959887
7 0.8006808771428631 0.8592426254365613 0.3754034636295394 0.28151474912687746