7 0.9336911395456401 0.8801889539303609 0.06308178298109582 0.1338181524842464
2 0.14849100039278346 0.8261635659621912 0.2969820007855669 0.268993798591049
9 0.21782680767257165 0.3923279272675817 0.18692834913967837 0.22852567030729934
4 0.6166693495324618 0.12353758911526533 0.33853630093507653 0.2401180234149299
8 0.6617904311109427 0.34681180990573035 0.2959862283335859 0.5147786500092908
15 0.2573670724050987 0.10408321233084923 0.18839085518980256 0.2056211241194055
6 0.4308813195764284 0.2668929790473524 0.37044080678880886 0.39036043299038636
14 0.9217921450065891 0.3842465362880721 0.1557066619786113 0.5928544735864034
11 0.7189706302740622 0.6712246611930445 0.3765271803253757 0.35290891490547766
12 0.6805797750842596 0.8720581961971846 0.20113629488495216 0.25588360760563067
13 0.2123348108940255 0.5766665658312633 0.2358112767345796 0.3309847384825903
20 0.48927910597536944 0.4913118905740531 0.3564873910977644 0.41525134868143093
3 0.1078125 0.29041964636865814 0.215625 0.5808392927373163