14 0.9037941852063675 0.9831475567035561 0.1704321719450391 0.03370488659288782
5 0.5301758626281898 0.587515812317921 0.09427884890464337 0.10084180370062536
2 0.5880853025199178 0.6666134948019184 0.20970527210332363 0.16953872466354625
20 0.7937288634196127 0.9847250988583175 0.1405628155185486 0.030549802283365086
16 0.40571410556856086 0.24781577936514856 0.2718368622324785 0.3705962964758029
10 0.44031172908381044 0.47442867660207305 0.31824050079142285 0.4230580869953194
3 0.6948772086298394 0.5184315257775246 0.15047868778015677 0.3161431515331787
8 0.720041310833188 0.9725354812664944 0.08632995658477523 0.054929037467011214
17 0.6477330871596538 0.6823392892757677 0.1317166644231918 0.17154425825058675
6 0.23994068989172784 0.08898728922619294 0.25175637978345566 0.16558073652654434
11 0.36876437186589694 0.05644977013837226 0.074710494985435 0.06232313176151519
0 0.6616030220368169 0.7942610619512123 0.41731449828414036 0.4114778760975755
18 0.3393329361308042 0.13808531690652182 0.14222826708875883 0.22413692755347522
15 0.47590693362352166 0.1746373551317379 0.27420569279472173 0.26460096446058046
12 0.19044079506457737 0.10918749738856556 0.18713159012915473 0.20784871807299174