5 0.47154471615206883 0.5543684845294777 0.22681864718563743 0.2763539584337593
2 0.6278093976797476 0.496770208634611 0.33350680489461854 0.5456571574515804
16 0.3972903558687215 0.8605399615614772 0.38507076294241804 0.2789200768770456
10 0.6162223663920653 0.8729483043947825 0.2676102471574026 0.25410339121043485
8 0.8151259291086044 0.30296115980452815 0.35412314178279125 0.4832590369914817
17 0.6103088974679862 0.19705443189940597 0.31688220506402764 0.30757443401871776
6 0.1600263033225902 0.9727562236009303 0.23554265785015546 0.054487552798139424
1 0.16433916090451442 0.5476900363192109 0.26067843671876345 0.19651696569760138
0 0.8948471663073606 0.8124304155885452 0.16043478398910552 0.32411066733893745
18 0.16230476599677707 0.7914262447201861 0.32460953199355413 0.41714751055962795
15 0.05242007373399306 0.3739216704666555 0.10484014746798612 0.4686766742666443