20 0.23348088534610745 0.062087889772969924 0.3705382293077851 0.12417577954593985
10 0.34122487053524475 0.8733365190430941 0.1965894742194024 0.23415901336727102
12 0.5101751028952475 0.3491585501273377 0.19132212008095947 0.2590620462550288
18 0.46862501074259216 0.4726448985784283 0.4641332575747736 0.5651937565244812
13 0.46975930631089347 0.8609320265754588 0.24625528154634874 0.2661605084871496
4 0.10431514614447046 0.33995762131339485 0.20863029228894092 0.2512377902609679
17 0.6668168492772029 0.475816192764733 0.25603971732199754 0.27672262582217966
7 0.44708204489093273 0.9810024736898222 0.10090075870642731 0.024468140462544596
9 0.3218362991863459 0.25422362216212396 0.19214763568479168 0.2403362880330894
3 0.6938717514703381 0.22887927150966877 0.41028456128367524 0.45775854301933755
16 0.08333039914091736 0.5298682186505462 0.16666079828183472 0.48193022936557434
11 0.06271360470426987 0.7498901822087886 0.12542720940853974 0.3335529689157563
1 0.6172484599743666 0.843028299437763 0.16460913387576942 0.1753650862507866
8 0.09031738353708514 0.3464015555378796 0.18063476707417028 0.19038477158921058
6 0.20553626978770373 0.15708561155315162 0.38267746042459255 0.31417122310630324
5 0.24456455450187117 0.9289698132824266 0.08847600180902226 0.06591663112666594