2 0.8033046666681697 0.4515256130892981 0.3783990975998538 0.4245408491241129
16 0.43147874669474034 0.9177212331307109 0.1796961162111037 0.16455753373857837
9 0.18813343093619336 0.4370471118145981 0.057166144747151024 0.16241708735806454
10 0.6923306635677978 0.8289869375374079 0.20735023531769164 0.2181758741969375
6 0.8211749092245716 0.6118098952217518 0.32737594499482014 0.30397228485920563
0 0.20182344168956035 0.6274184896627245 0.19303517824559702 0.2550696861086352
8 0.42834093817490365 0.8166590255117637 0.31753006410140794 0.33479795319739386
7 0.21390618052190863 0.2367328708538943 0.30467049917143046 0.4133584317757582
15 0.4241736306885244 0.5776324083744553 0.5603512266312393 0.6750195369042697
17 0.471365346156621 0.794337400016847 0.22301377667402048 0.264554776809743
3 0.21833896939703812 0.7354166666666667 0.43667793879407624 0.5291666666666667
12 0.5252310165443352 0.5064513933307604 0.13892556699689215 0.18015259875057055
4 0.7444455510762384 0.30008190859392486 0.511108897847523 0.5607615914481928
14 0.0013761974782740007 0.5786099504706418 0.0027523949565480014 0.017454711181459952
13 0.10346529425181299 0.39477738840487153 0.20693058850362597 0.38122144347640974
11 0.6840453602152478 0.08077832374314269 0.30690927956950453 0.12009338224640018