2 0.7496869331762962 0.06666666666666667 0.15562386635259245 0.13333333333333333
0 0.32883081418532284 0.8322916666666667 0.21599402130083298 0.24375
5 0.5633092272385646 0.15520833333333334 0.3359934544771292 0.3104166666666667
4 0.243792849906249 0.703125 0.04546832488222217 0.05
8 0.36059007917106384 0.6614583333333334 0.27329938190398123 0.16458333333333333
15 0.7541166123000919 0.5270833333333333 0.3124575011312956 0.4041666666666667
14 0.15767756706004493 0.9385416666666667 0.20025286116879615 0.12291666666666666
11 0.25101002761592495 0.6583333333333333 0.09636644354388882 0.0875
16 0.1552976949580084 0.5927083333333333 0.26548404778546225 0.4979166666666667
13 0.7286505547126849 0.21041666666666667 0.22737987210203664 0.3458333333333333
1 0.23406051611703668 0.23333333333333334 0.4242152073518513 0.4166666666666667
10 0.7793847036286574 0.007291666666666667 0.024394407257314833 0.014583333333333334
20 0.52242711489199 0.5322916666666667 0.25665726899175884 0.33958333333333335
3 0.88515625 0.115625 0.2296875 0.23125