15 0.69296875 0.738911297748564 0.5953125 0.49764140298638965
3 0.34921875 0.08759436740162026 0.3078125 0.17518873480324051
1 0.42421875 0.9587099319926383 0.0609375 0.0498077814080555
11 0.2015625 0.18514997099800923 0.36875 0.37029994199601846
7 0.25546875 0.8733218651226387 0.3109375 0.21589953419324104
12 0.88046875 0.4549674831596749 0.2390625 0.47200232193416697
5 0.72265625 0.31298998543865664 0.2875 0.37350551570296325
18 0.10390625 0.05663705002541664 0.1234375 0.11327410005083328
0 0.04453125 0.7850763648684721 0.0890625 0.2548472702630557
2 0.3 0.4063148966577774 0.4234375 0.6735574896132412
13 0.4828125 0.4954332191002772 0.396875 0.5123164908798152
10 0.8703125 0.20111600228323975 0.259375 0.3601326935146299
9 0.0875 0.4420762198585184 0.175 0.3450142269496298