10 0.8009251580256891 0.23915003208058733 0.27314994182452984 0.24918302246379737
12 0.37208384134609124 0.6601162252816072 0.2749033736471199 0.40470461817271913
18 0.481665877560828 0.549923105040826 0.7062796300252157 0.9001537899183479
13 0.6506857840887049 0.13923812002146377 0.24993584030732094 0.17451818549854295
4 0.7556145920949973 0.9634016683473435 0.16492311151914835 0.07319666330531287
17 0.25349256438438805 0.36410865728351266 0.34741610243529264 0.4218226043173055
9 0.5108759190663987 0.8891453201501905 0.26919576546195145 0.22170935969961883
3 0.18989206317644 0.6885844973764851 0.37978412635288 0.6146689947529701
16 0.8391124893698405 0.8919708493736269 0.17879390606883483 0.21605830125274608
11 0.9428109295273803 0.7321854193885339 0.02362868969849785 0.05606051782347
8 0.7754647064890836 0.9815177624924064 0.04821410151720862 0.036964475015187286
6 0.49222177179155546 0.9644366818666218 0.2193874709122649 0.07112663626675632
5 0.9684952952985926 0.24848788390966148 0.0471937354561323 0.060329064030038106