5 0.4978270894745142 0.5324546026988445 0.14658667211208343 0.17142701847165184
2 0.3580742584524656 0.5289784995842122 0.23343597473312522 0.40781975737379905
20 0.09924673195131987 0.6783505039972373 0.18249172378319473 0.440034341327808
19 0.9498038975107989 0.31599651639872495 0.08619468597979178 0.19889273890214723
16 0.6238044419637154 0.2832651756232966 0.2965529173624308 0.357631435895586
10 0.48025315729444457 0.19631018996111926 0.2172641544446529 0.28611312875519546
8 0.2112551162600004 0.6124687160174702 0.2546940321038197 0.463247850563634
17 0.3230667448690977 0.758844346014017 0.22238806553881965 0.3114042271836188
6 0.8095412670018405 0.23861059635549656 0.30658253400368085 0.39571363275243276
11 0.9434272641520488 0.8082682020894232 0.11314547169590235 0.3284989252818169
1 0.7044784393982642 0.6576659007400009 0.17961737765916688 0.18596470747061603
0 0.20283667211208342 0.174920199612733 0.21348453780340293 0.2484190631362465
18 0.806133764959809 0.5591043148556692 0.3877324700803818 0.532300437273529
15 0.8168173980794797 0.8227627328349892 0.3140677256830558 0.35447453433002163
9 0.9803629132783682 0.5783538392548812 0.03927417344326365 0.16749431761756764
7 0.04175958064079896 0.5592808392608934 0.06686280452090289 0.16439501185512023
12 0.7295621730620139 0.17225210614370215 0.05312630642076392 0.09278541604599108