2 0.3307549377622268 0.1462610349557404 0.004924298340326061 0.004312137031388908
9 0.8406127605966768 0.8274988416952769 0.08769017676456485 0.06095179989833355
6 0.2309917361025528 0.15893771795865735 0.2713584722051056 0.3178754359173147
0 0.772445530293694 0.6127951540051844 0.45510893941261193 0.5876576636251857
8 0.49906538464801586 0.03129239349134234 0.06375576929603177 0.06258478698268467
15 0.4363215439906485 0.3788167844495366 0.429481393370593 0.5311634711229635
17 0.42636343568763435 0.15716695757402763 0.2996018713752687 0.31433391514805525
3 0.5535845120465692 0.7070119067903698 0.6252441792633643 0.5725929128648154
12 0.5325444259393721 0.2954808382746753 0.11183991701630233 0.2114367011140742
4 0.32704070975755106 0.3425550244440274 0.11695254689043359 0.13672764184351868
14 0.8911041323729307 0.894406217075462 0.21779173525413845 0.16560685156944477
13 0.8158379035430625 0.8460072620345824 0.14808414772027056 0.13561411094166687
11 0.43334009917945177 0.49160772517898105 0.0016808991701630304 0.002131823454907315
18 0.721875 0.3181144027364812 0.55625 0.6362288054729625
19 0.1556724273892646 0.1821219512411574 0.28946985477852916 0.3642439024823148