5 0.522583648303842 0.5027581034286136 0.1868929901980554 0.1826074936225563
2 0.3982384677194438 0.4403664932297728 0.2034146918004625 0.3867984012467686
20 0.07318994957615683 0.4014052810298514 0.1253279394913882 0.48197722872636944
19 0.9555548073045831 0.5781359217939596 0.08889038539083387 0.28007570257462844
16 0.7222433127712032 0.33251936806294474 0.282184949293333 0.3020362404338344
10 0.5972447298304627 0.16496790644586193 0.24892409849212935 0.19974685896136304
8 0.20811175372319385 0.41078097553764753 0.3255425529692585 0.5105998628638513
17 0.2947894219137491 0.648832457321811 0.23755595447712913 0.3121014132160892
6 0.876688930584398 0.347394287394622 0.24662213883120393 0.437392304706637
11 0.8879023092843505 0.9258983044447812 0.12730337672018485 0.1482033911104376
1 0.7283626310090267 0.7708852877874055 0.04132762902925933 0.05862422482388112
0 0.3352731186616666 0.04008166197861143 0.1892962373233332 0.07643021649519317
18 0.8006388807262027 0.6704557052987664 0.32761360942536977 0.42316046525771556
15 0.7898653504718969 0.9076930314817621 0.1921272943450923 0.18461393703647577
9 0.9517353231387957 0.7967707772456177 0.09652935372240848 0.1885666021320084
7 0.0420192790765274 0.25956892766036516 0.013398118661666614 0.03758484335140976
12 0.8271755290765274 0.26565946824370906 0.04642523213953709 0.06491058626019956