10 0.6963731546880769 0.09233870225143595 0.26462130937615386 0.1496675367263892
12 0.4824221876891855 0.6723227334074543 0.2568855598375791 0.37825232193416697
18 0.5460760726375057 0.535963122211621 0.6663535040051695 0.8798127152962969
13 0.5284847478405317 0.07256692590967652 0.2507194956810633 0.12011294908712991
4 0.9410207279438915 0.8245394853051863 0.11795854411221711 0.26298838500444455
17 0.2675412600221493 0.4701129490871299 0.30850861659283935 0.3486509860676854
9 0.7094829403100792 0.8506732712754633 0.2594307665005543 0.2986534574490733
3 0.2775728038205995 0.7688712253039351 0.48785376002214925 0.4622575493921296
16 0.9655212777593214 0.7254365525543066 0.0689574444813573 0.4278609171728706
11 0.9981643958194908 0.42022909016814924 0.00367120836101833 0.05470005800398141
8 0.962288962827613 0.7558622204875474 0.04579216378737563 0.07630923328250011
6 0.725357066620526 0.9329532508853243 0.2098336798265045 0.13409349822935138