19 0.2970606447326333 0.6366112588198266 0.5876487347230883 0.5767774823603468
7 0.5857856953771343 0.40762782704406836 0.11329997867599957 0.09603122090244405
18 0.7666351586966804 0.7630657358153452 0.46672968260663905 0.4245568802667331
13 0.6990220393857249 0.48763827280829103 0.08753745735199914 0.18666736781899662
2 0.8243225787316788 0.60677741083962 0.262282918682363 0.16429000774131694
8 0.5342328333863612 0.5002835571398815 0.30739651869827134 0.3222373343885638
11 0.12467820942072325 0.8537869226710652 0.20416133601209033 0.12663044514793143
3 0.3962992180935412 0.903686226005685 0.7404806440165447 0.19117269657670424
14 0.2947612533815887 0.46268323489090846 0.4699510626989076 0.3347916905069089
5 0.7937356500636333 0.5944178109451431 0.15941245735199913 0.18945583302518773
6 0.8317634560789056 0.7429932689376325 0.24898403469127156 0.25124443846184474
10 0.6977146253978151 0.6064792010215363 0.08226815467854501 0.11981884472583933
15 0.7585970340547247 0.5082514247394084 0.3994203866963623 0.307063844109548