10 0.715433939239456 0.12761076950055636 0.21556084030732095 0.15848402938111134
16 0.8098375145438675 0.08148910827930647 0.25532497091226497 0.12020992933027808
18 0.7023762166602011 0.2513993874083804 0.42359622303829686 0.295940764942593
19 0.4354764037736252 0.519682634623195 0.21418875637809567 0.5181733442241668
1 0.010524007791318834 0.8689448314334723 0.021048015582637667 0.07698809498453726
17 0.3353339140654289 0.9075376010632409 0.22436175546001175 0.18492479787351832
14 0.11913328196267303 0.6739618171220372 0.23826656392534606 0.352090300910741
6 0.8616396463567593 0.27095295820305654 0.2624355824314133 0.2618281058753707
0 0.2106848583058547 0.9774981122082409 0.0875636439408634 0.04500377558351829
8 0.4777906759035364 0.2120766531134728 0.29384507909743346 0.23992973176175958
9 0.3078134025656772 0.36752308231879666 0.14859648091420458 0.18551713069851866
3 0.6369442114900534 0.8977539188185651 0.34320735030926064 0.20449216236286982
12 0.3159298230092018 0.7591421298110652 0.18906198424818452 0.20964605040453724
15 0.13842567377750453 0.8677083333333333 0.27685134755500906 0.26458333333333334
20 0.5858585252947133 0.31353309865504697 0.3096615266718391 0.19259494655398182
11 0.3865757445399882 0.20611498100138934 0.2536346672787226 0.2199674787224077