10 0.6709286139483381 0.048555684834378186 0.22376777210332363 0.09711136966875637
16 0.7562128960807917 0.003317736953944528 0.2594492078384166 0.006635473907889056
18 0.6778485521907134 0.16658266766520805 0.4505528956185733 0.3331653353304161
19 0.4560033297708205 0.46165175795636526 0.2524911318285197 0.5699393955676246
1 0.06734502890025534 0.949766552924865 0.07052310015828456 0.08873268444789276
17 0.419308345672445 0.8574211894729273 0.22913723370266398 0.214072118799164
14 0.15073029113905145 0.7253621102950365 0.3014605822781029 0.43558535233867135
6 0.8385049073635628 0.1215045602853382 0.2800297954602889 0.2430091205706764
0 0.3080011211409811 0.9578671268521507 0.08777278463973612 0.022023416570045383
8 0.4502547496042886 0.15694158201260008 0.3093990467139299 0.31388316402520017
9 0.30622830179500193 0.3605243731155215 0.15753501834240008 0.21874931233091266
3 0.7164932342313894 0.7751946280439348 0.3448364415410804 0.3014865725422588
12 0.3752975843896739 0.7312730197783087 0.20031355172849494 0.25042429293908935
15 0.1884220585254265 0.8659235523128092 0.3517396594086269 0.2606702109264892
20 0.5728822558724948 0.21303406239520623 0.32264319279472176 0.28452238506641425
11 0.35928876880461846 0.17912578462820436 0.28439904671392996 0.3177708598119297