7 0.9976884449948201 0.5973916112068595 0.00462311001035971 0.13677489591881364
2 0.2640156898230243 0.9030189347535106 0.35745724317557437 0.18785009885831747
9 0.22693295099067606 0.5136672746773984 0.1889641083532209 0.2306804954113993
4 0.5155758041766104 0.10120617455054469 0.35302660835322086 0.20241234910108938
8 0.6229238854415261 0.2546238794176401 0.31961060256225265 0.5092477588352802
15 0.16955913688926816 0.19325484319437772 0.2003767973521849 0.2895231647142877
6 0.38655189185166694 0.28791744988699847 0.36556945781510164 0.3754349881865766
14 0.8921875 0.21619277860694366 0.215625 0.43238555721388733
11 0.770175682793711 0.5144190111047933 0.38729890860088984 0.37245677211553857
12 0.7998011784504848 0.7351055605091645 0.21665676881613755 0.3091220579968796
13 0.2760147679875681 0.6863328181502707 0.2654966832079957 0.3679187378446552
20 0.5054924445805353 0.4661804182523369 0.37407547063538327 0.44035787883294664
3 0.12060802233079429 0.47247985967076395 0.2288443614535928 0.6133736139918055