19 0.2759889309045062 0.57854873627987 0.5519778618090124 0.6137358607735933
7 0.5609864578662094 0.39098449021514237 0.11642196757828494 0.09992667426664426
18 0.6937680384614551 0.759749737726911 0.5131050042520637 0.3875561370045953
13 0.6569529199844827 0.48560906066868414 0.09065643515657004 0.18659639043566473
2 0.7589622169500652 0.6210990530687065 0.2742661606107628 0.19128673170511093
8 0.49435719619727986 0.4769472174479937 0.32719945516044935 0.3453657957351491
11 0.072067221202129 0.7735508151737278 0.144134442404258 0.16539836965254437
3 0.33447162635288 0.8478890834686169 0.66894325270576 0.30422183306276623
14 0.26865543665438213 0.4078829844639094 0.4812492263722767 0.3493715340318315
5 0.731203878768776 0.605044148945696 0.16552888939893542 0.1915057382966824
6 0.7427954698250032 0.7582857906931182 0.258290216370337 0.2602262138816409
10 0.6349028346781315 0.6047013621550661 0.09528029121570665 0.13524146139340967
15 0.7118796649835128 0.5146667093438131 0.4220017721299113 0.3459189947529702