2 0.8164977040101814 0.43044071644276993 0.36700459197963725 0.43149874025637364
16 0.47750376475967754 0.9180327094138225 0.16869655068427197 0.16393458117235488
9 0.20615273937777068 0.44116756439209204 0.05139996268299925 0.16158033766188115
10 0.7311640194143598 0.8126883804046433 0.2113931280235443 0.2361228722924608
6 0.8432334740213172 0.5904157342996774 0.3135330519573657 0.3115487045425586
0 0.23123565006363345 0.6302547018377654 0.1817965346912716 0.24584860930571886
8 0.4671287914146781 0.8096677429611668 0.2916260680299077 0.3004774729410838
7 0.2208044906906353 0.24050772727073014 0.3020192227084526 0.4173623279193533
15 0.44943111939049735 0.5718040957751622 0.530563488064906 0.6497185454497524
17 0.5083259560789054 0.7866730746707454 0.20679653469127146 0.24643044480332604
3 0.22996459874281466 0.7479348490259669 0.4481498827179977 0.5041303019480663
12 0.5456334100493159 0.4969753749950571 0.1454045013526354 0.19292888744457504
4 0.753125 0.2831346120061183 0.49375 0.5427048863591428
14 0.01919872672658815 0.5888689491340707 0.020439769334818114 0.015056074675139305
13 0.1120845660407254 0.4025273479427315 0.22053286537236186 0.3883880292187963
11 0.6785158986712271 0.060573954539263404 0.3007817973424542 0.09656535930462036