2 0.5931486283247569 0.12857623574577914 0.4078514804327085 0.1843892040021613
6 0.6423862153307291 0.08311863725440333 0.2777275693385418 0.15838320426401697
8 0.9617251760087147 0.8127775723269617 0.044515025835555375 0.13366058626019944
7 0.12730411635690958 0.5770597868835838 0.25460823271381916 0.249952907100501
15 0.5162724313270484 0.45927475396161566 0.6469568801277086 0.6361830348605392
17 0.8870193827900691 0.5715404881489341 0.21257796086541703 0.3640999031980127
3 0.4711910949866661 0.8005393613053907 0.6991700775066668 0.3989212773892187
20 0.051683254465312224 0.9348355781933673 0.10336650893062445 0.10717115638673462
4 0.31284353248506935 0.11702560980605729 0.33368793502986127 0.23172408768773245
13 0.18741485382038142 0.856777935334414 0.1814357572181946 0.2805362807679955
11 0.0828125 0.12148783918706581 0.165625 0.24292719645904032