10 0.7029459278706093 0.039627137965417024 0.2590168557412186 0.07925427593083405
12 0.4685244372993306 0.6084841567451845 0.2680920612921568 0.41539000566941836
18 0.5369786655505007 0.4630763197718433 0.6026367935348407 0.8650059070997042
13 0.5344996753991513 0.0328453104947448 0.24712435079830275 0.0656906209894896
4 0.9313759698853943 0.7039157011659218 0.13724806022921143 0.2796761620281174
17 0.2600686556646689 0.43050705756341423 0.32064405832640724 0.40242208001551727
9 0.6911554654739509 0.7629706763302505 0.2607942144481868 0.32946315597221343
3 0.2580272890862164 0.7484491818064263 0.4669407381741829 0.5014010262853537
16 0.9622638725471326 0.6044260561137319 0.07547225490573481 0.43486353859040416
11 0.9963391129084467 0.2933930472231188 0.007321774183106556 0.0558672767684605
8 0.9467568666528144 0.6369089124788965 0.044479511862998325 0.0795916472748433
6 0.7031726458160182 0.8484086436025076 0.20726335475263546 0.15752459798998614