19 0.39432404293430523 0.5511918233118508 0.6617103643601394 0.7466568417224674
0 0.46314481848552036 0.6480451036759256 0.4924525245043753 0.7039097926481489
20 0.7838378717721524 0.7949489043051213 0.2167537017473613 0.17913738938135756
1 0.6023852371791314 0.9239673037389499 0.16780836189159737 0.15206539252210025
15 0.2040127399320138 0.1970671831608019 0.285104964665139 0.2536415821555548
14 0.67459538402434 0.41583606867820816 0.6500818801277088 0.7057976320460477
11 0.719557166225069 0.7999759142956153 0.21388327488562506 0.19335618661666606
4 0.17736062737482633 0.10941135827857978 0.2921537452503473 0.21080292240061654
3 0.907007840521354 0.4659106746477137 0.18278397093340287 0.5556484201070366
16 0.9195766564414232 0.7324989565201828 0.14317203780340293 0.2516385230287649
17 0.11486062737482634 0.3802456363180861 0.2297212547496527 0.4063246059695056
12 0.7693584508943399 0.727501223814998 0.23942878875333343 0.22752247540086354
5 0.6059213852586111 0.17923560439913425 0.036301175911805574 0.02502549846061714
7 0.7481893528704509 0.8532378536604314 0.3844165932742364 0.29352429267913727