5 0.5204095970534633 0.5582188503620208 0.22917331981405517 0.28011878064332973
2 0.6697651048471336 0.5018146752633226 0.364345267352051 0.5756077621134001
16 0.4779535713266644 0.8582257798103965 0.39273307526193674 0.28354844037920707
10 0.6966489410048335 0.8743986143931297 0.2718742720436282 0.2512027712137405
8 0.828125 0.3103574163479935 0.34375 0.4881077621134003
17 0.623054723768998 0.20386569739230861 0.32423444753799585 0.31459071425637164
6 0.25404045994636854 0.9752535690194196 0.23430929802252862 0.049492861961160865
1 0.21530683381191157 0.5491522005594172 0.25485102698730666 0.177026091847677
0 0.9415312081816577 0.8196559438755642 0.11693758363668465 0.32525602932709885
18 0.22640214298230496 0.7872476611344202 0.3614609319506556 0.4255046777311596
15 0.0701203839281271 0.37388063070706434 0.12538132031825824 0.46442792808079536