2 0.6841269731269434 0.8370800755980722 0.32587777346576186 0.32583984880385564
9 0.5563626630412402 0.2147484883294665 0.26272532608248034 0.35024658978962114
10 0.07902297319753057 0.6868806137004595 0.08671031570031093 0.1325754046272138
6 0.5885939362246533 0.8856561180046515 0.2539271787556686 0.22868776399069712
0 0.1590326367328809 0.16732888367602555 0.31533511561560634 0.2721577673520511
8 0.015372912970652982 0.2628642021455391 0.010178636803468078 0.05489507095774489
7 0.891708628840373 0.5346115395124972 0.2165827423192538 0.3255817528243668
15 0.5916370942865703 0.6838407898158485 0.553834715446197 0.5309271726515356
3 0.3732448681052679 0.4757050477191773 0.7464897362105358 0.9514100954383546
20 0.8643733131400623 0.10548867416414481 0.1943716262801245 0.06791874556052455
4 0.8465388839608707 0.880884341941717 0.30692223207825864 0.23823131611656598
14 0.1566965920086702 0.14947486948447658 0.3106630261671849 0.23644973896895316
13 0.7138559156014889 0.32902521243459987 0.3839618312029778 0.5607356115811477
19 0.7618108993223631 0.98082626372013 0.300515210466874 0.03834747255973999