5 0.4737947950803825 0.49654262746661015 0.22130572745980875 0.25538021514957404
2 0.6346766370986652 0.5179919367706721 0.35976472166884044 0.553201374283876
20 0.9570590210924493 0.16317994382564438 0.07787675103345748 0.1282226969021812
16 0.28400874131805687 0.8107766443878813 0.3736002816364191 0.36809985073199697
10 0.4919453658013282 0.8710577919053982 0.25687935442427945 0.24552110937830113
8 0.8649891834173926 0.3624177873966134 0.26405411538253426 0.5850317173774525
17 0.7304772504142848 0.18959954742206675 0.30114308477957225 0.3503180622745431
6 0.07352942948845131 0.8090833688733341 0.14705885897690263 0.20266659558666522
1 0.19736718982753354 0.34050160173988053 0.24826202564056316 0.13294838404411918
0 0.8088952713018461 0.8952912567367342 0.22827916542531534 0.18677566581793742
18 0.13254917266402577 0.5770091484192739 0.26509834532805154 0.4168150364947856
15 0.10362580603863727 0.16442576177593946 0.18962338792272546 0.3288515235518789