2 0.23585529247189543 0.25455161595588083 0.004878500988583135 0.006322725334181811
9 0.8435153062748789 0.6844988425101285 0.08791117688202599 0.06591663112666594
6 0.1346283734985347 0.2706985439741224 0.26834672927693437 0.3998089849352707
0 0.74784200342286 0.4933662247507336 0.4926012658545119 0.6344285920856929
8 0.3753700731179739 0.05872894393170011 0.06842634783255326 0.09268482134521157
15 0.3780361807991778 0.43142743459582145 0.45988692494204086 0.5860270898578146
17 0.3242612178710468 0.1979978639401846 0.3165932282883512 0.394310480055149
3 0.5511195592406284 0.6702941758964897 0.6758594348278726 0.6518482134521157
12 0.45597945007654966 0.3084009501379433 0.1126803666156336 0.212065107574787
4 0.2675297623201086 0.44459481328242656 0.11845552273741297 0.14551964979842325
14 0.8866949619023667 0.7535874976130379 0.18790054250907637 0.2715378044769681
13 0.8231245518262545 0.7129268647358858 0.15464769072219048 0.15441054402715035
11 0.39419308000087505 0.5415410790367307 0.0016261669961943781 0.0021075751113940554
18 0.6773424555137572 0.27832886574369853 0.6359400889724857 0.5566577314873971
19 0.102441909087529 0.3202629217589706 0.204883818175058 0.4553074898153922