19 0.4229903136871232 0.5490898309872227 0.6114727708830523 0.5888587681241598
0 0.5140755401134746 0.657642769781299 0.44796254259467394 0.684714460437402
20 0.8378940297743924 0.6881511265456768 0.20683650496239886 0.11886426523168202
1 0.6945914476809072 0.9049188253358526 0.1461216368892682 0.190162349328295
15 0.18095255521006776 0.24822212544692962 0.26454199710451587 0.16402411303942976
14 0.6714898180303492 0.3431282117410369 0.6523546360606985 0.6433679216943553
11 0.7778662123632156 0.7104085136428389 0.2117080955329392 0.169058330850631
4 0.1335081668730575 0.11742872318638155 0.26672523531769154 0.22652411303942976
3 0.912736517473094 0.3275004940664276 0.174526965053812 0.5254510079944748
16 0.9464491226212445 0.5895667184941603 0.107101754757511 0.22423522580567593
17 0.12037042783131228 0.45545953156812324 0.2215283593866782 0.3609190631362465
12 0.8130909288647695 0.6252858174749636 0.23096751778268043 0.1848060578976579
5 0.5633583327126577 0.12645292886326648 0.03502997146395277 0.020884721808438478
7 0.8287939728069963 0.8296420100613894 0.34241205438600736 0.3407159798772213