2 0.684923192457755 0.7305462574923818 0.309092290921658 0.30388364035402354
5 0.5902977171373442 0.9411875078343033 0.07647321996293303 0.06032468775644115
9 0.5346701550794759 0.14933860932884255 0.2537153101589517 0.2986772186576851
10 0.07987110470880698 0.7196059828645583 0.09260914065150563 0.14025535837744035
6 0.5919842135091471 0.8263495065161924 0.26216272721932726 0.29925362717291437
0 0.15025051506094247 0.18064695913856213 0.2977728450053421 0.28870608172287576
7 0.8854141995445131 0.367704974197688 0.2291716009109738 0.32740162190047073
15 0.5874628606992568 0.5939729505212665 0.56714787149903 0.5654674888704195
3 0.377929114875608 0.46979166666666666 0.755858229751216 0.9395833333333333
4 0.8460119375636136 0.7565826533864083 0.30797612487277287 0.321823646944578
14 0.14577134618646848 0.15898418245921012 0.2888145072563941 0.24453163508157977
13 0.6941840535355299 0.24145626215534477 0.3758681070710598 0.48291252431068954
19 0.7647148745790728 0.8795541250718112 0.30020338584218215 0.1432123057025791