2 0.6979771545679843 0.06411714880316861 0.1553293091359686 0.0993607110375773
0 0.344920669378847 0.8668924929644621 0.23564533016686778 0.26621501407107573
5 0.5220121981001207 0.17450035713814957 0.34714939620024127 0.33278204978049697
4 0.2516409808896648 0.762455456707931 0.050730340343632996 0.05946063960994744
8 0.36320592265820734 0.7015684144990976 0.28286116689245616 0.20640019047367986
15 0.7394331507227971 0.5032224686081422 0.33290318973237765 0.4469290064906249
14 0.18392561566994536 0.9630091060604064 0.20763543758467104 0.07398178787918729
11 0.25530821347681026 0.7167493998896993 0.11083568068726608 0.11913946753149744
16 0.1604151153312611 0.6656273657996389 0.2897131117132165 0.5395880649326111
13 0.6891144889187235 0.1960815330024312 0.2501039778374471 0.3659077391753351
1 0.21602887098547066 0.29330544480332604 0.42812715852471317 0.4866108896066521
20 0.5116290552907813 0.5457935216405423 0.2968085594746529 0.402378982681415
3 0.8450092848257091 0.11124906763301076 0.2587685696514182 0.18918805302800631