19 0.4180153869830395 0.48197148159817954 0.38864713819098745 0.33358207358970693
0 0.7442420156311293 0.9045966899287667 0.17541407242947357 0.1892349621197141
7 0.9562889071318509 0.8654597370044707 0.08742218573629827 0.1822576677477052
18 0.3592938333494972 0.5804623457762607 0.3227989975841041 0.30292445346042174
20 0.49655433047455927 0.7199207683941314 0.14658769970043756 0.12615312662210698
4 0.9767051186461501 0.7972370254241772 0.046589762707699836 0.1645727889602258
9 0.6305952642540035 0.42450799512434234 0.18188721303635713 0.21851072294218218
13 0.9258108800252156 0.9140233306197527 0.06654951333591938 0.09308489069208434
2 0.7490093929020933 0.8422966958810693 0.04410068636451818 0.03223184740221209
8 0.7340382260824125 0.7888989604915658 0.31259507909743345 0.2381956612526866
11 0.3744890433417386 0.30620782250757 0.27340503333979893 0.23520320995434194
3 0.15495779334173856 0.3010985795442063 0.30430357334755753 0.510530492421746
14 0.7125142992607923 0.6666966780241618 0.4855855242559432 0.4897851644979989
5 0.669864026841017 0.8238117932843799 0.0950891015172088 0.07502582034549286
12 0.7714915890993732 0.3175277943654185 0.2249355824314133 0.25903953895912746
6 0.4861111669888585 0.6895124291084956 0.22228907242947363 0.19032590367772784
16 0.9640779597023773 0.5232059626536429 0.07184408059524543 0.23763491450129426
15 0.8551157427523121 0.9061369182827322 0.19993584030732095 0.15651982900258854
17 0.9054758996303962 0.7847293874379845 0.18904820073920767 0.23148346428398814