2 0.6223436705189365 0.7325622537590725 0.31388891832631993 0.3178338556416892
5 0.501780655457994 0.9309833693244722 0.07469246515360961 0.0541914517780242
9 0.5544196267716895 0.1404838916328281 0.24116074645662094 0.2809677832656562
10 0.0351524996411049 0.6565449907468929 0.0703049992822098 0.13402564877568607
6 0.5163367179791986 0.8216487404946455 0.24442959019601868 0.28487625539559575
0 0.15597718148834572 0.12708333333333333 0.31195436297669143 0.25416666666666665
8 0.005057033032291781 0.2378741363356712 0.010114066064583562 0.057585060661990956
7 0.8775669169755573 0.3927182952996155 0.22751490870767305 0.29382435533407236
15 0.5443228526402544 0.5864463222345251 0.5286458774894797 0.4816905079119005
3 0.35625 0.4395833333333333 0.7125 0.8791666666666667
4 0.802874418704838 0.7743004637135447 0.3571478450053419 0.3028220254952638
14 0.15285218148834573 0.10104166666666667 0.30570436297669146 0.20208333333333334
13 0.702554537208643 0.23705310508182506 0.33864092558271397 0.4741062101636501
19 0.6814235154394606 0.8875719247446757 0.29933036660488843 0.11911615257782794