5 0.46601291718346155 0.4844329940520912 0.20250084361388013 0.21905619372118915
2 0.3600621082687331 0.3994967067134232 0.24668853947951358 0.42402288419706574
20 0.06984213062938348 0.2952204053036794 0.13968426125876696 0.49289252272597456
19 0.8919770350129186 0.6493236022811651 0.16618141424880087 0.3076940443709105
16 0.7022391162882975 0.35927753139185764 0.3072465052417872 0.35259717099301763
10 0.6207759700812104 0.17076168507068398 0.25788925046142525 0.23491229220553828
8 0.1837794686923218 0.331858196430376 0.3675589373846436 0.5663699361440335
17 0.20848221699889144 0.5819907451320314 0.2735724120893326 0.366380480517141
6 0.8505171275470644 0.4078516693802473 0.28034164867109723 0.47475017856907475
11 0.7206971105850849 0.9332047721931443 0.14689358883351816 0.10122585605930799
1 0.6020250586101867 0.788215465373814 0.05017927513842757 0.06984094155801349
0 0.39625443630490953 0.025639288962422697 0.191866127390181 0.051278577924845394
18 0.696605175821335 0.7038146450283213 0.3797804441675906 0.4978744891742366
15 0.630111683379474 0.9020169572572377 0.21259773442229637 0.16934711146999273
9 0.8425511266242139 0.8658577202461765 0.15951230721668558 0.20140767965231016
7 0.055921728100774906 0.15165222889668162 0.0190899614433371 0.03998334523793831
12 0.8206479572812839 0.3149016931894573 0.05516716378737563 0.07620003571381488