5 0.47900056057049056 0.4816733468865272 0.1919554824490227 0.20998548125555583
2 0.3649895363555957 0.4113032825496755 0.21511550079142278 0.412650696047778
20 0.05120714733443297 0.34525058092726846 0.10241429466886594 0.4886655048121297
19 0.9200227141731296 0.5929021523594896 0.1392229390337981 0.2978716603337965
16 0.7032767980340783 0.3289786613504622 0.2965640775927422 0.352720672491204
10 0.6048429612036288 0.15298809764689747 0.25504651583511767 0.23900841945185208
8 0.18016590696785142 0.36603194035032394 0.3033262061225569 0.5194843194010189
17 0.23026989238637502 0.6101438743677775 0.22878554420664754 0.3235522639301853
6 0.8634868723281153 0.35731751216166574 0.26620663935036715 0.4642023799381484
11 0.7772428661264161 0.9106624596031009 0.1356312746106063 0.13328832700046292
1 0.6430162818032492 0.7649295903016196 0.04198892319868044 0.06376074316092589
0 0.36246289608079174 0.033354094605416516 0.19382420783841656 0.06670818921083303
18 0.7301729524946472 0.6706202120091658 0.3492919239901031 0.47927235638157456
15 0.6839929712992656 0.8906552002308789 0.1991314849563052 0.1810612651967593
9 0.8871694470843708 0.8104416412144898 0.15293844655564542 0.210856561549537
7 0.03773201755097725 0.20285743338416662 0.013363818025830943 0.039971254305925956
12 0.8185440968595792 0.27023054914222133 0.04520485141192561 0.06802439007074078