10 0.7428321457416561 0.16126745728752212 0.21596719269935694 0.17276687252541598
16 0.8376008176807664 0.13157125248400325 0.2623965237259963 0.1600021034569898
18 0.7257945429661871 0.28366886407913167 0.4216680474519924 0.31600336553118374
19 0.45109433741524885 0.5191363811024937 0.20335308205240352 0.526024257059629
1 0.013189772205940378 0.8134699009412839 0.026379544411880756 0.08110646854923449
17 0.3376579426249948 0.8955199688130421 0.23162136760421664 0.2089600623739159
14 0.12359271441100572 0.6300616705373251 0.24718542882201144 0.36012334107465027
6 0.8693071210270767 0.3226094372292624 0.25272704646340927 0.30320653417751775
0 0.21087526673155188 0.9572216538221087 0.08928267589344294 0.06172798662782668
8 0.50335846885963 0.21663673167865874 0.29676620653952135 0.26329781296692806
9 0.32949786311841145 0.3517262575872442 0.15442219764227277 0.2015921201722063
3 0.6374032746402173 0.9075550572706751 0.3421768656270503 0.1848898854586499
12 0.32374663433576856 0.7446770661558985 0.18599053262324486 0.2132211630154778
15 0.1410574456279254 0.8381716911232001 0.2821148912558508 0.30134338224640017
20 0.6077966180613272 0.331236096154612 0.31787720258518865 0.23914647629055139
11 0.41314730433489355 0.19957917409983805 0.2570670365775774 0.24094900941283862