2 0.777076316207759 0.1458235531570117 0.16600704827463025 0.16359791191388856
0 0.20373882508670982 0.8041303350212592 0.23306314431968725 0.2831018911017599
5 0.5745797468979068 0.1990477237607662 0.3570905062041863 0.3595370978743943
4 0.14705141853387693 0.660522519293839 0.04971577673520509 0.05634921475990093
8 0.27085490529232514 0.6443585201378019 0.28737930372251175 0.21912703375008202
15 0.6861246262113315 0.5958202342233759 0.34024149581262614 0.4543519087642182
14 0.058818717060608615 0.8745436650918315 0.11763743412121723 0.15742066351699624
11 0.1633537617289425 0.6184689503884759 0.10735331411407198 0.1151455208686741
16 0.11081217784015636 0.5346594127013061 0.22162435568031272 0.523485492069279
13 0.7268417334042535 0.28236455073821365 0.24579237328446552 0.3772156491172988
1 0.23671875 0.23538033502125916 0.4734375 0.4691601347741465
10 0.8189249626211332 0.09451734323470688 0.025983345792955602 0.01991402564972494
20 0.4565681661880884 0.5527613302967538 0.30200952229572964 0.40892862189273865
3 0.8908221059324143 0.21690492339009726 0.21332979852673156 0.26347887186446606