5 0.7748392154103696 0.5677812174048803 0.21796662441111075 0.2593849568009072
2 0.8961709539114814 0.5257706621683426 0.2076580921770373 0.5457473943079754
4 0.2614740336946758 0.07967597204456771 0.21669806738935166 0.1450926298800051
19 0.1599140103211098 0.925 0.20827997464666645 0.15
16 0.6184599507074525 0.8138293983016086 0.4161880938739809 0.3723412033967828
10 0.8577561880307858 0.8959590554061737 0.26259561922731434 0.20808188918765252
17 0.9009179510367591 0.21381629919165115 0.19816409792648174 0.3446561202613582
6 0.373019603063795 0.9154365272811054 0.20706878916129598 0.1691269454377893
11 0.19587559387398093 0.3975132580720844 0.17421520735185125 0.4235053173588007
1 0.5228570503773604 0.5259326275742977 0.2240813404336109 0.09143522443509321
18 0.4003360843548601 0.6884623655085801 0.4086093311973141 0.4821892212854228
15 0.33185346715379593 0.25014886629599775 0.2605819343075919 0.4815278189901811
9 0.13463246338411933 0.7342460473058167 0.18888471715379596 0.24349209461163332