5 0.501519292601666 0.5166583592470801 0.1530647943450923 0.19831628618603622
2 0.39965328770069364 0.6005880953933413 0.22034933063166626 0.275114265231682
4 0.9760716503300921 0.7823007460650463 0.047856699339815734 0.24293383733057064
20 0.23004129114106356 0.8874286614280782 0.29615041300675893 0.22514267714384364
19 0.8585055671065277 0.08754897959201315 0.19201113421305543 0.0803939371369372
16 0.5099395109332404 0.2536760672700757 0.2315014441095366 0.3027797954218621
10 0.38738985914254587 0.3425458604884314 0.20562244929333282 0.3115469043274627
3 0.7991865215836569 0.861966473943649 0.40162695683268623 0.27606705211270205
8 0.29957324967069326 0.8073459272121397 0.2477114959474994 0.3853081455757206
17 0.44185849448689696 0.8169180192972152 0.2467942534403699 0.32240309070713236
6 0.6319034023563425 0.14402145712312392 0.22943180471268487 0.22380719437414445
13 0.9006417148447217 0.8524976219960597 0.19871657031055676 0.2858734188018772
11 0.9701997037700693 0.2625575958031169 0.05960059245986145 0.17800801709370878
1 0.8088055293593512 0.40917565342759116 0.026171520735185184 0.04312215880878381
0 0.1707381843075919 0.47951776978129895 0.3056606969842587 0.4132022062292646
18 0.7534065469369905 0.24078521835756855 0.3807782741755549 0.37222051336965506
15 0.874315786286574 0.5019154251392128 0.25136842742685206 0.6203711458489043
9 0.9297161857681943 0.12931842320889012 0.08443237153638847 0.1484075748547749
7 0.16368355928435052 0.9240810603803603 0.141365876720185 0.15183787923927927
12 0.6139442142790739 0.16676688033802634 0.10228425287472209 0.11216900137794307