2 0.5357690622435589 0.12333895395746225 0.4440868755128822 0.2466779079149245
6 0.5772363206465159 0.06672077281638109 0.29552735870696817 0.13344154563276217
8 0.9691838097349199 0.6145713818645857 0.02470552273741298 0.14501142652316806
7 0.13524183298521508 0.6607676153855403 0.27048366597043016 0.29464627184821357
15 0.5034672623201086 0.41684047339728164 0.7380012905690911 0.8276773272631691
17 0.8757415103429423 0.40619814833761897 0.23234556228074005 0.4074316261359012
3 0.5035468808757275 0.7204249432071014 0.7525890780980709 0.5395494860719529
20 0.09726109429815002 0.9764668260278301 0.1400175049429159 0.0398859200432284
4 0.25865080532347673 0.16840751309647142 0.3819343853987139 0.33681502619294285
13 0.23163077711167518 0.8662327366986408 0.22438187056996622 0.2489042271836188
11 0.06431982657801497 0.22300795533540532 0.12863965315602993 0.29148408932918934