2 0.27651233887551346 0.19772925688290116 0.0047784282132453445 0.004421334651444239
9 0.8572875950772125 0.7178712080632231 0.08068771034569906 0.05016268907455199
6 0.17497257092882482 0.20428872988641514 0.2519790032987053 0.39032606854176677
0 0.7854296919700454 0.5168878912062761 0.42914061605990916 0.519517455917647
8 0.42602294239901034 0.0340743889739441 0.06280152837152997 0.0681487779478882
15 0.40833430337784754 0.39601910996311057 0.40332620612255693 0.531723888059723
17 0.3670775029029939 0.16782507936660693 0.28259250580598777 0.33565015873321385
3 0.5665118308914477 0.6909098451219694 0.6012468805748785 0.5903366100870474
12 0.4919531339400908 0.28510019690885524 0.10298391066226813 0.21368136101366225
4 0.2971922148980455 0.392671252269513 0.113938131037097 0.14352714230640232
14 0.9072658968722145 0.8021878582535036 0.18546820625557103 0.2380340566787685
13 0.8359581643566848 0.7440596586588518 0.13692098997087002 0.12396714889695701
11 0.4186018651354724 0.5080946633218147 0.0016079641066227169 0.0021682226615925043
18 0.70859375 0.2761672746773983 0.5828125 0.5523345493547966
19 0.1179329607414104 0.24284630169867177 0.234411070070895 0.44347406326932315