10 0.10437464959437029 0.4978296306349427 0.1687303796736385 0.312674072063448
13 0.7816456993845888 0.32500753203916766 0.05402557178554286 0.07432718528553603
16 0.0239273651514914 0.33821411804614765 0.015413357678314222 0.10690509724103806
18 0.23764540041956286 0.24270833333333333 0.4736332124568435 0.48541666666666666
19 0.5149336412960006 0.49005705110961606 0.46650779668994086 0.5409878712484406
17 0.7517223236596426 0.3919382971528872 0.21525018216314945 0.309699558268638
4 0.08882754689043354 0.12765582391100386 0.17007754689043353 0.14468835217799228
14 0.8788255848577974 0.5736147308937241 0.2423488302844053 0.6328168732088915
6 0.11983093838692671 0.272947672245162 0.22876915311885523 0.38327132217634274
0 0.8565165674358652 0.40030263606471583 0.1721621103776066 0.23613665309764625
5 0.8129423209603501 0.26843884215536157 0.16077432448483514 0.2000648891899416
8 0.31352727449412393 0.6725050723663047 0.4661292883915711 0.5617120217082676
2 0.8905471027039369 0.3090313975603908 0.06820647095570606 0.07739316448042644
9 0.6172820043728995 0.8280203588137802 0.24472419461070416 0.2806332157387648
3 0.5820824846526603 0.25005913312403977 0.2666942829929864 0.3112192597610138
12 0.6630760659859727 0.5434993019769467 0.08764355518880329 0.11817750942232935
15 0.8727712973146406 0.5759075712373571 0.11018232863401992 0.1861543705710723
20 0.2964069390116266 0.38505966380305795 0.3420709460605965 0.15878180159702257
7 0.43171563174823097 0.26788694708406785 0.1783170219953242 0.2075159007985113
11 0.4181098759486609 0.7875561427721588 0.5368184514591814 0.4089470149237575