5 0.491226005460949 0.5338128625377183 0.1539067708808471 0.19105802085845489
2 0.3627737525340827 0.4488629539282628 0.24708512002052546 0.4253004347766404
20 0.09247488807270221 0.43099607356928965 0.18320442720211783 0.4619921471385793
19 0.9657800569852008 0.605135998776489 0.06843988602959854 0.20754364903364428
16 0.6905260478118185 0.3889277605297139 0.31414535499341073 0.40135140311249307
10 0.585965291958086 0.2308586273281433 0.21526242739850954 0.2916236277987244
8 0.1987157977136226 0.43716388396087064 0.27860783079291396 0.49022724175455645
17 0.255007225210328 0.6300131330133382 0.23105105386194272 0.3303370312876825
6 0.8697630541565303 0.4123175708271786 0.2604738916869394 0.4973471715989317
11 0.8406866917382532 0.9383753433860959 0.1804783612399266 0.12324931322780823
1 0.6421714028052292 0.7621282026983817 0.18363063231716553 0.2016968208208084
0 0.33393009328594586 0.10298949782258636 0.22098518657189176 0.17127565586097432
18 0.7724901618804155 0.7354384627918321 0.38657486689726744 0.5291230744163358
15 0.68817931527482 0.8923208487889421 0.31674311416679296 0.21535830242211584
9 0.9378202460911751 0.862144861973021 0.07728972872636959 0.17261234376256074
7 0.05593742437344744 0.29070524554468624 0.0835306383672898 0.1710143718248107
12 0.8254868550916067 0.35463203404253385 0.05979315651766228 0.10044426659137369