7 0.9907614423729371 0.7530635589737182 0.01847711525412592 0.1279197218611439
2 0.2168403697697494 0.9117856158007374 0.3343254146981227 0.1764287683985252
9 0.221088837833766 0.4819380232664939 0.17237105172143127 0.20180769155691525
4 0.5518105258607157 0.11174053192139267 0.3348710517214313 0.2055896222913623
8 0.640587827582147 0.31160271103318354 0.281572470047751 0.4958380649326113
15 0.19622521397248333 0.15863952705452242 0.19135915389834954 0.2709577034615202
6 0.402115604623989 0.2987654247799478 0.34261411905195926 0.32236538311383034
14 0.9203125 0.28704381925566697 0.159375 0.5349592012972462
11 0.7593279370154594 0.6121012727204824 0.3608184820286507 0.3019684264037025
12 0.7667833168671917 0.837137637439083 0.18823415389834963 0.27088497402431905
13 0.25239837993655045 0.6638062234827016 0.2301686827542901 0.32183045670793103
20 0.5019122518989165 0.5020071569219419 0.342633966419554 0.38274568506189655
3 0.09439736306150945 0.41444551244512423 0.18202882703399278 0.5705576915569152