2 0.8242959539114814 0.4651324217587168 0.3514080921770373 0.4378572084605603
16 0.5186055051373135 0.9233499015078243 0.175271985014259 0.15330019698435157
9 0.231656560462129 0.43241075087223557 0.05257677879370348 0.16029762661724417
10 0.7692412007074525 0.8385649433582631 0.21197090263916643 0.21548945359469157
6 0.854978608859722 0.6276820291386672 0.29004278228055613 0.3169246603673261
0 0.26284635480722135 0.6228671034428626 0.20247832544787006 0.26074077410316243
8 0.5047002470787951 0.8189782557663771 0.3186692534403699 0.3222288895269244
7 0.23992980730458302 0.22613760664907823 0.2875162897269439 0.3934722693221117
15 0.4796046278514806 0.5789584128143969 0.5855217286526841 0.685661472945076
17 0.5453840356744433 0.7980258823836212 0.21884561922731435 0.24904104173734823
3 0.2695542675311563 0.7385416666666667 0.4764994602265733 0.5229166666666667
12 0.5741071920832864 0.5117031396117426 0.14939299019805538 0.18765214107348716
4 0.76484375 0.29599220058638465 0.4703125 0.5426588142656757
14 0.0489014319985177 0.5672123036899753 0.0212694072573148 0.015529104173734728
13 0.13680339024532354 0.3874934062888749 0.2487271918004624 0.39582014591108317
11 0.6944820233270833 0.07906758437520495 0.3045890466541666 0.10764555619359127