14 0.9278997471635131 0.8786878367171191 0.11319398495630537 0.18434542463393674
5 0.5192929399582349 0.593308729174359 0.10401756175762475 0.12117789430294111
2 0.5901222655059131 0.647366674886184 0.21154055674305994 0.18858964013781285
20 0.8596893047645029 0.9198220758705579 0.14992109514371982 0.15213290355604842
16 0.332856649446004 0.3133458163652036 0.3088200366848001 0.42979983137689287
10 0.4120858452102267 0.5204883909068552 0.33592810596427225 0.4570694345022775
3 0.6607566774218225 0.45929068269964546 0.16628554420664762 0.33028428541897437
8 0.7808285188711255 0.9109966861941703 0.0847674565847754 0.09665915484188521
17 0.6498155142522719 0.6378565720684163 0.1477963054894186 0.19769922475698345
6 0.140325820137402 0.20505764445674962 0.2727795851145898 0.27907953732004526
11 0.25912729592250716 0.1411122660883484 0.08293217194503918 0.08402564877568626
0 0.6965648306287503 0.755048254675773 0.44426945486891556 0.489903490648454
18 0.24851039317779788 0.2330863160575867 0.16460337226160832 0.25320095208564103
15 0.3843486047771381 0.21338459078380842 0.2825637620741938 0.2986305737172398
7 0.8807232187919831 0.960232827464012 0.04273306927947225 0.02860466378737551
12 0.10214752170761236 0.24110306703580692 0.20429504341522473 0.30303946740494714