5 0.7646401982943006 0.651280146635495 0.2415312081816577 0.30830717289818454
2 0.890242223768998 0.6475273748561446 0.21951555246200413 0.5736798340326047
4 0.3069109177006977 0.08799651812894421 0.22632183540139544 0.13684237732398183
19 0.12571908197032616 0.8561256757979696 0.17189641535490918 0.1955846849292726
16 0.5743315445914593 0.8076900210287292 0.4531021287323469 0.38461995794254167
10 0.8033959677400386 0.9305314453768064 0.27309828243518836 0.13893710924638705
17 0.9111231702985878 0.3397944227131732 0.17775365940282448 0.38081240498521446
6 0.3176005793724361 0.890658541358187 0.22375384629715872 0.21868291728362596
11 0.20241943169855414 0.34787373555242446 0.22817853838727303 0.4685970550551416
1 0.5161209348006472 0.5505325197948107 0.22711951089576327 0.12241690955086591
18 0.37360528889147615 0.678085759347277 0.4511897034900807 0.5719482334855727
15 0.3558779314464526 0.26598042324782034 0.3148808628929052 0.49186299420042995
9 0.11539395114429218 0.6592506757979696 0.17615758045771684 0.2768346849292726