2 0.6125162241644444 0.11662517604209058 0.42623911094166667 0.23325035208418116
6 0.6632253921924652 0.07538941287732322 0.2844139804327085 0.15077882575464643
8 0.9430290741851037 0.7873938877921458 0.05399912860909737 0.14278541604599107
7 0.13008427745107626 0.533370361456599 0.2601685549021525 0.29575927708680205
15 0.5185798137358677 0.4245916098737681 0.7019002596867366 0.7782081356449109
17 0.8762448837399998 0.5449338806232346 0.2333996071419448 0.4057364240404658
3 0.4558934033072912 0.7520916407529198 0.718574694147917 0.4816499283108868
20 0.043580466946249743 0.8864297670254129 0.08716093389249949 0.13547379928250766
4 0.3338827310982985 0.11266262724066055 0.35098453780340294 0.2253252544813211
13 0.17073650009690922 0.8145432787439412 0.20047669794763906 0.30796243451764294
11 0.10285093664538188 0.10467465288122371 0.17867312670923624 0.20934930576244742