5 0.48468079861554775 0.509671009866299 0.1498920066836355 0.16896963558242295
2 0.3448279579487751 0.5085430373965425 0.212684002705271 0.3824150649267862
20 0.08319266597709196 0.6648628435709689 0.16638533195418392 0.4297256871419379
19 0.9476636986394104 0.2824473343941739 0.07825336401972649 0.19493784712496912
16 0.6205017619748648 0.2565353485571463 0.2935703760343621 0.3420089707192703
10 0.4805767433163644 0.1741452551983596 0.19589539735836253 0.2488393138128469
8 0.19404616060632096 0.5957991600360589 0.2460601240451797 0.4475074755993918
17 0.3006223299252307 0.7391385093889066 0.2055612986950896 0.28231809781454376
6 0.8101006113144553 0.19801027036914476 0.2766737773710893 0.3750756444939371
11 0.9316450632559127 0.7749738543920528 0.12620106269890777 0.31858176713345354
1 0.6867876439370029 0.6294891076808427 0.17489200668363553 0.16935750403139263
0 0.20177958131763707 0.15731809781454376 0.2082499466899989 0.232366581370665
18 0.7962722792807297 0.5290905779227206 0.37136920671545237 0.48486348451090605
15 0.793091093252731 0.8040784570336903 0.30461696403563465 0.3546786631656943
9 0.9727347819462299 0.5432882321769009 0.046748825350090326 0.1652863448970905
7 0.031566531309682906 0.5473961982283027 0.06313306261936581 0.16562572978993875
12 0.7308767353198642 0.14364893968805453 0.052362478675999566 0.09246664534266623