19 0.30634941071291705 0.5668098454705494 0.6038251291777782 0.708046975725568
7 0.5985531348773614 0.4128955404812717 0.11242857123840296 0.09316865068561644
18 0.7411459040634033 0.7846466304862204 0.505746079406528 0.3641051861886941
13 0.6974101685967018 0.5196678689905456 0.08753898043270851 0.18714587516934209
2 0.8032627379352435 0.6687117993391275 0.27042421561506946 0.20408693803625014
8 0.5342373681598614 0.4924812211685378 0.3117051386770836 0.33389984320724186
11 0.10046504625586852 0.7365940924169785 0.17758209897381955 0.16014514849937644
3 0.3636027855222922 0.8444022192080871 0.7014573164887501 0.3111955615838257
14 0.3064740844405211 0.3947164797235367 0.49426437195958356 0.4215650565339768
5 0.7747558782278476 0.6488020910622415 0.16264808320625015 0.19863665309764636
6 0.7899834475663894 0.8041786280741907 0.2575618461240278 0.27185429217469304
10 0.6791160699072226 0.6367122463461279 0.09444229065319458 0.1356084562035406
15 0.7535699028291323 0.555375210314404 0.41831881458888914 0.3621576119390061