5 0.4914712233387049 0.5026212614579026 0.14550846302712267 0.1886677885103945
2 0.3832561759130711 0.5784953499598738 0.1946585945689189 0.2425696861086351
4 0.9641058155591367 0.8024812357687868 0.07178836888172668 0.243462937098469
20 0.18757746779468437 0.8784280940441512 0.2778351156156063 0.2431438119116976
19 0.8834796289109603 0.08523067484692287 0.18883425782192056 0.10923635277530182
16 0.5198938129988878 0.24270870774974052 0.2152286998023559 0.2849637784812647
10 0.3892045260965977 0.32187049019033975 0.18268921558737147 0.28994078349582963
3 0.7857301865775892 0.8812900778565499 0.4285396268448217 0.23741984428690016
8 0.26656774680446677 0.7994967634819079 0.21094999445597953 0.40100647303618425
17 0.4091724757577794 0.7968401807859247 0.21862671558737148 0.2913350160989253
6 0.6517437814994439 0.1365545201890533 0.22536256299888785 0.23128206228523998
13 0.8838341221221089 0.859618538883937 0.23233175575578216 0.28076292223212607
11 0.9792849525743662 0.2845495896879951 0.04143009485126754 0.1744321368874227
1 0.8083332286709639 0.4182034266725173 0.020388094710093084 0.038227425705962874
0 0.1573468523202524 0.4418230979148097 0.27024939974588624 0.3661308658393294
18 0.7657600498447082 0.2470478368071702 0.3627253260824803 0.34060132770247714
15 0.8902602499294128 0.5187458646067469 0.21947950014117446 0.581767012755882
9 0.9519334972985769 0.13468197422220815 0.0746499314570915 0.17343994211303368
7 0.11849353882725436 0.9066137128529815 0.12850297355046642 0.186772574294037
12 0.6303161025320139 0.16380054746101483 0.09830026308359248 0.10780379519648116