20 0.16856961555840372 0.1063104598215851 0.3359928109449909 0.18345425297650353
10 0.48315433174874745 0.9158448047634882 0.17480300542706698 0.1683103904730236
12 0.5115770663720578 0.3889414118784346 0.17816702283992142 0.2513750836720176
18 0.5034137635676673 0.5182216907869641 0.42779296585165943 0.536830063318487
13 0.6060219436891066 0.8849090652789378 0.22906778154634874 0.23018186944212454
14 0.008993219696846686 0.070228398160692 0.014547178878243796 0.05295679632138402
4 0.11624463421445368 0.47974059626081267 0.20432008706427274 0.24281452585495866
17 0.6949118668015991 0.4744687004350831 0.23926829715018094 0.2597998824054313
9 0.3055793718899818 0.3413051221157713 0.18063692559888347 0.23492678275236356
3 0.6558073439616777 0.2328108925051294 0.3678646879233554 0.3996753294124319
16 0.11769202679665036 0.6751371981001206 0.20115522274906442 0.4794410628669079
11 0.13797130653397677 0.8670488067239389 0.1964190558566082 0.2659023865521223
1 0.7413552561044355 0.8433736160086297 0.15293464947960161 0.1644298567762623
8 0.10411312641253756 0.488242133272762 0.1767815852552504 0.176484266545524
6 0.1768911278828756 0.25855756746517794 0.3464124118040735 0.3296151349303559
5 0.40259040648854827 0.9914541693044859 0.08593085594746537 0.01709166139102815