20 0.2599518526731882 0.057424215368322 0.3738462946536235 0.114848430736644
10 0.3191275585136749 0.8593989951331298 0.19952810509226265 0.24398346428398815
12 0.5162873397307701 0.3480344799832123 0.21375720506402765 0.28385771536612514
18 0.46735003981547474 0.467802692104025 0.4865099785297895 0.5961442586538005
13 0.44421856377534674 0.8544064843117601 0.2570521787556686 0.2744592608202711
4 0.11389241190229012 0.3034317343084648 0.22778482380458023 0.2803092489156661
17 0.6639142266754126 0.48820255520106765 0.2690817418957307 0.2997138138504743
7 0.4170197559675436 0.9767905903721665 0.09952956314006212 0.02729097727182861
9 0.33383813175355775 0.23677324621526671 0.21468266823232476 0.2693107467513922
3 0.7051671001835267 0.2456168685088259 0.4324147417545564 0.4912337370176518
16 0.08755393693052498 0.48846129924327303 0.17510787386104995 0.48974406818012056
11 0.05774606861349555 0.7067151033556132 0.1154921372269911 0.34073645995544033
1 0.5942185637753468 0.8509154713261166 0.16380343671876343 0.17655313852671195
8 0.09568110270848182 0.31002719913516924 0.19136220541696364 0.19815013095065484
6 0.22736759485126762 0.159962107684161 0.40463981029746476 0.319924215368322
5 0.2188699532802379 0.903356639071625 0.09233868942018653 0.07707278896022605