5 0.501935811212088 0.47027370778639493 0.15980382033565022 0.2011514454834182
2 0.3795522483496148 0.5035289525155011 0.2248852912913561 0.27454081082222503
4 0.9325220377668713 0.9004072347237029 0.13495592446625757 0.18648326879867508
20 0.1491696991840962 0.7543841407767814 0.23085187137526875 0.32456505177977063
19 0.9395603300839126 0.18440043964235892 0.12087933983217489 0.18431509211393202
16 0.5838692049836662 0.23411769191458603 0.2540525730349426 0.32058019229469636
10 0.4386517933659485 0.26442368358589813 0.21775987552445356 0.31405142128292146
3 0.7122043406805894 0.8969563708124288 0.44550452199532414 0.1992028264321784
8 0.2179304319626567 0.6715228116077919 0.23546943901162667 0.4058150517797706
17 0.3597161128764063 0.7183607556636773 0.25933206888575777 0.3310332203976813
6 0.7386149819533679 0.1651791299858111 0.24555298880184537 0.28094837704627174
13 0.8301138910955078 0.8949996079984142 0.2909354211654872 0.20008623236700201
11 0.9990672298787755 0.431911070270136 0.0018655402424489153 0.17516968670281952
1 0.8318959983496148 0.5000200739107686 0.02412458423309758 0.03975302003615286
0 0.18489983133331242 0.29661371519858815 0.2949861489696704 0.3812877504519109
18 0.8132821726153798 0.3239541662865564 0.37343565476924034 0.3883255815721443
15 0.8744340827832049 0.6318329816659088 0.2511318344335901 0.6041801761610318
9 0.9916206601678251 0.28089364456101495 0.016758679664349786 0.1773015019512441
7 0.07621745125868865 0.7497394097063843 0.08163219875988892 0.25468784725389804
12 0.7100406186759763 0.1987488126552145 0.11167305103961844 0.12372873874444584