19 0.37087164089674757 0.4467548208838154 0.3976075500096984 0.35251389718270926
0 0.5573684107314489 0.9322782159066444 0.16530574879205204 0.13544356818671113
7 0.7993167946703729 0.9519267894985483 0.1367025166698994 0.09614642100290353
18 0.2841849707430871 0.5208873398239582 0.32643418061464213 0.31133051623095603
20 0.37503362710178606 0.6982510465329876 0.14815019970043758 0.12618949134070762
4 0.8532548666408045 0.926485140688789 0.1414536606107628 0.14702971862242198
9 0.591327662108575 0.4623170952324462 0.16473166394474284 0.1931470757561777
13 0.7291159939117684 0.988021475645877 0.05880091515269079 0.02395704870824602
2 0.5797056673994089 0.8949542267258171 0.04397314060688338 0.030148514068878994
8 0.580741879976724 0.8396913463145831 0.316102716370337 0.24451839068988762
11 0.3819043489321349 0.26654648755048205 0.2589918469752809 0.20366229220553833
3 0.15390625 0.21094632088601223 0.3078125 0.42160172402322077
14 0.5976420796771617 0.7169928679595192 0.4784427039525013 0.475056372290264
5 0.5087553096732822 0.8526200849515958 0.09859673879011233 0.08134854978269387
12 0.7583077390799764 0.40570054165952685 0.21479530788560605 0.24632135064752467
6 0.3739493592239386 0.6648449837624535 0.21839879788366642 0.17775317424052683
16 0.9077982007392077 0.6730968684978417 0.11702748758216437 0.2294834047609631
15 0.6611152930033828 0.9614759751053579 0.18842451333591956 0.07704804978928431
17 0.7534620317934951 0.8895502470205535 0.20127494182452993 0.2208995059588929