15 0.6728772402445381 0.7348860619512122 0.5957374757779622 0.5302278760975755
3 0.26578224194148165 0.13152229911202468 0.3110919078229627 0.23279563903591252
1 0.44740091220476996 0.993323734549378 0.06040981969842587 0.013352530901244108
19 0.8956914407156494 0.9706210171850164 0.09160103110277759 0.058757965629967164
11 0.15908247408101858 0.2879951568056223 0.31816494816203716 0.3676569802779113
7 0.2708964922707884 0.9245454690491812 0.3230259798304627 0.15090906190163764
12 0.8467315711590283 0.4066583558403681 0.2643125270502772 0.4689833992388782
5 0.6691526667764356 0.3050171931032467 0.31468438246962904 0.38245608172287576
18 0.041396688077268554 0.154417789860461 0.08279337615453711 0.21300224638758866
0 0.04912454783194503 0.9067593359695552 0.09824909566389006 0.1864813280608897
2 0.2589787099902322 0.49808108172287574 0.43829541413805473 0.6528118893778339
13 0.4513227434020841 0.5419831364244782 0.42105054260166597 0.508637442736538
10 0.8297374352025464 0.17575145794438807 0.3061501295949071 0.2761211923946166
9 0.06808774425055586 0.5867483564002741 0.13617548850111172 0.32349671280054815