10 0.06757747775687858 0.41781705428817495 0.13515495551375717 0.29769922475698346
13 0.7572607657801498 0.3612648426971796 0.04403384288963732 0.06402133045404218
16 0.010320734676960795 0.24365686510397436 0.02064146935392159 0.10435293645871795
18 0.24501938684440758 0.18509689080841632 0.40045889231879606 0.37019378161683264
19 0.4668957509514021 0.479579958877813 0.388913897261712 0.43634162862064857
17 0.7156343398867068 0.42300258071858987 0.19284271049385407 0.2928370491448265
4 0.10687474110275144 0.051903259819121424 0.1873673488211364 0.10380651963824285
14 0.8557288047920041 0.632328010495875 0.2628209239534577 0.5938771190599245
6 0.11280374752854205 0.19552914353389897 0.2256074950570841 0.3672750462655354
0 0.8153332509514021 0.4498081061154149 0.15167919961943924 0.22074939748984915
5 0.7985370231945236 0.31098543800910267 0.12971135771838505 0.16484715196259428
8 0.23644956418354424 0.6260216718100151 0.4161422421285156 0.5113943923465009
2 0.8662219303048861 0.3654610847299096 0.0580963428896375 0.06522288504983405
9 0.5028836946021611 0.8318247768918402 0.2231377055509382 0.26425717046880853
3 0.5782046185556189 0.253968385775807 0.22457287155854946 0.2602240098683408
12 0.6008768201150433 0.5574815114187255 0.0685536818249421 0.10144058811369525
15 0.7974852232710733 0.6258761546450077 0.09115819368794006 0.17817616697428348
20 0.27482760916407867 0.3391100565522323 0.335741181824942 0.12427012543374047
7 0.4280918720156599 0.24497672116401964 0.15015119171077376 0.17074939748984916
11 0.310566202016535 0.8015045291005279 0.48225272037968575 0.37990216532545984