15 0.7396027214232095 0.6845483274383445 0.5207945571535809 0.5326080812396292
3 0.3040808486429472 0.0842052828243643 0.2956616972858944 0.1684105656487286
1 0.531985143486508 0.9299979060365072 0.05966993094224939 0.041708924043303834
19 0.9670442964330448 0.8730271237918711 0.06591140713391042 0.06143668889319921
11 0.17662747402109952 0.22172692726449839 0.34385853268728983 0.3357128121376699
7 0.3521994544984869 0.8877564668534439 0.3098663089182918 0.1911551082979538
12 0.8972681199302708 0.30755071227918823 0.20546376013945852 0.4391573212215256
5 0.7160231097908121 0.2143526369345479 0.2712951178365838 0.34438661132590564
18 0.05753363057393242 0.09895833333333333 0.11506726114786484 0.19791666666666666
0 0.10502952355623738 0.8790393787849399 0.12920617080279087 0.24192124243012028
2 0.31622484160558173 0.4265319244297892 0.42340319309852054 0.6675152525448451
13 0.5113077486626177 0.46082275351105867 0.385991038387273 0.48737082102828294
10 0.86328125 0.10421081513329404 0.2734375 0.20842163026658808
9 0.10458785509923503 0.5260420105012104 0.1689677933309516 0.3187493123309127