5 0.7071309107880207 0.6277613744529001 0.24444047602842467 0.3066733221963967
2 0.851948765830975 0.6271992310737057 0.27219141904016275 0.5762235898305825
4 0.32052718396662644 0.06918987270842897 0.22769563206674714 0.11873681257774983
19 0.06412229647281244 0.8171792468220571 0.12824459294562487 0.2093584936441142
16 0.4891953810506943 0.798759947969678 0.4476274310259504 0.4024801040606441
10 0.7043456682512526 0.9172024352013608 0.2779280054270668 0.1655951295972784
17 0.9038708712126132 0.3217627302862881 0.18439709068231736 0.3662632580720844
6 0.22419782281923686 0.8672123478461217 0.22603131275401322 0.23511247283198528
11 0.18010914461836158 0.31624011384892703 0.1982825282669884 0.44177251929383915
1 0.4701908327688596 0.5228076275742978 0.22621501922187687 0.1207473943079755
18 0.30952224841812026 0.6478605097317375 0.4592000961093842 0.5724537822035195
15 0.347324300090857 0.2436706988419135 0.31160139981828594 0.46784396805093453
9 0.0709288964273839 0.6245800408933854 0.1418577928547678 0.2783267484534375