10 0.07659768181878096 0.38168564272802546 0.15319536363756192 0.29912871454394907
13 0.7675191420477763 0.44608369634078565 0.046157979707460585 0.0649348272177452
16 0.02393060349129219 0.20083561852752865 0.037301176947517 0.10444543767844164
18 0.26315674472499423 0.1883174378093694 0.4205615105500115 0.3766348756187388
19 0.47522650203189015 0.5160524989652505 0.40103994317957137 0.44056648112952435
17 0.7238412800350673 0.5005836761737049 0.19436147483619665 0.28689536507695124
4 0.13073180275994353 0.039437887588059446 0.18853639448011292 0.07887577517611889
14 0.8592451716758065 0.7193026804689767 0.26967294074393955 0.5499529071005009
6 0.12582038595869627 0.17602348594850745 0.25148422808260745 0.3520469718970149
0 0.8224736489476351 0.5446056924382973 0.14324325973923244 0.20109084308955408
5 0.8102657495962582 0.403048110080586 0.1365568831160271 0.16770902784112943
8 0.241036688314898 0.6230667836357345 0.4380956582765353 0.5262619188079659
2 0.8757992463498473 0.4691996563994077 0.060220479707460584 0.06504391152670065
9 0.4970979533324317 0.874179784159446 0.22037850405718978 0.24543474654942254
3 0.5935652191574491 0.30786391686939496 0.23633078652459397 0.27055595133715066
12 0.6051400986233235 0.6171177120816668 0.07480117694751698 0.10473632916898955
15 0.7983213084452817 0.7187337124744502 0.09765802434972919 0.17990601587180896
20 0.2884686160731939 0.34147741023009553 0.3357659504864673 0.10884378245738423
7 0.4448101193196048 0.2736047559255329 0.16177507142762995 0.18456962216816136
11 0.3089354801177929 0.8068963620909576 0.4940535576279122 0.3850437098558937