19 0.41067999074381784 0.4401165361421803 0.39172163479143657 0.3887313091097179
0 0.7519603369785915 0.7924989375401382 0.17982480721668564 0.21645331677621915
7 0.9535905791159106 0.6980484243974614 0.09281884176817883 0.20960827515786326
18 0.3564616625507579 0.5538705211956635 0.3344703392949434 0.3617757794099269
20 0.49913812075489244 0.6629485161383009 0.15202117982650448 0.15539900728001566
4 0.97562626542082 0.6246641759114373 0.04874746915835999 0.17950644485248166
9 0.6200561883074943 0.3356532082526949 0.18228847316352947 0.23537337778639847
13 0.9326095596806956 0.76027186035933 0.0717934592838688 0.10314595677104658
2 0.7535938857142873 0.7284470878429334 0.04555233189368781 0.04226170828502281
8 0.7370782117478789 0.6789359702678812 0.3238542119047624 0.30259214102569676
11 0.3610631176725735 0.27378981957860055 0.27235226866002266 0.2659001886999565
3 0.15440210749354072 0.3203662672657915 0.301795146511629 0.5551007988017503
14 0.7109581978682182 0.5603134300668798 0.5185215715577716 0.6014858848731716
5 0.6742871175156899 0.7287018355236587 0.10294332973421945 0.10446384364130097
12 0.7555047301033596 0.1963043534981276 0.24007998920265833 0.30590884647601013
6 0.48674874228497733 0.6339306098762234 0.2197489003691402 0.2062915697075497
16 0.9549854935215951 0.3573596944979621 0.09002901295680985 0.25739748202553114
15 0.8609848835548191 0.7733030001609149 0.1966723457733483 0.17891071556503846
17 0.9061252937984502 0.6345490151074318 0.18774941240309956 0.2563341709187304