4 0.3020189587292851 0.7835156975136113 0.2752646621750031 0.4251138257550792
11 0.10003375703208284 0.8850817462130698 0.08379425878059871 0.22692733008582402
6 0.558279611730906 0.23802309740770436 0.2048430778660478 0.3984774134180589
3 0.8050212388817102 0.7999312581242655 0.3625192224798533 0.3709002499967047
2 0.047709750392783454 0.8280211780307524 0.09541950078556691 0.2772909772718286
16 0.3620974197962612 0.9789724734881936 0.05479658430895542 0.02627276515101566
9 0.5373938982280431 0.5488943230568767 0.1179238190854491 0.17147735389503396
15 0.8333705153217021 0.221517165587825 0.17700896935659563 0.44303433117565
14 0.9423319039835796 0.3030357099653262 0.11399081888905727 0.34428492640589936
5 0.17925816959986945 0.8103286612570803 0.14467721662612099 0.2158455541112417
8 0.6975006721339523 0.37747678842629717 0.15946694535249045 0.38283950324531246
13 0.37292843989154145 0.1134120243519261 0.18851812021691713 0.2268240487038522
7 0.8565069917103806 0.6372910714364174 0.13498405405833439 0.14271069913297224
18 0.7243182230690287 0.14964980357401772 0.3169885538619425 0.29929960714803544
12 0.6554171903825207 0.5336487868025425 0.13517495159900647 0.1864606991329723
19 0.5470223865205781 0.8486397700266736 0.19652151775758925 0.28162892315838994
20 0.5075745880213886 0.5797935860436187 0.16186471662612084 0.21624556601584669
10 0.2496176840378089 0.2608301293312939 0.09865566861791084 0.05229097727182855