4 0.21263392005560036 0.47313061596897177 0.4252678401112007 0.6087612319379435
11 0.03786704383206498 0.19712612319379433 0.009975200725639422 0.02342600263622181
6 0.7340823010036411 0.43940809824883675 0.45521335588993317 0.6405205679074987
3 0.4042880965649866 0.9799783860577693 0.11095734736759474 0.040043227884461415
16 0.046857608715522185 0.7415127931557384 0.09371521743104437 0.2871922529781434
9 0.49866561225890127 0.6456793669947359 0.22644348202865067 0.30563450595628633
15 0.8601586398488974 0.9168204473499261 0.15082343393541642 0.16635910530014777
5 0.07189979265093863 0.3165746877564411 0.14379958530187725 0.27881293018969705
8 0.7754612360353659 0.7453150889724858 0.33767862630835327 0.5093698220550286
13 0.6473908659719163 0.10506318255835954 0.2645932680561673 0.15375985115261784
18 0.8002950888452564 0.5400182286922409 0.392753050625123 0.7577885494539461
12 0.5946998201561168 0.8324047286674537 0.15812999164729752 0.318566042179549
19 0.3046650971979588 0.8162970250441071 0.30491571161023057 0.367405949911786
20 0.4766219758685649 0.501570359745126 0.2880060085223385 0.571105632445358
10 0.37249750417635125 0.1756666614437978 0.21437999164729754 0.3216220579968796