4 0.6551522091328511 0.21297225490573482 0.19467941826570226 0.42594450981146964
6 0.6323015078973844 0.70124516725136 0.10679721950581325 0.20726158235714393
3 0.3725890854824973 0.28465620750331716 0.5358031709649946 0.5693124150066343
2 0.6570205172214394 0.06531380101482893 0.06404103444287887 0.13062760202965787
15 0.45387162242417595 0.9261849986323144 0.17466995850815117 0.113334714118659
5 0.5863187761445092 0.15413494920315565 0.03984467261537965 0.07070245454996134
8 0.5909078359067046 0.7588728464400802 0.2974725315430938 0.43777229911202464
13 0.6754720900558894 0.7438297113832878 0.005161096680652122 0.008588001318110846
7 0.203616710382251 0.46644917257337837 0.28047520830765854 0.4950020711779885
0 0.921958771594339 0.9028439781520207 0.15184776514684728 0.09547959685636372
18 0.8203370720092573 0.9073201178222013 0.23357136182749905 0.10822717525917487
12 0.555819673039587 0.5413537416998385 0.18598781203728051 0.23025604877010336
19 0.49052010145453695 0.1114336126241198 0.2122902029090738 0.2228672252482396
20 0.6330207904661636 0.4932743859586199 0.14117221950581324 0.20912914757884593
10 0.7181420742843425 0.5294002515608829 0.23186899710021508 0.27013294996136045