20 0.5874984527445534 0.5697881971886789 0.2738191057692726 0.4338764488077654
3 0.38144093182259015 0.15066834395079326 0.4753818636451803 0.3013366879015865
17 0.7318543595622943 0.5428785447413695 0.22002494182452992 0.2410169260542455
12 0.5262901436509992 0.48034577957447966 0.18386430121764635 0.20918077171187122
19 0.06768080501066817 0.37466680005646974 0.10551590273485505 0.2756663998870605
13 0.3994563188056297 0.601137046071737 0.2518487687959313 0.3036177190010364
10 0.21481038077412168 0.5725648633847644 0.18351335697722054 0.2796500839985171
16 0.8632167034934595 0.7364988747551541 0.27356659301308106 0.40748006276359716
8 0.7354582363742164 0.3196688009035158 0.2746804909161442 0.2701424979167026
4 0.9135834942501241 0.6116006397338116 0.1728330114997519 0.28685025938757885
14 0.401384964872525 0.8249637653551223 0.5102989975841041 0.33405554323550984
18 0.10250285985215846 0.12708333333333333 0.20424044515850967 0.25416666666666665
15 0.5771998419743111 0.15104361073039937 0.5106496839486221 0.30208722146079875
0 0.42933578213185086 0.34553484262042566 0.3302288603112004 0.3138514031124931
1 0.9468509723497338 0.12677109944138545 0.10629805530053246 0.2314104910893726