4 0.18940486326711908 0.5588889271575491 0.37880972653423817 0.5020767837783546
6 0.7067604212866838 0.36169986483425326 0.3804728101562905 0.5354101171116881
3 0.468900774383395 0.9908664431886273 0.10954159997176519 0.018267113622745513
1 0.013310770048911697 0.8939583421645626 0.026621540097823394 0.034788365395489504
16 0.05531204237572347 0.8791666666666667 0.11062408475144694 0.24166666666666667
9 0.5077104583301482 0.635297714929537 0.19180661035393456 0.2501058526271724
15 0.9090237873964003 0.8209889258088954 0.12243498407380997 0.19697753369353657
5 0.04524533958959577 0.44722884537077817 0.09049067917919154 0.2444576907415564
8 0.7985783820359064 0.6791105980440303 0.2557612364928847 0.5004960737995044
17 0.9823728842432192 0.09166684329125221 0.03525423151356151 0.09312169872882281
13 0.5722089289674301 0.05482483834056546 0.2587071420651398 0.06818126290968048
18 0.8225982529131846 0.43389565333711333 0.34825111533325775 0.6544974119704339
12 0.6302463400131189 0.7871330555192645 0.13323524715740262 0.30143520677263447
19 0.3449011032378856 0.8559292556532864 0.26779225768074627 0.2881414886934273
20 0.4642250398154747 0.5017560394316409 0.21457479437127489 0.5214484471822604
10 0.3098160738045802 0.18351857543088498 0.16474285239083955 0.3444841538983495