19 0.7317470267352051 0.13919471153092408 0.15099405347041017 0.1252842618914811
12 0.3992719244090871 0.6397991255424065 0.24546459135348017 0.38684553377345615
14 0.8641331918380128 0.6405990248832694 0.2717336163239744 0.5729383863025919
9 0.6478508080851126 0.8987330940625302 0.19022008045771682 0.20253381187493957
4 0.3714029225675016 0.9267952926171603 0.23708437278026223 0.14640941476567945
15 0.46602347376899794 0.19516233905178895 0.34142194753799593 0.3214273555769127
3 0.7622910944555732 0.6179576497024672 0.3530142834435946 0.6312972180965424
2 0.5204260225478311 0.5514378375124062 0.23588177774361122 0.47062178799901183
6 0.3063528148703766 0.437430585611419 0.4764189324548588 0.6746807925861718
8 0.7487866972858944 0.27162945384950427 0.2225733945717888 0.39452817970493764
7 0.5250417387752606 0.8256223548227156 0.2860567403647444 0.3487552903545688
5 0.2918375747577337 0.14585505296925852 0.18966306956195356 0.18155976035209828
16 0.7720970552351211 0.8501515737044437 0.24080994234221595 0.2996968525911126
11 0.4084294950563215 0.19258508790499895 0.04244957995351371 0.06914003455864186
17 0.7538165848203178 0.9812580256994435 0.0928866225281606 0.03748394860111285