9 0.3820817632715108 0.9346128182232053 0.09703150889724857 0.06439387003814498
20 0.5313747450199031 0.511472704097451 0.23981055239490826 0.350875391731267
15 0.6765439594680899 0.21710155048603322 0.23262940517037728 0.43420310097206644
14 0.24255757311797388 0.43014796730650834 0.48511514623594776 0.6855373987203167
12 0.4345740463890471 0.7212993892703319 0.19877437551288218 0.28295440674295613
11 0.6581587850203406 0.7738827627045627 0.374312886387297 0.36652358009105585
18 0.11518662475285421 0.20952869165128582 0.23037324950570842 0.41905738330257164
13 0.811132523688815 0.3067923894795099 0.22517504942915884 0.3309238371354751
7 0.47665670600804877 0.23667136644518105 0.2752042243340185 0.3871458585209803
6 0.816353286997507 0.7478986500184541 0.2844518903416297 0.38378022825150826
1 0.541017636350116 0.14523814466592763 0.22084037650146532 0.29047628933185526
8 0.2761275350203406 0.8065249958902413 0.2873567144481868 0.3258474131167721
16 0.9012044253619702 0.39364044520733044 0.18269307216657182 0.4706686551495023
4 0.6367997326626134 0.5803857855297135 0.48654758402957 0.5714353259259276
10 0.5247586946021612 0.8299556919650528 0.24501270555093804 0.26612625539559576
19 0.20683097874546177 0.13270617417251132 0.35196304250907645 0.26541234834502264