4 0.22421875 0.6302510756814925 0.3921875 0.556571567916757
6 0.69453125 0.33707345394023297 0.4234375 0.6066718920535503
3 0.57421875 0.9868743570020517 0.1109375 0.026251285995896486
1 0.10703125 0.9885829699983504 0.0328125 0.02283406000329933
16 0.128125 0.9180860440222491 0.175 0.16382791195550178
9 0.5484375 0.6393648552673905 0.2171875 0.3047597527507139
15 0.95078125 0.7362294451952721 0.0984375 0.22562852103089928
5 0.05859375 0.5530526910898209 0.1171875 0.2686053821796418
8 0.83984375 0.6211857945096555 0.3046875 0.5650406603337355
13 0.51015625 0.07523154153315198 0.2609375 0.09740020654222474
18 0.8109375 0.3910409113497883 0.378125 0.6951722553885332
12 0.69453125 0.7631151206068996 0.134375 0.3135563937882116
19 0.42890625 0.8621827491326693 0.2796875 0.2756345017346613
20 0.4828125 0.5170708412467911 0.2390625 0.5542049796464693
10 0.2765625 0.23495036861062146 0.1890625 0.3798777943609333