20 0.523807603600219 0.6537298228537112 0.2693151960282773 0.43654680838153276
3 0.3804794044670607 0.18321816975606495 0.4734161910658786 0.34481813055787547
7 0.7066481062863063 0.08279317503170347 0.18165241439185814 0.06880603045322863
17 0.6693020401179839 0.6586754967564671 0.21418243217453856 0.24149547263616947
12 0.47562912283064146 0.5532517880280021 0.17871581306795062 0.20784344941903019
19 0.040392732734048344 0.3499867118949306 0.08078546546809669 0.2706975742496881
13 0.3345995543860074 0.6446853618261112 0.24925094499482006 0.30837164631313596
10 0.15684058147431262 0.5769209980395493 0.19925094499482002 0.30487779436093326
11 0.49721960235736484 0.047274745211767964 0.14618579528527037 0.03515400723608923
16 0.8088631921038452 0.8435389416542947 0.3282150070293134 0.3129221166914107
8 0.7035422611676518 0.44073993893940816 0.2682535020669146 0.27229102366871843
4 0.8681526089769026 0.7728146788755376 0.21869014970954978 0.28129717171651575
14 0.3039017103008102 0.8530571204581773 0.5026670434232434 0.29388575908364534
18 0.1015625 0.1198152525249245 0.203125 0.23875704206179832
15 0.5755008060386373 0.20519936227769026 0.5021233879227255 0.36345008894765607
0 0.3979836199351574 0.39954842906549964 0.33442646567298445 0.33718418814914486
1 0.9364168813076968 0.29829271370124666 0.11916103060296165 0.24316865068561658