9 0.8788263775435876 0.9656125445658504 0.1396806444174139 0.06877491086829911
20 0.5725450821676561 0.7960873073863354 0.14865671037960498 0.4078253852273292
15 0.31435130796715927 0.6845223850664142 0.29347833098930576 0.32763474223687744
14 0.5193422932346323 0.9610747505154346 0.2192863311856975 0.07785049896913089
12 0.6535996394474444 0.8392845231446164 0.2545703670936593 0.3214309537107672
11 0.5676859071068376 0.4849039048770508 0.15471581283893307 0.3812493123309127
13 0.3614768137226959 0.4530808515333726 0.18404878883482798 0.3032304715243209
5 0.9600309257481896 0.9926743194176856 0.03473861436318444 0.014651361164628915
7 0.4454462509819586 0.8848205935446797 0.15586924668035032 0.23035881291064061
6 0.43913015681225004 0.21141384103216226 0.19361468637549994 0.3480008375853971
1 0.45468541647661154 0.7664945426492252 0.03146816861791084 0.05340122020358772
3 0.7964421661820239 0.5387316529442617 0.4070065833269968 0.9225366941114767
8 0.8280678534412867 0.9454066335524384 0.3023624515990064 0.10918673289512336
16 0.27103868696467515 0.22125728243787887 0.21417262607064966 0.40646163071772906
4 0.4920404916121847 0.6246576430551072 0.26193848126045227 0.6157301276897772
10 0.6172768409482547 0.5840958572027911 0.16556240924813698 0.36160640606883493