11 0.31209448620994645 0.16999346567754664 0.22731397241989287 0.32767044047527805
14 0.17124479499807035 0.7277414337632871 0.3222125984424249 0.5263162008599077
12 0.44898908095795476 0.11074317477018569 0.24485316191590942 0.20121747872240767
20 0.7963785579967011 0.5829420700321768 0.4072428840065978 0.5045165488837969
10 0.973101497030499 0.9643773210467135 0.05379700593900196 0.07124535790657305
15 0.19361858551030117 0.46507258928495393 0.37914456004176517 0.5593118452365745
7 0.7332971994586392 0.4027077497437045 0.32455268527287445 0.34734349467953746
1 0.2838955591838353 0.773916810789167 0.004823892319867973 0.006395470364722182
19 0.49630331630997127 0.4900804278095376 0.5350548939027137 0.834800230241019
9 0.20502040142456107 0.7371173047104631 0.1409098079967011 0.16051713069851867
4 0.7290175617576248 0.13504790653194523 0.26235891066226813 0.2163342033930558
18 0.6563960671679011 0.761970963398565 0.6872078656641978 0.47605807320286997
2 0.1336141335443794 0.1124065035455557 0.23910326708875881 0.22394018490277803
5 0.9519405847188784 0.2617979056444918 0.09611883056224321 0.2551382109925001