9 0.9531240974343227 0.7917345279847303 0.09375180513135462 0.16981660213200864
20 0.6555307177474629 0.7108798325604396 0.1670589227387344 0.40735296356832695
15 0.3871953059287521 0.6942024344305923 0.3365425042520638 0.34411500337877693
14 0.6490091350261855 0.9235313385450998 0.23067565727678296 0.14547110798574087
12 0.7435249253238083 0.7310404793218812 0.27678486697916027 0.3374044251854097
11 0.5810576498599171 0.4008934428902081 0.16906796182840916 0.3636393250046455
13 0.38086620228551143 0.4503857717973419 0.22018418061464223 0.3057302084283608
7 0.5589263979030632 0.8564896315442719 0.20146613152302778 0.28059688316186
6 0.39853270803538726 0.17753377940592677 0.223245278797871 0.35506755881185353
1 0.5372271278991837 0.7190926556138407 0.03418355242559414 0.04815907624212296
3 0.78671875 0.4092342254785202 0.4265625 0.8184684509570403
8 0.8875150728885156 0.8161958611871359 0.22496985422296872 0.2687392685368195
16 0.24186799091614425 0.24824253057794057 0.27847465486088696 0.4415347304157579
4 0.5404162875918627 0.566912358450325 0.29547044941057354 0.591595332809622
10 0.6491218657712121 0.4785275634999087 0.19473764152496748 0.3492620398104502