4 0.2938692242563381 0.7662854906905738 0.29385349971765135 0.42593413213508363
11 0.09534144801856603 0.8967480559528169 0.10617294724210717 0.1877971769746343
6 0.5291961343843937 0.20217995968621336 0.2399850470726978 0.4043599193724267
3 0.7828253084430877 0.6798931221812736 0.3855705628577136 0.4607976707254878
2 0.04680929763739532 0.8692605268650818 0.09361859527479063 0.25773760404589013
16 0.361277990182528 0.9497041983635405 0.05679603157003106 0.018622196366457663
9 0.5202783477644523 0.49594207128581924 0.14265647881213822 0.20420858020876007
15 0.8030354527861278 0.1788280919017545 0.25330409442774454 0.357656183803509
14 0.9173485817676752 0.17346069169558068 0.15131738922254243 0.34692138339116135
5 0.17192633482203412 0.8345034913026297 0.17930661035393447 0.2600332557660399
8 0.6738268239457545 0.2915847306724702 0.21140502076433876 0.4252542319289098
13 0.33783465799132983 0.11854858979188651 0.21275614718563746 0.23709717958377302
7 0.8430487188534919 0.5116110478351747 0.14726838410204487 0.1673888242494776
18 0.689450365897955 0.12342805311810773 0.35234926820408996 0.24685610623621546
12 0.6379131687970222 0.4551475260274554 0.16066302616718495 0.2248292513207332
19 0.5409948532378855 0.7870774262336293 0.22872975768074627 0.32346841940475457
20 0.49143301094686664 0.5332931389639585 0.1801410682605596 0.2435366501095525
10 0.22035248442674593 0.27770087897818263 0.10612817363517098 0.07997402667183913