6 0.32752711982413374 0.5589838422959755 0.312555583916172 0.39014286241875407
3 0.8784386173882467 0.2610925610753442 0.24312276522350648 0.3588871182780184
1 0.4832867613146815 0.6159957444199318 0.009429542154477843 0.013082196856846907
16 0.49267085167376107 0.6174968808964183 0.012672716822512697 0.040359595809129206
9 0.45800496018321335 0.5529649360381901 0.048692030054229285 0.06134135042704211
15 0.6726385901626879 0.16049359498356575 0.41090218032537573 0.3209871899671315
8 0.589449882022578 0.41039066363759685 0.39408738504764 0.45977190184476036
17 0.24524133976990442 0.5057447314600522 0.44454190300162094 0.5670436184146103
13 0.102809441836449 0.8167550832650374 0.19972833098930573 0.3081565001365919
7 0.9571130632317166 0.08620123656204895 0.08577387353656682 0.1724024731240979
18 0.530316297419035 0.6485014268023641 0.566844149878363 0.672528844220286
12 0.7552112374087723 0.43135518583330235 0.007885222872636887 0.017151830714039088
19 0.8013368036655508 0.435784384620472 0.09730224687674216 0.10393270085408422
20 0.47379813182618624 0.590536274610112 0.09741133118569749 0.12893270085408423
10 0.1466594357863248 0.8369548312664187 0.149555614166793 0.2654681169000753