4 0.6283703555685609 0.24538922517472292 0.22861571113712173 0.45887195035370393
6 0.6212220629447589 0.7406649221099545 0.09816001834239999 0.20499274062777792
3 0.3488025275136001 0.31374433662472256 0.5319800550272002 0.6223487203625931
2 0.6250742078384166 0.09434755850805625 0.06577341567683312 0.151939604862963
15 0.4512231146732539 0.9563998251006021 0.17244931301126595 0.0872003497987959
5 0.5585746811162393 0.1953389931587969 0.04538670783841638 0.07635772340407408
8 0.5809978797169487 0.7823938725928705 0.31914978292387647 0.43521225481425885
13 0.6650546309705899 0.7815817337865748 0.00486935642649069 0.008478803698055514
7 0.18698815228249088 0.5189968053437501 0.31136602665567026 0.5301434366755559
0 0.9150211902209323 0.9309098396619454 0.1570516335443795 0.11313385536916674
18 0.8145127248606684 0.9376056897149078 0.23549488229073817 0.12478862057018437
12 0.5405139690546805 0.5840979944253709 0.1943818004748536 0.24961730471046314
19 0.46054034639736086 0.1392076056212042 0.20545569279472176 0.25620673556148166
20 0.6158944022824909 0.532307343715834 0.14365437476889084 0.21473228748675932
10 0.7017326138818312 0.5662000553416211 0.2406035826073074 0.29269018490277804