12 0.33738844208328633 0.469862469658662 0.24808335136685145 0.3165605085925082
10 0.5501926555138884 0.28372251772013507 0.17708876324231468 0.13625138078532567
14 0.22071233265791657 0.06363010078590907 0.29454966531583315 0.12726020157181814
6 0.3939345106504165 0.11415007112841383 0.219119021300833 0.22830014225682765
2 0.645104614326342 0.2963374913579171 0.15699087672018486 0.16214626352303038
0 0.19819207516504608 0.14416649406850096 0.31050543892574034 0.2883329881370019
5 0.26260518115004594 0.25021404212997406 0.23441183063166626 0.2742996166280272
17 0.3036115984921294 0.1821272516104576 0.21722433063166627 0.2733658340171761
18 0.605711340716435 0.16222238370150052 0.3451729648447216 0.32444476740300104
19 0.9908516520270357 0.8577392936908569 0.01665981969842605 0.04034733728766611
3 0.6340481200757863 0.510195720610064 0.6407369089542584 0.6534308353848618
9 0.6844890345431477 0.3349675921438261 0.17452969123481452 0.19216182347228897
4 0.7944388159287492 0.49311878646603435 0.11757706220555537 0.13094225297814313
7 0.3830706719137491 0.6283691264394968 0.3077112125356475 0.4422785230917282
16 0.5665606578229626 0.1866582891270435 0.2730054389257404 0.2930036271729144