6 0.3199455892743664 0.5993494910373578 0.33157945337363454 0.41621022332297336
3 0.8730176873010924 0.37105355637711074 0.25156468936981646 0.3737615500397752
1 0.4748325366009121 0.6756709222467349 0.007903406667727176 0.010901830714039088
16 0.4841893552673667 0.678336452436915 0.01598862667090888 0.04263699476141151
9 0.4503961579408209 0.6095350639618099 0.04580339600572696 0.05906395147475981
15 0.6694937926480009 0.225008925002621 0.4266374147039983 0.39296255803424984
8 0.5836001039545021 0.48335933636240314 0.384886266709089 0.440342672178439
17 0.2384234166136388 0.5359219352066145 0.4373941960534521 0.5518780882244301
13 0.09232167063177434 0.8340440013779431 0.18464334126354867 0.2972546694225528
7 0.9550773039863187 0.19375907939837964 0.08919086401972649 0.1991838373305707
18 0.523042769931594 0.679200977115323 0.5916646200668151 0.6415980457693541
12 0.7489523839513204 0.5248948141666977 0.007957950668363623 0.017151830714039088
19 0.7949824992839114 0.5350489487128613 0.1009090666772721 0.1103767664730332
20 0.46568480327023015 0.6490470587232213 0.09634883601209036 0.12466900137794307
10 0.13560530991409486 0.8526285020669147 0.16008516669318062 0.2702169804235889