20 0.9106666580932327 0.33235966998094474 0.17866668381353462 0.36808800275588616
3 0.6040786516689627 0.462160076375322 0.2525133838228232 0.3063186208973126
5 0.9765275338181791 0.10825004329266388 0.04694493236364181 0.17820208271265772
17 0.9248951014545369 0.305493224433745 0.15020979709092613 0.24768844499482004
12 0.7840621495943703 0.4562096366190906 0.11984074855010754 0.13615302894882905
19 0.44749953279249366 0.6454107372510206 0.4499141377715155 0.6839499950345953
2 0.43698347220510564 0.29482854039417367 0.0374766892121194 0.029315087951246235
13 0.858352677188772 0.508044643788002 0.25708248465266054 0.3045263859924027
10 0.7630429450349113 0.7209413912370036 0.3050696987598888 0.27221476922891935
11 0.4017563672260838 0.30956029501208654 0.3070340178461394 0.22458920099067609
8 0.8405228693006762 0.27708574221642535 0.10992221950581324 0.20819640033022538
14 0.9502279107925251 0.6011553143153141 0.09954417841494986 0.43067929142462485
18 0.20916092843817177 0.7971517380765839 0.34751915311885523 0.3890298571801656
15 0.6534479991748074 0.21610147063838933 0.3596173340326049 0.43220294127677866
0 0.7173580564382032 0.3171400336410501 0.30911858133331227 0.3160618020383938
6 0.17055760187874416 0.6145233286471243 0.27846057718412753 0.32453781251557096