12 0.31003226471990664 0.5490171026085896 0.21813402402927143 0.30592383713547516
10 0.5120658373647258 0.35185631091423825 0.1714033800127268 0.1395521612157013
14 0.1655710033418178 0.09741822331733783 0.2717670066836356 0.1897632161191101
6 0.34890167134786293 0.17241343306263196 0.18159654002227174 0.23410319761289594
2 0.6073874280314986 0.3610418476190497 0.14022610534690844 0.1452153732250527
0 0.1573232460216354 0.22578385358680994 0.2834681226925443 0.2781977585825038
5 0.22538345003181673 0.331524614433371 0.20359880935708982 0.25055561587301656
17 0.2630283533577261 0.2618788463885822 0.17858062802354438 0.2463361854804977
18 0.5608385973504083 0.21550350503260932 0.30874084269572605 0.3115838556416893
19 0.9775123080839961 0.9079072671096379 0.009702264003817972 0.038301036397194586
3 0.6061351053866794 0.5753581688199849 0.6036373613939972 0.6469661566875866
9 0.6483033293682257 0.39784633867355956 0.1577408693507266 0.18418393995324275
4 0.7643925007160887 0.5503673678725264 0.10092724801081765 0.11479438823674197
7 0.3629220020687241 0.7055061361264932 0.22040559603754373 0.3873073432016741
16 0.5237022240213172 0.2539660261104977 0.24911130402608972 0.277343958459457