4 0.5181286334798818 0.16756610490460708 0.35124273304023645 0.33513220980921415
6 0.6457607152830753 0.6752082096961234 0.33746701758798336 0.44781090235178717
3 0.10637806150945006 0.6934292114971399 0.21275612301890012 0.6006415770057203
16 0.11640625 0.05926587259533829 0.2328125 0.11853174519067658
9 0.4596951537736252 0.4823643299574817 0.19304785364324067 0.25204368275429007
15 0.3871038370940274 0.9427710839793876 0.2060266015172087 0.08230162346757387
8 0.46243841906639876 0.8447419709744234 0.39419576546195145 0.28010588795208946
17 0.7667753616398347 0.9126288202257442 0.11224465060882309 0.10286377567799766
13 0.9323036063490007 0.47386226088248257 0.08743558243141329 0.25751324040962575
7 0.10419574224477843 0.9829497058721264 0.00806759151526908 0.004530424682205591
18 0.7509269631570433 0.8406579243994791 0.39929785364324066 0.2616468943645207
12 0.38273455679834434 0.6833001881531224 0.16957866061076282 0.1740873301836629
19 0.17920926787784744 0.28739414737282765 0.3584185357556949 0.4752117052543447
20 0.5759897045322295 0.4405951295972784 0.41230803667377885 0.2705622405227165
10 0.787102031962673 0.21160038513747406 0.15242311151914834 0.14835981415258495