20 0.47951451432165443 0.35490534080356534 0.29088695435896633 0.12340853545981514
3 0.39950158590670454 0.7915722992650465 0.3427850315430939 0.4168554014699071
5 0.2692030537389108 0.24959480154402808 0.11984074855010744 0.13265795542000014
7 0.2082720120465693 0.7281051096750928 0.1144913203356503 0.20320034802388895
17 0.4431742726200242 0.3329809797348153 0.16631392946385706 0.18193234549074097
12 0.5267941012540442 0.5144266821154635 0.05165943361304208 0.16797589994916678
19 0.6684524954498297 0.7712507250497687 0.41738321245684346 0.45749854990046257
2 0.1410630464894482 0.8903124270512964 0.19308991701630238 0.2139581874359261
13 0.5980412166060283 0.4781640511627784 0.1679715178461393 0.21109901215740762
10 0.7204149693053207 0.60050232015926 0.200382198759889 0.25993699113398167
11 0.25800117013980206 0.8329718347894677 0.15175636722608382 0.33405633042106475
16 0.4727531836130419 0.18104398771338015 0.21276379958972597 0.25824157877324094
8 0.34597015374355516 0.5025760730736578 0.12561899710021499 0.26177613196509264
4 0.3655685682610579 0.2161913458698615 0.11629061867597627 0.20741550481212975
14 0.7105025599626881 0.24769250594949152 0.3443242207552132 0.45989198480111143
18 0.5417501307225457 0.9330718633477317 0.2145379419114118 0.13385627330453645
15 0.27194158050811984 0.5585091453890743 0.26747645560836614 0.370161439208704
0 0.43683195208388126 0.5095551667916208 0.22777349295103005 0.2753446565340743
9 0.11619402366893136 0.9467312715296298 0.030091164317010043 0.09035917527851846