4 0.6653063165513663 0.22072528595029142 0.21304646330647134 0.44145057190058284
6 0.5654956514494969 0.6928055009428379 0.11030221662612102 0.22269766007509542
3 0.37532166598563216 0.27898480824602107 0.5243566680287357 0.5579696164920421
2 0.6885898013278599 0.06809946127659157 0.07733518052176755 0.13619892255318314
15 0.3560928594914109 0.8976705621812935 0.1755545119038567 0.143399589453486
5 0.6030335755283567 0.14369434829965255 0.04563975292686635 0.07922474488825373
8 0.5161360008837628 0.7296861146432974 0.3222487464839586 0.4736145759342075
13 0.6012058924725064 0.7415381745372114 0.004723861436318444 0.00877037590798011
7 0.17861886192729778 0.40713219420942615 0.2991475897699044 0.5485126963943062
0 0.8199462812325798 0.9023200139579132 0.1486193071815925 0.055506348197152985
18 0.718447413746137 0.8972059364085967 0.23312157220870694 0.09253978120746471
12 0.5146831060735654 0.5257379692639542 0.1901260720123153 0.2613773838440932
19 0.5158517380961433 0.10799914090708361 0.21517152380771343 0.21599828181416722
20 0.5976319614597596 0.48676688377852506 0.14783857806243947 0.23452733400560413
10 0.6763064073032293 0.5325350004386348 0.2246101563212708 0.28958236272483745