20 0.5307138247562555 0.4835383742443459 0.34378137305303114 0.6637449815960221
15 0.7628229457642226 0.24168066017526163 0.3087291084715549 0.41629875102576425
14 0.2497355755476783 0.5094580705189331 0.4994711510953566 0.8272494743711996
12 0.47997907271119145 0.8561473867168249 0.24422868778015677 0.28770522656635034
11 0.7279763035108615 0.8546609140676259 0.3503877595669113 0.2906781718647482
18 0.05201112938774431 0.24246957049414572 0.10402225877548862 0.2807724743216248
13 0.8593880572052782 0.29698624319146094 0.27186560596427223 0.44342807381421034
7 0.4775530354976659 0.23139669110129304 0.31676892900466813 0.42713986433372686
6 0.9206328164429852 0.8238502636221798 0.13063754922121262 0.26512447959406843
1 0.552672707442705 0.15830315619614158 0.1665295851145899 0.26499360081069645
8 0.25497306103270895 0.9208492384789234 0.3223416644231918 0.15830152304215328
4 0.7299121912118761 0.6028224309231145 0.5299916576927673 0.6863468116588656
10 0.6490640418323791 0.9262485263870054 0.17542120031656908 0.14750294722598933
19 0.1569055663764783 0.1576594894799002 0.2683815901291547 0.21226296314246956