20 0.5563012599459116 0.5966842295954307 0.22469310669954404 0.34879872962641917
15 0.6036778886457738 0.27583720232561576 0.21451922270845253 0.43502285328333273
14 0.2409693506524552 0.6136682142635796 0.4819387013049104 0.669003095193826
12 0.5238052912555945 0.8254216693063566 0.17718176002545327 0.27041402148938215
11 0.7576717612587762 0.8180749928687339 0.3575601507001803 0.36385001426253233
18 0.08189434265595505 0.42216020659765413 0.1637886853119101 0.42348707986197487
13 0.7659506219764556 0.3208347460895659 0.2088862933640895 0.3261427158029624
7 0.42394438796945594 0.34975917738036927 0.24985673870145303 0.37046501841061663
6 0.8873143552673668 0.75208285667722 0.21718968936981647 0.3833040560480242
1 0.4592829986473645 0.24335240779197415 0.20223630402608972 0.2795803102735797
8 0.39627008991091317 0.8903105161170367 0.28499426002545347 0.21937896776592655
16 0.8976818799729557 0.3706113962311088 0.20394534937936157 0.47541364360691307
4 0.6779853559436845 0.6327761374183933 0.43844761871417964 0.5173371842920976
10 0.6480871285805494 0.880601436035524 0.2463135680299077 0.2387971279289521
19 0.14641137599459114 0.2837998632738268 0.2928227519891823 0.35509972654765354