9 0.38781816618808845 0.5657209469422926 0.12407092055068931 0.141262954964932
15 0.6273337702789172 0.4428382644395248 0.3631655435830531 0.4292378284976017
14 0.6085669808063635 0.27696024161437394 0.2871821977900975 0.4040795373200453
12 0.4202154029465367 0.5465160682662745 0.08071440445914599 0.08570846391042224
11 0.3715650994761265 0.6511779847791327 0.025076409654925948 0.03325259099298658
18 0.6996286594028245 0.12674439645625935 0.14194683540139544 0.12619836109265456
13 0.45808175368317083 0.677404324486282 0.21064184110137862 0.279321764341086
0 0.0888448886581414 0.8761455973668024 0.1776897773162828 0.24524015833641025
6 0.19339690478812205 0.8391338525593703 0.17006039976756898 0.32173229488125943
3 0.21024518722331034 0.6447185266272926 0.2555280062041862 0.3640429220622624
8 0.47342216644019 0.47467984268487934 0.09427415990702759 0.13664300637381596
16 0.279656468902194 0.7427267314384163 0.20815026165206793 0.40977072794389147
4 0.39959726432683257 0.6703145136704827 0.09934370818165768 0.29262599424141766
10 0.38815701977471423 0.6191129590746908 0.09554172896477801 0.10149335183954757
17 0.09869105614517486 0.9308952508736311 0.1706181386197041 0.1382094982527377
19 0.8136804517253697 0.22647419082072387 0.31518722946898103 0.31521649804355956