19 0.7326559911027515 0.05625 0.14718801779449714 0.1125
12 0.3490424060845984 0.59375 0.24239172433401848 0.3645833333333333
14 0.838724330000875 0.5479166666666667 0.3057432530029306 0.5458333333333333
9 0.5718246955907443 0.8708333333333333 0.17151153855474383 0.24375
4 0.289205855172565 0.915625 0.2239070266917457 0.16875
15 0.4584889792397533 0.13125 0.31739704152049336 0.2625
3 0.7179489149818469 0.5375 0.35440092889637353 0.6041666666666666
2 0.4802234219019292 0.49375 0.2006790682122391 0.43125
6 0.27374527022877404 0.39895833333333336 0.4514032628887623 0.6083333333333333
8 0.7379563033463103 0.18958333333333333 0.20658155832640723 0.36875
7 0.4535177059708677 0.8052083333333333 0.2775307282883512 0.38958333333333334
5 0.28800006570360004 0.11145833333333334 0.1925933596955513 0.16666666666666666
16 0.7035813729670621 0.803125 0.21273871642535305 0.3145833333333333
11 0.4011075607606842 0.14270833333333333 0.04109984387822045 0.06666666666666667
17 0.6723857696973013 0.9291666666666667 0.08797484387822045 0.06666666666666667