20 0.5618470612836752 0.42664924896954887 0.3536737924004826 0.6703768899896401
15 0.8005399898232348 0.19212311001035992 0.2885799796464695 0.38424622002071984
14 0.25711861770611033 0.4445289801504051 0.5073587143813214 0.7734420396991898
12 0.5035996285602442 0.8176681243481826 0.24641241180407358 0.32080492142117145
11 0.753514419378847 0.8198997245703369 0.33827900723608906 0.2787102233229734
18 0.06777507745333429 0.17017405376382874 0.13211089439121898 0.26798522580567585
13 0.8839965417231141 0.24730831238499132 0.23200691655377179 0.41881862089731264
7 0.5139883361597615 0.185473644886749 0.29360167231952305 0.370947289773498
6 0.9462386714150121 0.781703262481808 0.10752265716997585 0.24177518775761275
1 0.5918776407731744 0.11533661924618584 0.15875528154634874 0.23067323849237167
8 0.27583315467952596 0.9007304637456678 0.3081953595655099 0.18747733222857405
4 0.7535111815917773 0.5514864673331297 0.4929776368164454 0.6313415974602561
10 0.6715141468776098 0.8855561629486253 0.16477955223856355 0.14739734656639644
19 0.19307497060135784 0.09034236338692167 0.2627190852552504 0.18049671408714746