13 0.2334408744555203 0.8374158290812695 0.21133562307124434 0.19294126465665282
12 0.33054430289774883 0.2760643426104318 0.2374160641565158 0.2828221187991641
1 0.13309281615910065 0.6776577620151863 0.21351748920265834 0.3030178093029607
9 0.43100628932263 0.863033202808847 0.1522610117201923 0.1927289462698364
4 0.13615036011443435 0.49617397110550765 0.2418613371354751 0.4076520577889847
15 0.567635687846069 0.15325331938535786 0.45089637569213803 0.3065066387707157
3 0.7038525925341459 0.6680515498645854 0.5922948149317083 0.5802268832625742
2 0.5653872771410124 0.440032193306178 0.4253723488556673 0.6037822242624086
6 0.3438279480251018 0.1416244092900296 0.45640589605020365 0.2832488185800592
8 0.9940351064138065 0.6576573872244119 0.011929787172386953 0.07304412646566523
7 0.2837856261535633 0.5450266609972483 0.3029595234403845 0.38528783152949325
16 0.4849614065337782 0.9398829171497736 0.016426036397194643 0.01836727676846029