4 0.5800771058720215 0.22572392671321506 0.3101542117440431 0.36556898866818344
6 0.6382985982190265 0.7949078312664816 0.2856294007430069 0.41018433746703686
3 0.17418894065159385 0.5293282226884032 0.3271276960282773 0.45032311204347303
16 0.33931936517764644 0.08618229434028422 0.1973887303552929 0.12374199613361994
9 0.5065284057054058 0.5494119203480353 0.14717471463952717 0.20170790041956294
15 0.42466209139460087 0.9229992899082944 0.1705394400324213 0.15400142018341115
14 0.19327085028594104 0.9994965524226801 0.048946922249741044 0.0010068951546398826
5 0.6301798056243525 0.09999922132082287 0.15098461124870505 0.08791389488731637
8 0.47233114991443753 0.8407460852151737 0.26473039578060825 0.31323208631543054
13 0.8593880401134746 0.7334953408297324 0.1773031703877141 0.3064749482765914
7 0.21071725371954445 0.7281610016658665 0.10327916542531543 0.19312099806681005
0 0.9163314371369371 0.8742205134296309 0.16733712572612588 0.2515589731407381
18 0.556419359591566 0.8957114694389825 0.32264990363849116 0.20857706112203497
12 0.4169629456139926 0.6597316534016602 0.16948205417661052 0.12715041604970737
19 0.31014990363849115 0.27630138645528485 0.32247442927905434 0.40625738092303837
20 0.5791097270455239 0.5100355344583601 0.28860023531769163 0.23883246750579243
10 0.8050514888323483 0.47058390625009555 0.16977315260503395 0.1354837493830407