6 0.34179084094965206 0.575 0.3583005672236559 0.425
3 0.8771965113687065 0.32708333333333334 0.245606977262587 0.36666666666666664
1 0.4986111853221642 0.6447916666666667 0.008130834980972067 0.010416666666666666
16 0.5080816858164556 0.6479166666666667 0.018460839923887917 0.041666666666666664
9 0.47241875844013803 0.5802083333333333 0.050220175893442943 0.058333333333333334
15 0.6821333621670093 0.18229166666666666 0.42989172433401845 0.3645833333333333
8 0.6020014876798914 0.44895833333333335 0.40718373619701664 0.4395833333333333
17 0.2579132480600147 0.5145833333333333 0.4684342539915137 0.5520833333333334
13 0.12255004551200707 0.8145833333333333 0.2044805474519924 0.3
7 0.9585446704562355 0.14479166666666668 0.08291065908752912 0.19375
18 0.5455326062726913 0.671875 0.6106801038012332 0.65625
12 0.7686769931170988 0.48333333333333334 0.008321835969555203 0.016666666666666666
19 0.8142441611018765 0.49166666666666664 0.09993101581733085 0.1
20 0.4884403478697342 0.61875 0.10550985376405216 0.12916666666666668
10 0.1639072159682426 0.8385416666666666 0.15626854053191014 0.25625