13 0.22304607508631316 0.9444306035963891 0.20350535352912935 0.11113879280722187
12 0.26168990351984056 0.3942176237323614 0.21891871120744355 0.22931736271444467
1 0.09781711897671534 0.8377216893357872 0.19563423795343068 0.22674912816537068
9 0.42309361927745426 0.9334597843203244 0.13797544191141173 0.13308043135935133
4 0.09960614584617074 0.6608072004807871 0.19921229169234148 0.3591144009615742
15 0.4756726609930178 0.1681569376879635 0.4330296780139644 0.31914837233870413
3 0.7011854983263929 0.7565227922988892 0.5410342000092889 0.48695441540222173
2 0.5115938925221785 0.5000624252763894 0.3636429058181475 0.4979253761384263
6 0.24972546763171355 0.17784102684796327 0.4345688672260838 0.3462317056720375
8 0.9645636819394348 0.6132526092917142 0.008831470955706067 0.07306213703138885
7 0.2437766626434029 0.6681032218833336 0.26873037967363855 0.30989024290675954
16 0.4835449445874821 0.9994012765313197 0.016572193361304242 0.0011974469373605245