9 0.07492269234496508 0.7258856634191574 0.14984538468993017 0.1807198051933786
20 0.38954627716673584 0.47383815421714875 0.052798998100138925 0.07203336904714822
15 0.7584255233670137 0.3406990140622883 0.48234886626000045 0.6109821450173368
14 0.2034678792746874 0.5662584761885932 0.4069357585493748 0.4950169523771863
11 0.4199046179724302 0.5704169642817914 0.12587412860909736 0.14245614610276924
18 0.1233446213909027 0.5081356931806699 0.2466892427818054 0.45793805302800633
13 0.7193792475314581 0.47317777650851106 0.1719503480238888 0.18726072294218218
5 0.023832317819930345 0.7517325963200752 0.04766463563986069 0.1617985259734837
7 0.46789078913458304 0.37353669209523754 0.1981154173624308 0.3440561937211892
0 0.4974457768823954 0.7399980806230481 0.2522210359035418 0.3119956255388715
6 0.5552238689223608 0.6089973614666974 0.293827960865417 0.3691911082224834
1 0.5354614552627429 0.26360567694312326 0.1017833183886113 0.19395764393849527
3 0.1576079057758331 0.801716779760414 0.3152158115516662 0.30343355952082807
8 0.028792574753784522 0.6987166904758766 0.057585149507569044 0.11826671428508652
16 0.7929609114754163 0.5561732830013327 0.2841620201359724 0.35230625324421394
4 0.49098083738722187 0.5283033766188117 0.270135887727153 0.3540623041101432
10 0.2702663342530899 0.680522165040715 0.2050537887533334 0.20469104869945862
17 0.7625272226458331 0.6430005357072245 0.13699346656499997 0.15312736579963893
19 0.2671875 0.2947600335473442 0.534375 0.5895200670946884