9 0.22014437946211865 0.9345210568368336 0.16337412860909728 0.13095788632633282
20 0.4061305519554518 0.5579407832039427 0.05120013050895835 0.07224385195220269
15 0.6876669202122223 0.28110084049235523 0.4909588404244447 0.5004041745801244
14 0.2521184652338199 0.7539733819538523 0.46777591356270865 0.4920532360922953
11 0.4682136310776393 0.6278239152706898 0.12591049620027786 0.15029211367366718
18 0.16300141384704908 0.755273222523275 0.30483950246854197 0.4769947459662039
13 0.6931551604285766 0.3719987976761211 0.17031511284152784 0.19084923413184463
5 0.15066833405927144 0.9806362060906457 0.12420121941479167 0.038727587818708525
7 0.43732404093753496 0.42278821498432884 0.1839074469977085 0.34369684757972235
0 0.5981024592498964 0.737818577564876 0.24902330072118062 0.3191158616003217
6 0.6009345588893058 0.5871590509554814 0.27144381458888917 0.35189442182941044
1 0.455218096124028 0.28566592567324456 0.10022081838861112 0.1984360048240595
3 0.298160276688577 0.927397593848783 0.3698423341561806 0.14520481230243404
8 0.14483590814746589 0.9595299155735465 0.12961607123840282 0.0809401688529069
16 0.7881410053183335 0.40464602818992107 0.2793654173624308 0.3586903361969421
4 0.5144515450215976 0.5499039929126329 0.2669017849536113 0.35990020654222477
10 0.3785725156706602 0.8119525342970628 0.1952423776591668 0.1884294934412793
17 0.7945014145126391 0.5008069101437733 0.14498780452090293 0.1703523081557433
19 0.2411945765567364 0.45173950625586384 0.47722495516583363 0.6076456791783944