20 0.43984375 0.36232000161936095 0.296875 0.19649262986741942
3 0.39453125 0.7857334047609633 0.3765625 0.4285331904780733
5 0.22578125 0.3073380351710988 0.134375 0.16771069913297237
7 0.2015625 0.8005243820327919 0.115625 0.21310765584310024
17 0.40234375 0.34998891503961677 0.1671875 0.2018076915569151
12 0.4984375 0.510558678566878 0.0625 0.17437125541068474
19 0.65703125 0.7226175703443946 0.4703125 0.554764859311211
2 0.14921875 0.9339697159088413 0.1890625 0.13206056818231743
13 0.565625 0.45691402813336407 0.1703125 0.22896375432744948
10 0.69453125 0.5505391174179015 0.2078125 0.28608650757386017
11 0.25859375 0.8593826379861927 0.1578125 0.2812347240276144
16 0.4203125 0.18999044263685524 0.2140625 0.2778986331149288
8 0.31953125 0.5418115849537927 0.140625 0.28035615800737423
4 0.31796875 0.25010855356852557 0.121875 0.22158644805083536
14 0.65859375 0.23407772889009107 0.3671875 0.44604570887110656
18 0.54453125 0.9154349978335292 0.2265625 0.16913000433294154
15 0.2515625 0.6162713863613397 0.2875 0.4191911082224834
0 0.409375 0.5272358896066521 0.23125 0.30121531168620047