9 0.6388393841665726 0.9729166666666667 0.0973042269557407 0.05416666666666667
20 0.596880310744953 0.5239583333333333 0.2698407741755551 0.35
15 0.5984162505656478 0.20208333333333334 0.2562075011312956 0.4041666666666667
14 0.2851314579174991 0.61875 0.5289792027337029 0.6083333333333333
12 0.5974837778987488 0.759375 0.20146262959490713 0.2604166666666667
11 0.8129421527805784 0.7010416666666667 0.37411569443884324 0.375
18 0.11479098067893452 0.4635416666666667 0.1956801042415735 0.41041666666666665
13 0.7624104000472682 0.20104166666666667 0.2597822689917589 0.33958333333333335
7 0.43436260395874954 0.309375 0.3032779907637032 0.38333333333333336
6 0.9022541500472683 0.6 0.19549169990546353 0.3958333333333333
1 0.45347489745537006 0.19583333333333333 0.2457006451462959 0.2916666666666667
8 0.48815658751240615 0.8791666666666667 0.2986698202640737 0.24166666666666667
16 0.88203125 0.22708333333333333 0.2359375 0.45416666666666666
4 0.7200150143736103 0.53125 0.5019095633368511 0.5291666666666667
10 0.7314773605566656 0.825 0.28015355758740695 0.31666666666666665
19 0.1641184544771292 0.3104166666666667 0.3110125783225921 0.35833333333333334