20 0.8967755269309713 0.5761580446225503 0.20644894613805748 0.41660465550967607
3 0.5764913397699044 0.5609580393469117 0.27809877068445543 0.37140870194395487
5 0.9872096293902993 0.3897823179525844 0.025580741219401303 0.19352277551627448
17 0.9171789305217676 0.5567440886447993 0.1656421389564649 0.2887659007985112
12 0.7509691650036736 0.6325069297428683 0.13037836729005078 0.16739551183435922
19 0.3848038095192834 0.6401115302274392 0.49849412567786616 0.7197769395451218
2 0.4520948068870048 0.33254092567324456 0.03765453610435365 0.038037055630818745
13 0.8114526679305397 0.7117104703728622 0.2827771803253757 0.36965291723114047
10 0.6731310321955286 0.8463607545597363 0.32646354781181836 0.3072784908805275
11 0.4145993520665446 0.33096220337575916 0.3200044695529872 0.3097733061952925
8 0.8440601139704013 0.4880162354865817 0.12753516842151918 0.23176047942067987
14 0.9010651346548567 0.809200815617622 0.19722147540671955 0.38159836876475595
18 0.15306345100983115 0.7125648891899417 0.30190897540671974 0.4584631117132166
15 0.6786573068870048 0.34837244233166326 0.38180555366555086 0.5119481049287062
0 0.7174703428931624 0.4729224227325685 0.32344763212077404 0.38290833860897183
6 0.14207088797450634 0.5201885338454837 0.28139648750696816 0.41121040102430073