9 0.3970621262113315 0.5757378031897228 0.1394445482746301 0.16032317021222245
15 0.5988699166922916 0.3535043529609729 0.4123021661112139 0.48494221681703753
14 0.5443077388521351 0.2151306598254636 0.31450952229572965 0.4049494761892596
12 0.4238102965099193 0.5431803118015746 0.08427644703379293 0.0899729962002778
11 0.39955905949936954 0.6624143420701394 0.030091691585911205 0.03837282218833333
18 0.5963615477704269 0.05815504989620437 0.15102690445914604 0.08372473809462978
13 0.4887143946486635 0.648487367272408 0.25756039976756895 0.3303841453890743
0 0.15830100292686616 0.9304758999491668 0.25274222376899796 0.13904820010166646
6 0.273751040305733 0.8765049356631482 0.1898922985267317 0.24699012867370343
3 0.24355507793670142 0.7274782218833337 0.29532247972108266 0.39603426139703735
8 0.4591411451528665 0.4514175358389358 0.1041954631253363 0.1425897208709261
16 0.33190202991417284 0.781955719604352 0.2747257564562878 0.436088560791296
4 0.43059053821204607 0.6675508111682876 0.14542103268728984 0.30402468009064826
10 0.4085570010852808 0.6251325476172227 0.10255655347041018 0.11133972087092588
17 0.20333499747898456 0.9817608881708798 0.1771852128732347 0.03647822365824046
19 0.727021685885928 0.13315853368490824 0.33970662822814396 0.23101625886388927