12 0.2927957277009109 0.9398051582855729 0.14907497091226496 0.11470600180351388
10 0.712900159982543 0.630398174358115 0.2608091806146421 0.3079241422660587
14 0.35719139135578953 0.28393090584551206 0.5262422172884209 0.5638861600890868
6 0.6627556072670846 0.2104724481221762 0.3100758569772205 0.27122412094205817
2 0.884440062258356 0.5235806819435075 0.18953995849442923 0.34220144536387737
0 0.25476879558845666 0.6285036667196946 0.3363830075860437 0.3694559307235125
5 0.27168574437081033 0.8247854729471489 0.2127226248550679 0.23641203914702846
11 0.5572246316437139 0.822959597443207 0.2180478536432407 0.2469014311478773
17 0.4492200393795388 0.517871013420299 0.22490363152302772 0.28239082314872554
8 0.1402106696946186 0.08558781869296848 0.24770366061076282 0.1703514169318768
18 0.89794380817547 0.23914507749835603 0.19084762485506773 0.2360726542541803
15 0.088760126811922 0.6547128364629687 0.177520253623844 0.42192567292593763
1 0.28702395982306345 0.9063506160619367 0.07024859818322886 0.05104239645660537
3 0.5543071836102663 0.9281635520369075 0.41543329454968647 0.14367289592618515
20 0.1999206384808516 0.14490294403775586 0.3345337230382968 0.2882544142796338
9 0.8688792219510351 0.6755670481645986 0.18096244182452992 0.22759387025248354
4 0.7831175808851096 0.8553210702843 0.31680408909937297 0.2893578594313998
16 0.821876031503631 0.4214723770421748 0.28899782455550554 0.3603953440483615