20 0.5533459127148159 0.5198440489356485 0.3259487133990879 0.6732020769041477
15 0.8383737986950897 0.35059241208318237 0.29489761338317955 0.514415461646365
14 0.25022036537236186 0.4044272917927903 0.50029528007636 0.792187916918914
12 0.42139866808558696 0.8534415823551131 0.23090674403245312 0.2931168352897738
11 0.6663753607574503 0.9127606251261237 0.3315783586887262 0.1744787497477527
18 0.1047153193427723 0.10158648673557315 0.1563056386855446 0.19863376722037707
13 0.8962488386775904 0.490040642598748 0.20750232264481916 0.41580647953734534
7 0.5564692706874536 0.25156132016734534 0.29418854137490713 0.433165461646365
6 0.8900128554264501 0.9484938741479034 0.1780533693507266 0.10301225170419315
1 0.6443323500159084 0.2111877462409275 0.16504538669636232 0.3055512975513725
8 0.18557025608685965 0.8676012091300603 0.3145908533577262 0.2647975817398792
4 0.7347060954009969 0.7015429220622624 0.513085086728179 0.5969141558754752
10 0.5745969407622229 0.9591683538944268 0.16826019867918127 0.08166329221114642
19 0.2583397586728179 0.08244516758951731 0.26355451734563584 0.14326235245478128