4 0.2830054810640605 0.7712674334472799 0.29413283684303815 0.4571690505845884
11 0.07466626111828976 0.821508155801776 0.11198289129415603 0.24388726876028055
6 0.5831766352440318 0.2850805062892649 0.2283805718159236 0.4254563939470517
3 0.7809435321955286 0.8362144796335947 0.3999646803253757 0.32757104073281057
2 0.041562869627742 0.7535684941496742 0.07778060811666877 0.28213698829934847
16 0.32685599589478337 0.9750177840234449 0.056395445745273866 0.035515610451222084
9 0.5360708728491959 0.5884096565488608 0.1477749455488821 0.21194816803004268
15 0.8575090147325269 0.32176077390563906 0.22714532474278987 0.5003957751382214
14 0.9458033793902993 0.43667437934229614 0.1083932412194013 0.3542433166181169
5 0.15956798106406048 0.7664785475496908 0.180805614166793 0.2632211630154778
8 0.7096760236113216 0.45454365373343275 0.20021012002052546 0.4139485887214406
17 0.6657295391294156 0.04978194589501621 0.001571590359079522 0.0021439521421635632
13 0.4090846293902993 0.12835181850910815 0.2025442587805987 0.23281982633910117
7 0.8453054931643089 0.7472568712928335 0.13970791549465283 0.15331174065255812
18 0.7555510841125637 0.22719555133167332 0.3469124031980126 0.38006342341815
12 0.6548481439264346 0.5992666860199591 0.14774767447164336 0.20569816803004268
19 0.5217048875817228 0.8641607545523465 0.22156696955298721 0.2716784908953069
20 0.5041487071581512 0.6121669709678409 0.18701016237139498 0.25304697158413203
10 0.27521414431921815 0.2387636009497074 0.10341589149054772 0.07066750804946255