9 0.08273314842443476 0.7443997426956789 0.16173745159900635 0.20210694238160443
20 0.3956154643866258 0.5140955518069743 0.05187157220870704 0.07684817895074071
15 0.7571892895221991 0.4103661377954919 0.48547597521032804 0.6667374938114802
14 0.2071079971713296 0.5929916505186414 0.4142159943426592 0.5401499677039496
11 0.42801435304850327 0.6127148475029002 0.12405564441741394 0.15606584253864167
18 0.12436822004396657 0.528123110587654 0.24873644008793314 0.47707955450864137
13 0.7245944372592629 0.5357963094574055 0.1585215480082102 0.1809090729502465
5 0.028977931110942694 0.7670958936224073 0.05795586222188539 0.16752512057814783
7 0.4710699823406067 0.4186777514929 0.19682149960721662 0.36861683945987606
0 0.5093274646812134 0.7868672534093814 0.23406696955298725 0.3146579393028389
6 0.5645922024827691 0.6609549684581466 0.27021354781181833 0.36676677109678946
1 0.5356279069104458 0.3126090748357394 0.10085449375348396 0.20749848847012323
3 0.15865634075186308 0.837432475023765 0.31731268150372616 0.29986495004753
8 0.03372906362450002 0.715559364436111 0.06745812724900004 0.12278539553888876
16 0.8000302536142373 0.6238029765011708 0.29064422247985355 0.39621958906728316
4 0.4985268409482548 0.5750835763751222 0.2514362767345796 0.3583295545086414
10 0.28141608811958446 0.7112977849202462 0.19928290339440444 0.21689804222456743
17 0.7723001633533535 0.7091549523101215 0.13658291549465282 0.16377398693074052
19 0.26328125 0.3171704995919129 0.5265625 0.6343409991838258