11 0.3625 0.18558314330376208 0.259375 0.32412234966274933
14 0.15546875 0.6448742899082944 0.3109375 0.6064152464832555
12 0.50703125 0.1585190409572017 0.2609375 0.2409468818896333
20 0.7703125 0.6939774085842708 0.459375 0.6120451828314584
15 0.2125 0.4006363828562283 0.425 0.69710609904579
7 0.7375 0.5140958777559298 0.3390625 0.4175901599005016
1 0.23359375 0.7246425679191628 0.00625 0.008964795574202829
19 0.48984375 0.5194466997264839 0.6015625 0.9611066005470321
9 0.16171875 0.6642557521491639 0.159375 0.2098522871421712
4 0.7765625 0.2576258500946972 0.278125 0.29685006971869105
18 0.60546875 0.741969317569527 0.7453125 0.516061364860946
2 0.19921875 0.10241952559438075 0.2671875 0.19157834413050281
5 0.959375 0.45317945397346227 0.08125 0.2748756757979696