12 0.7940426658792491 0.05139367716197914 0.15683533175849823 0.10278735432395827
10 0.5052827885594053 0.47325986159835554 0.17035717313564333 0.30882849013895564
14 0.7425595553496284 0.7726020157181814 0.5148808893007433 0.4038623716081242
6 0.46357896051392233 0.8823536540950383 0.17522323320977695 0.19675293678025174
2 0.34330363293177535 0.5915906857297 0.10881947241000382 0.28260113967018063
0 0.8243229321213178 0.42418310266392595 0.3513541357573643 0.3445245454996133
5 0.8029935691446266 0.13057988659288794 0.16094247840045375 0.18765559949258553
11 0.6351364357495151 0.23358282337313951 0.20514883538669543 0.2670309446889169
17 0.6855456966341061 0.5750832561742709 0.2180853450053421 0.28437672598165725
18 0.3293105987183572 0.8041101356662731 0.25000995680090715 0.3714062898852485
15 0.8365848299443996 0.31508576537625993 0.3268303401112007 0.40132987092428135
1 0.8602331502701525 0.10556398144729795 0.0032886911069926585 0.006419778656518371
3 0.6041269940095502 0.08607460537450985 0.3363789880191003 0.1721492107490197
9 0.40124756378714893 0.4142367792659991 0.09704366950744614 0.1904251370339588
4 0.44125002649368783 0.23890076674394553 0.24606650126594437 0.33998651122873
16 0.41815978919237756 0.6417675539681847 0.18147821161023056 0.3760044927751774