20 0.38406085572754717 0.6318352434462055 0.3202802208490434 0.2997487324789049
3 0.6606589660108945 0.27902434992564756 0.46502982067963394 0.5435053703461763
7 0.8108277530543588 0.5537498498691024 0.20805323663405906 0.3007606170551426
17 0.40832583738228284 0.736739338788711 0.21128465244730937 0.2676455385311328
12 0.38870982934860077 0.5432572009779849 0.07789675782192056 0.1055026586794004
19 0.34419805005646975 0.07414680605222793 0.27097889988706053 0.14829361210445585
2 0.9141487160814817 0.36597866874619267 0.1518634207925736 0.37091272280371257
13 0.32262136874055247 0.43198406558605673 0.19905766823232485 0.27331352570627027
10 0.2957766896319481 0.20765206159242358 0.2941419260542454 0.3796164520198565
11 0.7834216318241449 0.30657393081191026 0.2531066733528224 0.4754233221963967
16 0.33048228746698743 0.858872288333224 0.27020462613895 0.25999343278256265
8 0.5518707110315713 0.6811969853741211 0.22724285239083955 0.34739421802266174
4 0.4428156874952223 0.8931447546396875 0.08862142619541977 0.17253308336160605
14 0.16002817640718128 0.568329996737239 0.32005635281436257 0.6550066731921885
18 0.5785653447806804 0.049818076836084094 0.167869310438639 0.09963615367216819
15 0.6616167083301482 0.5783695854976773 0.3933060100998208 0.6150132933970014
0 0.4644147556146077 0.4700825847668051 0.32297955759604163 0.4329365626060226
9 0.9423948134224108 0.32620022482669325 0.09191302616718496 0.2121891682980471
1 0.6878852637894641 0.851587171221536 0.1568855787839034 0.23600531735880045
6 0.8394881632530016 0.09397471605200933 0.10529371572854566 0.0901455208686742