20 0.5652912837033337 0.5871251804324691 0.2774187944567007 0.4413447404808769
3 0.395447394747151 0.15621464491783682 0.4815197894943021 0.31242928983567364
7 0.7145548056243525 0.015377468011023328 0.18321491439185814 0.030754936022046656
17 0.7113122590962279 0.5771046949069016 0.21752575599585597 0.24470850332006458
12 0.5118708771693585 0.49192497227009635 0.18860023531769166 0.2202638287447326
19 0.05859171174404304 0.332869986818891 0.10150264970954977 0.2716751370339588
13 0.37619239639978086 0.5963551224851642 0.2442723465663966 0.29606673257221156
10 0.19521207009726393 0.5466999505708413 0.19925094499482005 0.30193827538602847
11 0.5029259468568469 0.004994384031028226 0.14647689371369382 0.009988768062056452
16 0.8455095148871962 0.7735888773661117 0.3089809702256076 0.38015698027791134
8 0.73254078804656 0.3557425756674399 0.2748673751024439 0.27901451913739544
4 0.9032117759501495 0.6713623048947995 0.19357644809970118 0.2781267259816571
14 0.35848912778853104 0.8290057964014408 0.506010367244561 0.33315991705816284
18 0.11472177956950458 0.10803622068442617 0.20756855913900915 0.21607244136885234
15 0.590451679693339 0.16487517520960016 0.512153359386678 0.3297503504192003
0 0.4253811054577367 0.3463392173395742 0.34616448635114894 0.35566631624746636
1 0.9498394882131758 0.19122295574413542 0.10032102357364855 0.2411042516600323