12 0.29904583157719494 0.45976228297750504 0.21938874837514694 0.3092854473099964
10 0.5232663559269242 0.25817870675997256 0.17852619480442442 0.16783880830456224
14 0.20770735998411394 0.06431422378865997 0.28458528003177214 0.12862844757731995
6 0.38044938474088025 0.10646756735355309 0.19847623051823948 0.21293513470710618
2 0.6175794176153214 0.2652945070334886 0.1408625535707225 0.1515500348593455
0 0.18227493750082382 0.14966811327739163 0.29748647483619656 0.29933622655478326
5 0.238655576705931 0.24532250483297505 0.2078512305182394 0.26234705505514155
17 0.284073216721817 0.17311500303344682 0.21138533360249454 0.2939127861755762
18 0.5874845888807956 0.1420007879596232 0.31012284253094824 0.2840015759192464
19 0.9257314679429282 0.8042389972029141 0.012990923701106282 0.03876292448173899
3 0.5913600166423867 0.4801624904367491 0.6400866266199102 0.7387776863278155
9 0.6537936071447401 0.3001263330350472 0.16331029788867965 0.1975101527023886
4 0.7524611578760888 0.45140233773436045 0.11098413879807012 0.13396725588188224
7 0.33367815584749394 0.615427442312397 0.2757944813290184 0.44606074191760425
16 0.5456146887186398 0.1602141883637048 0.2647012483751469 0.3138635485563