20 0.4661120470141224 0.378421558951076 0.3000214153549091 0.2062633062947769
3 0.27723630924726794 0.7566758495929444 0.39453551190416947 0.4866483008141112
5 0.2872600633577673 0.21101269639430623 0.14122556956195362 0.17279953961499667
7 0.10819101432683256 0.6465174510018493 0.1447219101591291 0.23946620628166335
17 0.43639169602538674 0.3463412751200964 0.1977376495154673 0.24233602212766195
12 0.47226957584301443 0.5454305271041248 0.06833437278026225 0.176369205945528
19 0.5448772773162828 0.7696597774074759 0.4852697725478311 0.46068044518504814
2 0.05550232894510761 0.783857493240361 0.11100465789021521 0.25938165314738865
13 0.550651301957801 0.5328500629191325 0.20729831981405517 0.2763977597520736
10 0.6398234265796485 0.6887572761285026 0.24418631461827509 0.32751940529948437
11 0.13025204860360626 0.7647647064497309 0.18576180942249496 0.3697545184957408
16 0.5023605394725538 0.21117930730318316 0.2283756443196872 0.2928749442422103
8 0.2992198419345578 0.47695809722153104 0.15181314431968734 0.28573658218964354
4 0.389368866576076 0.2100652855116566 0.126769585653497 0.22328038350795787
14 0.7191167147148201 0.34443882959891275 0.38112857576613984 0.5372362214816184
18 0.3812139790416526 0.9241616071088882 0.23294317599857095 0.15167678578222354
15 0.2128781503486466 0.5065913308778861 0.3341007564562878 0.4706571574515804
0 0.3860807035669553 0.5122723990440484 0.24342149011264294 0.31293607196615103