9 0.9103829086932466 0.9466471774428814 0.15035855027685513 0.10670564511423729
20 0.6023026935492816 0.7688493182009625 0.18408840992986414 0.42303164159384204
15 0.34235839219269226 0.6495934523616332 0.3166820619970475 0.3262827634375699
14 0.5515586212163178 0.9504372314591891 0.22113212523071263 0.0991255370816217
12 0.6843933027408654 0.8219408774513048 0.277458875692138 0.35387334107465024
11 0.5932328724529355 0.45034179343628356 0.17866043028792972 0.3749937373095148
13 0.38661263263196827 0.41841208674177344 0.2194065437984502 0.3141910639567616
5 0.9860159037606137 0.9747746195559149 0.027968192478772736 0.05045076088817003
7 0.475678439230345 0.866164306588987 0.18226748920265834 0.2676713868220259
6 0.4610352344222964 0.18216278789410337 0.21894546884459273 0.33704711181459807
1 0.48429437075489246 0.7309998836097762 0.0353157387412331 0.05335632831876846
3 0.783263082973422 0.5116200232239511 0.4334738340531562 0.9418520288548071
8 0.850394530380215 0.9274042114009294 0.2992109392395701 0.1451915771981412
16 0.2934867890180882 0.20061595654043732 0.2588485780361764 0.38850196322652386
4 0.5195729318290894 0.5888865914481927 0.271485885252862 0.5865398675108511
10 0.6439826465116288 0.5490050482967757 0.20305965299003398 0.3634636382507987