9 0.4412946996293311 0.5160733442210291 0.13205358656782168 0.1639450028347092
15 0.6251637242241024 0.26728593148423446 0.39665183302444246 0.5105850085041277
14 0.5600347428284239 0.18256891837388534 0.3263194856568478 0.36513783674777067
12 0.46542168039203735 0.48001903472482577 0.0868849303072194 0.10501662788301995
11 0.4505903432760617 0.6017664030085553 0.025927582939624473 0.03813764282953684
18 0.5995014921954518 0.012139780794953774 0.1521279843909035 0.024279561589907548
13 0.5384350836574148 0.5754912892667536 0.2523165012659444 0.3536128509213166
0 0.23142122494189254 0.9087169161512321 0.24578870435383654 0.163859456577804
6 0.34155762757429775 0.8361408872567397 0.19426589908902603 0.27874065455485897
3 0.30007447730414527 0.6881390181677115 0.3077877404661712 0.4489782586007489
8 0.4934623456383143 0.3839945116929944 0.10538195916315996 0.15688729899499307
16 0.3930085109694092 0.7365237824055512 0.2598958774894797 0.46453970061852157
4 0.48194947068072336 0.6025318494716344 0.14546630054030488 0.3191320355624522
10 0.45663944663410627 0.5635011284627481 0.09642362141421187 0.11228699394409608
17 0.2803051582443368 0.9504050553407609 0.176145837748948 0.06279683314009077
19 0.736649317330528 0.08605568483437817 0.34829863466105593 0.17211136966875634