19 0.8401806520130449 0.16719261086889278 0.1266908640197264 0.19957012824862458
12 0.35622601205440657 0.5507441106992567 0.1982215133672712 0.3424272837218093
18 0.9236102226686818 0.1398711974367144 0.15277955466263649 0.12171299043789846
14 0.8420191560709511 0.7357971076626771 0.24811352005090664 0.5113492500848179
9 0.5155850200906776 0.9008102244350931 0.14253404002227174 0.1983795511298138
4 0.2262588907542687 0.8706018911017598 0.21302835335772619 0.24940479975288737
15 0.5550425833465903 0.15599877663505118 0.31008516669318065 0.2747487324789048
3 0.7195805347310424 0.6655391492869349 0.26106805338954275 0.564014596243014
2 0.5011748853834976 0.5158433431216163 0.15207376670908895 0.42357806896190836
6 0.3230669720321349 0.3305390786371005 0.3923362347230883 0.572209064237403
8 0.8065698153644076 0.3426390331323005 0.16083060136854394 0.3531812452472219
7 0.41316799741404175 0.8110598810611315 0.22353059603754383 0.3778802378777371
5 0.39112498667249973 0.07547956744361861 0.18224997334499946 0.12302251929383905
16 0.6536299127545868 0.8763095730120869 0.19769425469445334 0.24738085397582618
11 0.4940323580124085 0.14482813078051335 0.03177725867281787 0.061871698728822824
17 0.5999514767663591 0.9919345730120869 0.08630112667090906 0.01613085397582618