20 0.4203125 0.6779035145693336 0.290625 0.2406151315113855
3 0.66328125 0.3256747221859311 0.4109375 0.4899670049506868
7 0.840625 0.6005986958053339 0.1828125 0.2876786042302802
17 0.45546875 0.7837070923059261 0.196875 0.261250035324917
12 0.41640625 0.590221635561564 0.0671875 0.0968783189336359
19 0.3234375 0.1025595818433162 0.265625 0.18736777252832731
2 0.93359375 0.41013574952358184 0.1328125 0.3603505529308303
13 0.33984375 0.4783234736759482 0.1859375 0.27324077410316244
10 0.29140625 0.2541931739796061 0.28125 0.3818452885594054
11 0.7890625 0.3523645595694429 0.1921875 0.4526984471822603
16 0.38984375 0.898892219597497 0.2484375 0.2022155608050061
8 0.59296875 0.727609233379413 0.196875 0.33208336865825033
4 0.5046875 0.9264286130615095 0.08125 0.14714277387698094
14 0.16640625 0.6160813790643149 0.3328125 0.6529960914619631
18 0.55703125 0.08531094650793349 0.1640625 0.12638891832631982
15 0.69375 0.6250100451131999 0.3484375 0.6016402741597077
0 0.4859375 0.5163757485665282 0.3140625 0.4458730722246693
9 0.95703125 0.37060202357019895 0.0859375 0.20608467150426268
1 0.74609375 0.8950265161441687 0.1296875 0.20994696771166257
6 0.825 0.14257951310758918 0.1 0.08590610259889969