20 0.43738109907072875 0.7130103503075421 0.2812162452503474 0.19868191543678554
3 0.6206177052627428 0.2995778062249862 0.3852894154625696 0.43978103109945
7 0.8341866299402774 0.5237357813881689 0.1654107137152085 0.26874805593626727
17 0.4873616088543745 0.8076395818211035 0.18205269984750014 0.23883279977412097
12 0.4201039865135413 0.6271792661207926 0.06246493882958344 0.09223227360693613
19 0.24967138525861104 0.12786912950555693 0.24731402393569457 0.22309576109441126
2 0.9248330797877777 0.3054701707518857 0.1415381090418059 0.3313899436872679
13 0.32857175636517333 0.5376678486948259 0.16341180262104177 0.24362671558737148
10 0.24692497891409698 0.3300131330133382 0.23492443313000014 0.31783703128768237
11 0.7466898959921874 0.2926790376444313 0.14640875341847243 0.43163262438505945
16 0.4417925760849647 0.9310557717118713 0.23099803970326396 0.13788845657625756
8 0.6133441870266315 0.7162444728916528 0.15654485999173637 0.29718668050955915
4 0.5598704288585064 0.9337042259695408 0.06239351006798621 0.13259154806091827
14 0.15794561241501723 0.7164491842055728 0.31589122483003446 0.5671016315888544
18 0.4788328616072569 0.08620982044434357 0.1579592767854862 0.11005070155624655
15 0.6946143304533677 0.586955493844224 0.27776916261277795 0.537537206676744
0 0.4764462119122566 0.5366345116654789 0.26094272568305577 0.37811181020334844
9 0.9303024829981595 0.26104252513190646 0.10952308320624979 0.1957511437249143
1 0.7879064695117008 0.8445392656502115 0.12075152393569474 0.2132671928338515
6 0.7488187064970139 0.08109936396220217 0.09611258700597229 0.05323509461597705