12 0.4169212751824555 0.9529835309707241 0.14256929508134403 0.08860296356832696
10 0.7616762807416004 0.5409480858800892 0.248229463502863 0.3123317023127728
14 0.33698587383115447 0.2965113856368153 0.4916532523376911 0.5930227712736306
6 0.624309132709949 0.1534851418242039 0.2949135659621911 0.26894531667595756
2 0.9084427173134919 0.3856481544481635 0.18118740924813678 0.34514385505887474
0 0.31422858811958443 0.6756645428091168 0.32037717427525153 0.3753892443363227
5 0.3712365913410383 0.8595910850945223 0.19787493949875792 0.23069384699204248
11 0.6505155460633025 0.7720109129669067 0.1947590298578376 0.23275293936782995
17 0.47978138612779464 0.5118858322985839 0.21846015027114643 0.2933514132160892
8 0.10303864158874362 0.1627417150676603 0.20607728317748725 0.24951656986467938
18 0.8768528706097006 0.1089702578113132 0.20409766842151916 0.2179405156226264
15 0.11479069911402151 0.7647099038526517 0.22958139822804302 0.4101029232341655
1 0.4037263835937118 0.9332948883736265 0.0658068071815924 0.04217572677512512
3 0.6741934196980653 0.8957813788792612 0.40711358411256365 0.20106799114760085
20 0.1576511461263368 0.2206447714045584 0.3153022922526736 0.2982695495666709
9 0.9163819614597596 0.535581491814913 0.16352721057599667 0.23667719645904034
4 0.8645598653451433 0.7745170740416965 0.265680583916172 0.37288169424594053
16 0.8236273557789777 0.30818372054128246 0.2593124092481368 0.34574987899751597