12 0.38907134780474173 0.9202285664902383 0.14589900496239877 0.1139749288715862
10 0.7737758717926749 0.5726674551098673 0.25608314185166686 0.32166095787002597
14 0.38066361083442024 0.2703505368823178 0.49570222166884054 0.5407010737646356
6 0.6779345630679506 0.1593733668460118 0.31138707195929066 0.29763364035402345
2 0.9229730812649157 0.44912829764518963 0.15405383747016863 0.3444149354621407
0 0.31650918134596895 0.6131650282898097 0.30361311331561963 0.3429576377178016
5 0.3545636071103666 0.8062589083912926 0.20822353060296184 0.2462825006838429
11 0.6400644594677315 0.7782241613198609 0.2018279813887503 0.24177627670413931
17 0.498334916044488 0.48535486489363283 0.22737594499481997 0.3034662832946939
8 0.14215542080199894 0.08798988603298194 0.2436858416039979 0.17597977206596388
18 0.9126840905705406 0.16509285495822634 0.17463181885891893 0.23884405008821416
15 0.12317871236321558 0.6581087496580785 0.21419104838564218 0.4171158340171762
1 0.37845917948394214 0.8853212357931267 0.06708049214211717 0.045232018453552784
3 0.648228023983424 0.8998869379992129 0.4046575748547749 0.1550650013676858
20 0.2097453351938571 0.14351832674277884 0.3257406703877142 0.2870366534855577
9 0.923468617968432 0.6015511882915596 0.15306276406313585 0.233998268795474
4 0.8590283593866783 0.8022886527273527 0.2819432812266435 0.32004097105113494
16 0.8592852245643247 0.35407487341177896 0.273090859386678 0.3620931844859511