13 0.38257982224384124 0.9390178584106477 0.21607335080120346 0.10858100962425965
12 0.3026819599437494 0.41334073860296267 0.24025172752138851 0.26318408738509286
1 0.232111639067545 0.8768850181111572 0.223259717153796 0.24186585283601877
9 0.5746210592843506 0.9069634166687958 0.15074087672018485 0.15853077760833353
4 0.17769895820032305 0.7157427415152313 0.2797037897269439 0.3891538898165744
15 0.46137558034884235 0.15774883903291653 0.44462616069768474 0.31549767806583306
3 0.7502815469369905 0.6708626626170362 0.49943690612601904 0.6246260141822229
2 0.5688045374178696 0.46040273151185124 0.41509306852064737 0.5513664328758339
6 0.2437971010840275 0.19597270706782383 0.44974288765342535 0.39027264640148196
7 0.34239644524083235 0.6845368769009255 0.31257507832259207 0.36730400582453726
16 0.6495424383136097 0.9630904494705086 0.016581907257314833 0.015068234549074097