12 0.8584259614079363 0.14743980094774953 0.1709781186759763 0.20540295550149465
10 0.46389009833103734 0.49409871585322723 0.21065777054543172 0.3264908188890573
14 0.6241009348392199 0.8354131941276858 0.5556150730349426 0.32291944469785133
6 0.31602740309563326 0.8836160810611062 0.1823892153566284 0.21382113218623763
2 0.2812426190769617 0.5475759042454353 0.13172728714217125 0.28423024876252234
0 0.7828876294499238 0.5697147767472527 0.3887594597575511 0.3549437663237197
5 0.8332940616130733 0.27362085312030365 0.1766361228251611 0.1950347707499193
11 0.6484687757203018 0.3104556158033907 0.22980958963168216 0.27874383892521026
17 0.6068803138881583 0.6575003025062103 0.2299279888018452 0.2808271722585436
18 0.2088320549650887 0.7636675426781889 0.28954163237293085 0.4228938147247135
15 0.8121266887879119 0.467449636232327 0.34448924150113747 0.4004134852938684
1 0.8928466603683178 0.27003527492693635 0.0034801975104890915 0.006274240957545629
3 0.6667004026946479 0.13034329970393527 0.35878669461070417 0.26068659940787053
9 0.38183646015853634 0.39894412933117196 0.10608682448483524 0.19032268253847562
4 0.4648167487506002 0.24420173992279623 0.27457856058738805 0.3519756380399703
16 0.3377993497809298 0.6241865389066285 0.2040059514591812 0.374334762683087