4 0.5622539050862333 0.21074410296825558 0.3276328101724665 0.3658049404482799
6 0.6503983378799443 0.7707564827358676 0.3068151960282773 0.4391671973456847
3 0.1838743097581817 0.5563104598215851 0.3459162373846062 0.4876209196431702
16 0.316609611248705 0.09486242424144017 0.20770980024766902 0.14544377355582364
9 0.5065647930089587 0.5352159060741497 0.15535108767505648 0.20828903964976847
15 0.4474638906088126 0.9230863093617582 0.17181084160399784 0.15382738127648377
5 0.6041802318030349 0.07235292250677897 0.15211046360606986 0.07089822252327489
8 0.48810169912864926 0.8321543562476159 0.27461481803034926 0.32053523895590413
13 0.8653276710068868 0.6766670850267548 0.2064470148871962 0.332397859188292
7 0.22345484821902645 0.7523533001652181 0.10974748924663302 0.1967894029847514
0 0.9218173037623256 0.8376119485875272 0.15636539247534884 0.3145301809130558
18 0.575914222288013 0.8896349344182055 0.321160178245597 0.22073013116358903
12 0.4235404313459689 0.657226665157795 0.17645980024766902 0.1432601160856971
19 0.29830487510244386 0.2847821649320055 0.3487843722069598 0.4358651349303559
20 0.5765476532242064 0.4860716515887746 0.29001718610347993 0.22601210010464676
10 0.7978554189399721 0.4184060606036004 0.1783133986760923 0.15170263229253667