4 0.5526798519430801 0.16847446746549977 0.3678597038861602 0.33694893493099953
6 0.7026693132728383 0.6512785520872387 0.35223901199171215 0.5032297838552334
3 0.14043898697032145 0.6528704242365464 0.2554068614535928 0.6275924848602406
16 0.14364299214211715 0.040221148080141926 0.23416098428423432 0.08044229616028385
9 0.5082364549196174 0.4507675094703412 0.1997218258882322 0.28116410990855106
15 0.4552421573580355 0.9092918605849006 0.2062543081055519 0.11169126465665281
8 0.5265499230738013 0.8178806292680467 0.3855137766740205 0.2972347034532305
17 0.8343667311793531 0.8743020656164009 0.11675516046291676 0.08949778707642816
13 0.9669435591390091 0.45808253974986035 0.06611288172198186 0.2671765058626612
7 0.1732836819651415 0.942071206255612 0.007958049214211727 0.0050169717175634785
18 0.8071769150110306 0.7990894033950406 0.38564616997793866 0.2739353135550246
12 0.4391504687733564 0.6506821351307078 0.1767894400324213 0.20395331677621917
19 0.20075778701310268 0.25416666666666665 0.3996234342414531 0.5083333333333333
20 0.6222069096343472 0.4132680252221567 0.4265411910658786 0.35773622870771526
10 0.8245227727450789 0.18839651652478642 0.14869867328319836 0.15731227960316965