11 0.27423745159900637 0.17437621509645632 0.21556240924813697 0.34875243019291263
14 0.16664922803899837 0.7655403344772398 0.32230328863843627 0.4686768558101996
12 0.40514656313352065 0.09969202172978137 0.24154312626704139 0.19938404345956273
20 0.7974522378015557 0.47116774082991014 0.4050955243968886 0.49076089029586284
10 0.9884868248409855 0.8450525555570358 0.02302635031802893 0.1468638530834473
15 0.19054474941082483 0.511445433535956 0.3790714391059745 0.5896091329280881
7 0.7116379785299778 0.3120320847199886 0.31551695745273883 0.34551771390821195
1 0.3011742189638121 0.7947021169178389 0.004714771077238833 0.0064318564264908675
19 0.4848941922292324 0.4583521214047887 0.5301713725546083 0.8475118719091247
9 0.21905661055255568 0.7780929377147601 0.1429056383672898 0.17009964493688537
4 0.683975545081344 0.07670985202821701 0.25545109016268785 0.15341970405643401
18 0.6595755087805987 0.6994491720780532 0.6808489824388027 0.5764904194588155
2 0.10852154800821019 0.15831730219071333 0.21682492739850953 0.2833653956185733
5 0.9303420058537324 0.12113849507411108 0.11984993344863355 0.24227699014822215