20 0.8981368512408373 0.34963559460115845 0.20372629751832544 0.3752961664125003
3 0.6005123602950151 0.5043026980725932 0.2613738146182751 0.3138629490871298
5 0.950229228964778 0.12308652355231588 0.0797089153549095 0.18134872213750006
17 0.9131007515510465 0.3239576038462973 0.17379849689790702 0.2534445405261113
12 0.7781621128929052 0.48589648365949156 0.11927415990702742 0.1326579554200002
19 0.4619629485464021 0.6783458183886112 0.4559643208224614 0.6433083632227775
2 0.42071596362953934 0.3479271180327782 0.037467149011264314 0.030281939462870375
13 0.8561832060879707 0.5309565878891677 0.26751455397461327 0.31197357624009286
10 0.7803740949597764 0.751157807747686 0.3143131443196873 0.2822267700088891
11 0.3864884291006641 0.36454442363069484 0.32772008045771683 0.2701631811030559
8 0.8184379156070107 0.30203150088319536 0.10100476114786475 0.20072909371796305
14 0.9496225776077253 0.6156251414601399 0.1007548447845494 0.43081707269453723
18 0.23572786649920138 0.8304992740627778 0.3646844849168628 0.33900145187444436
15 0.6278075617682835 0.2513967745668525 0.3662576925943174 0.4398344934129633
0 0.7000756816985542 0.3503568497945378 0.32674744234221575 0.34085104407166705
6 0.18416573047738735 0.6858565615495372 0.30752754877883326 0.3610540058245373