4 0.5454350553887288 0.1548690708993338 0.3435048892225424 0.3097381417986676
6 0.5956739189381965 0.6567205044129788 0.32866811547443203 0.47533874668218395
3 0.15861759485126764 0.534056866254319 0.3172351897025353 0.49855293415802865
16 0.30540856584148524 0.056877594237193026 0.20555132096198275 0.11375518847438605
9 0.4671757345679203 0.4478125704805206 0.1537759893354819 0.20956567394668232
15 0.38072521117274566 0.8605035882617467 0.18631547355046632 0.2068869551604493
5 0.5969359131824146 0.005974811300043462 0.15612817363517095 0.011949622600086925
8 0.429070976887174 0.7505335466433907 0.2971913313441522 0.35994770950913446
13 0.8186934609609843 0.5173719934929552 0.20280429451244908 0.33516071556503835
7 0.16824686895231394 0.7229388268586163 0.11792949459715381 0.20773760404589012
0 0.8759305663355954 0.6666494920756006 0.19499179451244936 0.3343104105141414
18 0.5119142979903312 0.8120135244168581 0.32994364718563746 0.2909424460765936
12 0.37633165571342975 0.5872892288686302 0.17962585779368573 0.16054343879657793
19 0.27415231861349554 0.23867050180384006 0.35579205759604166 0.4554831781987462
20 0.5406811240022243 0.38486646118402545 0.29365753669052863 0.2434511038526472
10 0.7672050976232778 0.2720911005667971 0.17769933674699842 0.15204004445306513