4 0.45513597820847346 0.20361190267430146 0.40535304358305313 0.4029816377781146
6 0.6893317536831709 0.6410223880990976 0.3835980119041695 0.49444225630564326
3 0.15803710308242266 0.7489583333333333 0.31607420616484533 0.5020833333333333
16 0.07851848390845663 0.19646359822952017 0.15703696781691326 0.184593863125707
9 0.46552790294653673 0.5121512841467728 0.22924972946898126 0.2912438389252102
15 0.4892942768120797 0.9506491401221422 0.21160377153942508 0.09870171975571557
8 0.5436864818916443 0.8369074855557239 0.4235131816985541 0.3261850288885521
17 0.8599124154317839 0.8309639700640254 0.13566398441265975 0.14474387925937152
13 0.9256837889683507 0.3667018294181719 0.12525064431968716 0.2737772206595371
18 0.7903700937761432 0.7710253678010891 0.3580738519971419 0.3651301438937028
12 0.42932868697120885 0.7254990231530744 0.18705152179152656 0.20136961410132911
19 0.1758087471500084 0.41597718839220804 0.3516174943000168 0.5361210434510827
20 0.5717504057965282 0.43898684217305933 0.4526979371464357 0.3825240392867388
10 0.7357193426908625 0.15889434789586407 0.17367743664223276 0.18460598360447983