12 0.7554647958600846 0.04380615693492914 0.17342959172016936 0.08761231386985828
10 0.4987467861175568 0.4781249116877072 0.20751603977100466 0.3448743750706817
14 0.7474455645277711 0.7476619035873502 0.5051088709444578 0.4592791924860275
6 0.4852742159044475 0.882122930925001 0.18375916558343128 0.20010585262717248
2 0.3449962690714282 0.6166136961969341 0.1366035219140973 0.29576721959749697
0 0.8172341387980702 0.38702366317772435 0.3655317224038598 0.37550271166677596
5 0.773634143262297 0.10491892015350038 0.17937167451188502 0.20983784030700076
11 0.611880211443516 0.22270491725617556 0.2272557954530477 0.30207014591108317
17 0.6850348879839958 0.5559621800527653 0.24630580438150124 0.3258598318150436
18 0.3467514581938098 0.810400071998488 0.27330468100470673 0.36042994240120974
15 0.8225432017042834 0.27631599009862645 0.35491359659143323 0.44158736550858013
1 0.827926176947517 0.06568106862263635 0.004769320616851047 0.006468254809323426
3 0.5685648137169922 0.09600525554019565 0.34650462743398436 0.1920105110803913
9 0.39107460795222376 0.43415006316725874 0.116708033278183 0.20739420036020337
4 0.4191978336024945 0.2535647402399898 0.2751399163942102 0.38133602733765076
16 0.42292640015886046 0.6578041585097643 0.18763991639421018 0.3772619375636135