17 0.42353882711332586 0.12234289738611608 0.2529223457733484 0.1831182262874597
3 0.19332969540420814 0.3465641894949242 0.38665939080841627 0.5896553366650663
13 0.3328850323920249 0.8814798688919503 0.13769786397194572 0.17976950816470777
16 0.1870380135751188 0.616577113976663 0.06700582973421945 0.10006462240869449
20 0.5223876233850113 0.825289570685286 0.22214961443337095 0.349420858629428
18 0.3336219193429299 0.588471344963436 0.37301120758582584 0.417085482169342
19 0.3892258675249152 0.9072008838228233 0.21832610271317873 0.18559823235435335
8 0.36784193476375 0.26849073168604437 0.23328737353266965 0.42162758174977905
9 0.660043519435215 0.575395115375206 0.200577398209672 0.25868506611963465
1 0.26545530537098416 0.7490601875617341 0.10218186613141408 0.12020433140014337
2 0.6110214358434842 0.3213216918600621 0.31609987353266966 0.4299944564412994
15 0.2185011597822059 0.8042390593379882 0.30093594848652716 0.3915218813240235
12 0.6212451418881504 0.14127122408694612 0.20418445712440042 0.17197439392072134
14 0.1785557965762274 0.33265893997822166 0.3571115931524548 0.6361512132897766
5 0.7970824444813575 0.5662127524474502 0.2435053778516064 0.31070623735195263
10 0.25445724861572405 0.7165472630799952 0.14777377081949092 0.19530003485934533
4 0.6354605174326302 0.9665317225547414 0.17642040252860874 0.06693655489051717
0 0.3982816039497964 0.33750984123071776 0.434607646511629 0.5663607767769497
6 0.5342319910575849 0.5469830049975994 0.21129365514950216 0.3198910605873879
7 0.11291939312476815 0.606995166533005 0.2113146391103733 0.2556234583744895