1 0.9674962799644691 0.31643872385576655 0.03049972749876275 0.061944674575331975
15 0.11161585142490951 0.31971741171135715 0.22323170284981902 0.1772318432439524
3 0.9163864020815936 0.5655632910546351 0.13676517412854566 0.46478492228103174
16 0.14806900780191612 0.1856855138153771 0.29613801560383224 0.36612897236924585
14 0.5152433039360443 0.6362108477581911 0.3626925090451115 0.34193187619672494
17 0.46505959746818065 0.5245986409139294 0.17135045680654795 0.1943300461338815
6 0.06482830337021739 0.3935448662613184 0.022775758706427274 0.024105117262295295
7 0.6089434735420338 0.33487915802458373 0.18885886137453234 0.24309560608314
2 0.5843175305302959 0.6043931619789163 0.2373096494796016 0.16673028724902655
8 0.03218065694283349 0.3875035447909832 0.06436131388566697 0.16249291041803365
19 0.25641161578554633 0.4579761448930494 0.4708192695605611 0.4351194611900906
18 0.20768966926730537 0.07083333333333333 0.41537933853461073 0.14166666666666666
4 0.4299077487568046 0.30822554210518666 0.5923667209400421 0.433407495460974
5 0.48095791440606533 0.43746119295452257 0.011428822930778538 0.013094225297814314
10 0.5904524231124926 0.4086447179738423 0.27625704206179835 0.3642614071475437
9 0.7658718249669435 0.44796811254975766 0.2346693283578455 0.21855895259758237
0 0.5450060470386393 0.593016173182859 0.24989153663473154 0.1694927352084335