1 0.06484375 0.14051919152897402 0.1296875 0.13103838305794807
16 0.17890625 0.5072883918891773 0.2984375 0.4138955561935912
0 0.28203125 0.8340641682980471 0.2328125 0.33187166340390584
20 0.84296875 0.6007078232099956 0.3140625 0.32087307222466943
17 0.5015625 0.5348115979309396 0.234375 0.3109127404661711
2 0.290625 0.3156151315113856 0.2625 0.49347226932211175
3 0.7515625 0.3797851877615222 0.496875 0.7127183431216161
18 0.4796875 0.3275430754874303 0.484375 0.632969663630087
7 0.61328125 0.07022167088648121 0.1140625 0.0886442003602033
6 0.8375 0.8490476796046198 0.325 0.30190464079076046
5 0.140625 0.752380977613036 0.1734375 0.21224209461163332
10 0.66015625 0.6765708856463822 0.2625 0.3559722693221118
4 0.209375 0.3368320481497796 0.3265625 0.6027050850495319