16 0.7378389290396499 0.3826870621989 0.4014011697155947 0.356811718812804
19 0.07510582116084288 0.26335868411145663 0.15021164232168577 0.3142173682229132
4 0.14168597945456826 0.33743738576181936 0.16773471950581334 0.21421736822291326
17 0.8524323800746239 0.5202766094127722 0.2719290024987998 0.5147624277610778
12 0.9015290404429415 0.8023955672252812 0.13111198050347567 0.30885784546939327
15 0.45547394708628175 0.5323465046499164 0.7577517937901559 0.82420253944538
7 0.09374723215386063 0.5915238068837998 0.18749446430772126 0.3580476137675996
5 0.31609029314223397 0.6376575749937735 0.09221265601864026 0.1170903858559356
3 0.3633609925268228 0.7328983684111456 0.7267219850536456 0.5342032631777087
14 0.22053487510024636 0.20650003830324487 0.4333615647365729 0.37173852579072003
18 0.1669237004102741 0.7522046736822291 0.3338474008205482 0.4955906526355418
2 0.43033500497437743 0.29812366610196933 0.17845873195336798 0.18393809101407957
9 0.8941649811049535 0.9043575602097188 0.12381785352912936 0.1257671928338515
20 0.45829775207459245 0.04082172573425027 0.014654495850815153 0.011508729806728856
11 0.745847725505876 0.7469266451964562 0.2814224016689629 0.5061467096070875
8 0.558308484853153 0.13124319577693547 0.305258030293694 0.19793332594130597