11 0.0922895774732643 0.7361280612300096 0.18039758976990444 0.5277438775399809
1 0.15510826092189803 0.9858169516145483 0.04226022287263698 0.018303374505083052
16 0.46480544778837735 0.868575784728412 0.3291158491396783 0.2398132831876841
0 0.8154003454272452 0.8122585288126896 0.35744992739850934 0.288821088413295
20 0.5590573583130605 0.09761181974169059 0.22748971662612102 0.19522363948338117
17 0.48963168920417033 0.4696285983116313 0.2671703610435351 0.36447186416780775
9 0.03800451492891878 0.1141701485880742 0.07551815046753821 0.12165970282385159
2 0.3329236678323439 0.7288760980034856 0.3561419574527388 0.34709380293779807
3 0.3185914395969538 0.14146564775231338 0.5090578791939075 0.28293129550462676
18 0.3166845477136226 0.40966031002070635 0.42251236689726746 0.5204731262420016
7 0.22076299365528823 0.2737747240260177 0.14434996369925476 0.1430769304123822
6 0.7882181383672898 0.15158059883924654 0.2358112767345796 0.3031611976784931
15 0.9580011249509021 0.23057931292481043 0.08399775009819592 0.3657127968680028
10 0.6050652707826513 0.24219583038711168 0.2856567406302261 0.304782623207104
4 0.26816173106406044 0.7501417785699407 0.46927828258831206 0.4972916905069089