14 0.8998561913589989 0.6597602348291441 0.20028761728200237 0.28650900625927095
19 0.7441629114019515 0.6854125734669635 0.3644475920591791 0.5868256089539362
6 0.10242885005567925 0.5483901111287871 0.19696700135263545 0.1926135555909075
10 0.6008481687221339 0.5540399049967829 0.155252216024817 0.24612569424993821
8 0.6944169027291335 0.6242322907913882 0.2978215240292714 0.2920816960534521
7 0.4921907840547248 0.545063434754905 0.15605110001590833 0.1586499360279987
17 0.9520357620146356 0.4449594552832042 0.09592847597072876 0.286943898684484
4 0.018489654718315807 0.507509842669212 0.02839772000318167 0.03168635200509063
16 0.18407774470877078 0.41634159203266513 0.3643374093729982 0.3951831840653303
13 0.3038197220719058 0.7108680587205429 0.10085452267663583 0.0994681404625446
5 0.4884839813812706 0.4783482845321172 0.19384200135263546 0.1925650720347863
18 0.5889283293682257 0.3517990001060557 0.5634112560470887 0.47117855654569235
15 0.4283657360757238 0.7460287271376959 0.26072260805217945 0.5079425457246084
3 0.5574168894016333 0.6793906809887227 0.23219652402927143 0.2910635413749072
0 0.2694810847389967 0.7145014062698766 0.16201019867918126 0.1254135698069078