14 0.06488839001853344 0.09937734735393278 0.12977678003706689 0.08625469470786555
19 0.18491064710529154 0.6797641821190704 0.3506845685964723 0.46744268355087487
6 0.8648685095338289 0.47786366726696794 0.25389387023308563 0.2256934102208407
10 0.3496849644358194 0.5743979428603097 0.18491074645662095 0.33108766470621587
2 0.7260887186121707 0.7561923058924357 0.25148317676384035 0.431397495853309
8 0.2760813172457099 0.3365379496448198 0.36985123084752425 0.42511206090645726
7 0.47897316035213544 0.568822196591249 0.20169645317271012 0.257397859188292
17 0.11112097224036781 0.5984271460873465 0.09787699400955022 0.10457682195055326
20 0.3450173449205241 0.18481903889533274 0.3162153101589518 0.3423423594140815
11 0.08441960690142367 0.3628009724103801 0.10798614790789977 0.3714618543642326
4 0.9526611422959682 0.7417608977807679 0.06161211179556503 0.08956561585990741
16 0.6326784805930703 0.9206990132661635 0.2518948606144388 0.158601973467673
13 0.7328273689671413 0.1701751334214842 0.2843452620657175 0.2569345514841278
5 0.46506937305867446 0.7410837660168776 0.16962799763774736 0.22396420171816517
18 0.3910564649839737 0.8277029956275196 0.32199408420556885 0.34459400874496093
15 0.511200361710747 0.38427456354427647 0.41527285825218596 0.4324450309048076
3 0.42341765263240516 0.09011440826039001 0.18753969473518967 0.133716912407081
9 0.04201883049255383 0.4647338195385234 0.08403766098510766 0.18780097241038013
0 0.8427579296742472 0.12672167646350785 0.2457341406515056 0.15234001206014872