11 0.24115812406718842 0.7903378716177094 0.32379823323126705 0.41932425676458107
1 0.25586390570184997 0.9947487216209422 0.07126750494291585 0.010502556758115606
20 0.7251391932308295 0.7714041517524776 0.0859666749048598 0.061266627883019946
17 0.7219597965005902 0.865113527589923 0.27335788144438117 0.269772944820154
9 0.31171738589300546 0.3651134416312871 0.15467686562705038 0.22032246263370778
14 0.6623301981365644 0.2703839576086731 0.4621603962731287 0.4468942375983282
2 0.45306521646253417 0.8590128897049635 0.22686488342154743 0.2819742205900731
19 0.4384417119767289 0.33322511113266295 0.16946887749004844 0.29668295071514283
3 0.6531236358930055 0.40227177235548167 0.4770399328507063 0.6789945426492251
18 0.552644769314553 0.7069491378045021 0.4466388725471326 0.2957038105270726
12 0.06392453163466158 0.2062922573766371 0.12173703163466158 0.21258451475327417
13 0.10142316752766703 0.5415599917214429 0.18349156821223903 0.4497866501095525
7 0.5052047421285156 0.5304824905296588 0.23684737847863171 0.3102455741528563
6 0.9239799639538951 0.8441095315359589 0.15204007209220977 0.3117809369280823
10 0.8593377796946763 0.8043776097153084 0.2238327253226018 0.3912447805693832
4 0.4674142179454089 0.8609052052570707 0.529416880455798 0.2781895894858586
8 0.8859414530794802 0.6883676515592348 0.22811709384103943 0.29094278991113737