1 0.9801472926082301 0.6581339080718626 0.030251121339908593 0.06711994859111599
15 0.1695574273154099 0.19066058091546756 0.2676794906906353 0.2581126979205128
3 0.8947444999204581 0.8156945650793664 0.1944430800445435 0.3686108698412672
16 0.22001196065404605 0.14284944170050523 0.3474760786919079 0.2774215072966666
14 0.49568083859804857 0.7168137805832427 0.36720787070336197 0.3915235800910558
17 0.47103592194463895 0.5844025971576243 0.17996131468808993 0.22563635821336353
6 0.12220971264322836 0.2408220655961614 0.023673857336090797 0.029085924326319793
7 0.6439381672899566 0.4813799311061915 0.2180976613621805 0.3017571704688085
2 0.565984247931276 0.7238632202288687 0.23592041335136288 0.1971092432631977
8 0.07868697931254641 0.21104222907592005 0.10461586935072649 0.17964473370247358
19 0.2896415659611836 0.4062823874123303 0.5299453227243609 0.6115247049095626
18 0.30982898599618197 0.06400095414052033 0.439717028007636 0.11251520460194563
4 0.4816114373010924 0.35805354718838606 0.5932260253819068 0.5274151202903921
5 0.5029677219525931 0.5089477184816062 0.012645450668363622 0.017734715196259406
10 0.6121336366168204 0.5422514764488763 0.2987487720400891 0.41898264651162903
9 0.7681194599379573 0.6754605027685519 0.24589539735836255 0.266660279660392
0 0.5310734459341394 0.6927343337393891 0.262901084022908 0.24729551305524874