17 0.48359375 0.6934534410489239 0.1265625 0.21805014951546725
14 0.62890625 0.6226134545682023 0.2671875 0.3165780934215422
19 0.41953125 0.4556763562357655 0.2796875 0.5281602069539341
11 0.15859375 0.8779217262244451 0.2546875 0.23832931322248357
2 0.65625 0.04511352340663529 0.075 0.09022704681327058
18 0.54609375 0.1217302897502802 0.1921875 0.2434605795005604
3 0.81484375 0.12151225376720466 0.2734375 0.24302450753440932
1 0.5109375 0.5700706926968169 0.028125 0.01720558878121494
4 0.67421875 0.041609801705699404 0.05 0.08321960341139881
7 0.52265625 0.4793947529268661 0.0546875 0.1738488300375477
0 0.63828125 0.2592393694189083 0.2265625 0.40862372444126877
13 0.16953125 0.753985293550269 0.196875 0.3308557881351715
15 0.65625 0.4221473728827617 0.2375 0.3221434904487784
8 0.3359375 0.696803615483636 0.2 0.22281381651826943
6 0.73515625 0.15020715620953826 0.1125 0.27298902179152656