17 0.0014809658224823263 0.8713485932083903 0.0029619316449646525 0.00900014023046604
20 0.2472264086837111 0.8175665547633926 0.027108069279472246 0.026030519750113966
19 0.0765564883215175 0.3342809404415121 0.153112976643035 0.3810618808830242
2 0.5648411206787627 0.5953153165294409 0.14179034639736088 0.13039507398589148
18 0.2533486573635628 0.1787217940525747 0.39017768527287433 0.35235160816340916
3 0.5937881377675216 0.37958824139964303 0.6561737244649569 0.737353711620399
1 0.026890142782086457 0.8599094223629197 0.053780285564172914 0.060758085686543
4 0.5928297283588947 0.6026564550883852 0.28863190564770314 0.27763867106494045
10 0.8677077079049236 0.5830867227047594 0.24885400329870536 0.38641862989319054
7 0.08317489819236279 0.7044969387699904 0.16634979638472558 0.3298272108733142
0 0.2048249261681813 0.39577446740532796 0.4076332728947466 0.5799198919673844
9 0.8077550125364124 0.1772944951162287 0.18198944906292808 0.18399387753998084
12 0.8250525096334185 0.3520711823687703 0.14562605172849494 0.23462235946138843
16 0.5174623523363626 0.7818347706956097 0.37388274703049906 0.4363304586087807
15 0.27412387780489866 0.8643600205858749 0.5075182979675712 0.2712799588282503
5 0.4640564883215175 0.08993940503141197 0.06359113855894431 0.05242475235320966
6 0.4263469220115462 0.5638785758768827 0.3263879699126104 0.3623662370013693