17 0.03216246745111734 0.8485481289075362 0.012754667984777568 0.009596257815072324
20 0.28135204254625756 0.8218022179890899 0.025700336958138337 0.025442515630144415
19 0.09626879942915872 0.3212615385920638 0.18527956129215684 0.40502307718412756
2 0.5926039244477492 0.6341361928266571 0.14801568874502422 0.15410696487333103
18 0.27280744171077376 0.18540727691061148 0.3799898834215475 0.3540808044381823
3 0.6176318048663662 0.4082057701444464 0.6352636097327323 0.7557911651654245
1 0.05765721596824257 0.8417779106511226 0.06272017589344296 0.06449009018181044
4 0.6209517589344296 0.6442694395772364 0.28270370653952137 0.2798676719315897
10 0.8790401956651065 0.6559551814948406 0.24191960866978696 0.4276575540885465
7 0.11300660775556604 0.6905640680528246 0.19494372136826899 0.36446146943898244
0 0.22786630931499047 0.39686438009010505 0.4206334239534577 0.6136459812027469
9 0.8237160257031626 0.24522155355389944 0.1885425296574951 0.20597027054543174
12 0.846969136387297 0.4199536741630658 0.1669513725471326 0.2640189538088379
16 0.5509960390862164 0.7913235449572436 0.3810032381741829 0.41735291008551295
15 0.3097927189339921 0.8590281878290577 0.5071598784786315 0.2819436243418847
5 0.4786953443725121 0.11794066253296308 0.062338173916276676 0.05199009018181059
6 0.4541170860067362 0.5879523568608623 0.34108389231879604 0.4062262998725307