1 0.98828125 0.5207482519926064 0.0234375 0.061872158808783814
15 0.1328125 0.2655394554719972 0.25 0.18844191618258285
3 0.93671875 0.7581711692799488 0.1265625 0.4578596575674326
16 0.16953125 0.1574030598279807 0.3171875 0.3134476603233187
14 0.52421875 0.7044295075786869 0.346875 0.3361246170366672
17 0.48203125 0.5778512883895426 0.16875 0.20422954342324343
6 0.0953125 0.3267523347112764 0.021875 0.022191792665975995
7 0.6359375 0.4322006867894453 0.196875 0.26847613399378406
2 0.59375 0.693122467600301 0.228125 0.1620834568499402
8 0.04921875 0.30826486683177934 0.0875 0.1658505039972373
19 0.28046875 0.4486673893006685 0.478125 0.49219203969918984
18 0.24375 0.05055378494468501 0.440625 0.09819658560513572
4 0.4609375 0.3515413454616373 0.56875 0.4061532759820428
5 0.50234375 0.49577938157937756 0.0109375 0.013179229666321391
10 0.61328125 0.500585377718732 0.25 0.34885858284924964
9 0.78359375 0.59241195395145 0.2203125 0.20326495946923445
0 0.55546875 0.6699118304348431 0.240625 0.16494305265906917