1 0.6797322763450018 0.2238228752403177 0.16529495850815118 0.11158733018366303
15 0.24323221098372896 0.6682672460911848 0.4851142415011376 0.4194511411865778
3 0.8477961147272841 0.20240425430463255 0.27315777054543167 0.3368585113065726
16 0.11703321203263614 0.2399041218361934 0.23406642406527228 0.3589749103390535
17 0.5396928138881585 0.689381717348335 0.25537827469461655 0.32564157700572
6 0.2663592898182417 0.8571990897740372 0.2963817829929864 0.28560182045192545
7 0.5178708937715782 0.2601522117233213 0.21328401784613932 0.2156349568009072
2 0.8573977642984325 0.9569247663420775 0.09706517676456486 0.06269842951980185
8 0.048336875925438914 0.9424305584992986 0.09667375185087783 0.1151388830014028
13 0.4450995964569374 0.8788128654520349 0.22886239627037805 0.24237426909593035
19 0.2872003116130733 0.29432214433624804 0.44880007843352737 0.5756746780297847
4 0.31810861472728413 0.17774146085108575 0.3589768713752687 0.3387765161441687
5 0.45896579999071124 0.5247818335029694 0.17592572780418297 0.1889616699294276
10 0.5411531831888347 0.36045644971414903 0.23118191286711748 0.2289352244350931
9 0.5750699323636421 0.10824084475299668 0.16861013527271584 0.1699206635169964
0 0.6915844327646274 0.8556465465749444 0.33904287967363833 0.288706906850111