1 0.6580826440923262 0.17379593878629754 0.1663172906531944 0.13171205336302894
15 0.28405607731923566 0.6941771502758157 0.5021872811538892 0.4909937352004808
3 0.8162588200041319 0.1554110250370841 0.2893573599917364 0.2898286702736946
16 0.11787717781166665 0.30080070846593837 0.2357543556233333 0.4016014169318768
17 0.5800777453472566 0.6581338463292677 0.24459037385944454 0.3203756587099375
6 0.33659723622920085 0.8588310195735144 0.31123235999173626 0.2823379608529713
7 0.5029762635833679 0.24015812364732908 0.21326633225631966 0.22616506492678615
2 0.9297660079806939 0.8604874881709619 0.09651263050895835 0.07022874846169623
8 0.11980782010104105 0.9693075608953936 0.1307785277354167 0.0613848782092127
13 0.5137591482732982 0.8709688524824831 0.2218061840799308 0.25806229503503364
19 0.27962837614055536 0.3210907911627249 0.47795230698944485 0.623914958306784
4 0.29434679920256934 0.1942013920538763 0.35941659327423625 0.36589530850836066
5 0.4786990429343052 0.5117301014215717 0.18009015634451409 0.20482265425418025
10 0.5388397219802428 0.33448992632078334 0.23877547853284753 0.2557196000424222
9 0.5384617815351389 0.08754220098660156 0.16682643692972227 0.1608787200296956
0 0.7548212125778467 0.8098436214724785 0.33398018218006964 0.3405074400593913