11 0.15157947146164677 0.6881075040313925 0.30315894292329354 0.4235498720559974
1 0.093987130650807 0.9063605475811504 0.07758940445914594 0.08030603023551446
20 0.6229476469944519 0.7644451805643582 0.08899679802252862 0.059666631126665946
17 0.587851745133196 0.8611339884892707 0.28996870818165765 0.2777320230214587
9 0.3231868556803127 0.2781528907277548 0.1675038462971587 0.21700751113939265
14 0.69897345951904 0.23915500901756986 0.4708030809619199 0.4631831485253296
2 0.32263093671910725 0.8243594173562414 0.24335578813517156 0.3512811652875172
19 0.4561086163239745 0.2781301085295719 0.18539046882531945 0.29014235380860465
3 0.6494272915662408 0.3937209352322974 0.5291504485464023 0.6826604018671474
18 0.47032502756838435 0.6630384276469049 0.4579538836760255 0.27771799830254174
12 0.10360596521902321 0.08188101601951425 0.15841306956195358 0.16274387736048362
13 0.0804580423225454 0.392987843570969 0.1609160846450908 0.4276423538086046
7 0.46961982324512447 0.4826725227561777 0.24978075075630463 0.2973862667090889
6 0.8235707238458726 0.8673612062910877 0.23015666560701079 0.26527758741782465
10 0.7448337186500925 0.8187900116167851 0.2414326552154506 0.36241997676642984
4 0.3329675031789677 0.8321348248992116 0.5427002242732011 0.33573035020157677
8 0.8233518385803631 0.7300238863780535 0.2662362772394083 0.25392716804581617