11 0.09970217086173233 0.7598583759813342 0.19940434172346466 0.48028324803733163
16 0.4759905665629566 0.8716032319117616 0.34066373051823934 0.2469028907277547
0 0.8182013859619917 0.8048480700721886 0.34592397483619663 0.2907256160619364
20 0.5306130259745823 0.10512129774030475 0.23877394805083546 0.2102425954806095
17 0.48030946834667015 0.48203201946745866 0.2829796899331605 0.3751483698281189
9 0.02663463798729116 0.17249243555060628 0.05326927597458232 0.13001512889878744
2 0.3361389082831259 0.7550471128262454 0.3847876517837136 0.3954740854020576
3 0.29522890503341975 0.18517424888606074 0.5376671899331604 0.3703484977721215
18 0.3043469862035776 0.43893800705497227 0.4858706850618965 0.5990846507532083
7 0.2021180588490235 0.3124250852960017 0.15358074188232518 0.15651811913854416
6 0.7612630081176748 0.14924558572036625 0.2618489837646504 0.2984911714407325
15 0.9338959387186397 0.20109205405267447 0.11571036931630943 0.36630449957563543
10 0.5849538782480586 0.24503963722685337 0.3138205868489054 0.34438320538933076
4 0.27446106859155145 0.7528796630596387 0.5094797345754293 0.4932225192021776