20 0.325149067910595 0.8729615012730937 0.023582950668363533 0.017030293337575605
19 0.06039151265118253 0.4844591164332732 0.12078302530236507 0.3644151004667869
2 0.5835359219446389 0.5346229705601868 0.13215906667727212 0.10620297602375643
18 0.18807106997931913 0.20017962396563796 0.33931922803945275 0.39271198228302756
3 0.5620983686346379 0.3124500568640011 0.5851782627307243 0.6249001137280022
1 0.11712693523236828 0.989715203532789 0.05795795066836358 0.01756361245490865
4 0.6124785346117297 0.5300078309993991 0.26429995202099904 0.21032261871417954
10 0.8792125959580019 0.3988033953957649 0.23746582670272573 0.3578029333757556
7 0.12627576324795847 0.836468994642486 0.18239651869827128 0.31320447114363503
0 0.19728079595004774 0.4874978106301835 0.3560351080521794 0.5179544000636335
9 0.7299233099936366 0.057481951941457235 0.16827838001272682 0.11496390388291447
12 0.7841011853119101 0.19822305230218837 0.11900563335454457 0.2101514666878778
16 0.5801371072565489 0.745063879004914 0.3204965027052708 0.3840877476129672
15 0.363884303906777 0.9098554568215789 0.49522268801718106 0.17641040186714746
8 0.02229624057132257 0.9359856186611518 0.03375792934436313 0.10884241067260565
5 0.3827392273233641 0.09196531015279108 0.06128294533736352 0.040528762677696464
6 0.44428251794241175 0.5586554888075795 0.3106851507001803 0.3339422969446034