17 0.4758265829872233 0.7497003630904521 0.18345492337435143 0.25180769155691535
14 0.6144194827516676 0.6527731818121904 0.3504263928372218 0.39506386146889433
19 0.3870551918469452 0.5285502916628222 0.42714330066018436 0.6131851168795791
11 0.1730351907156495 0.9240076082246803 0.28980337672018497 0.15198478355063946
2 0.577998569415602 0.07500419101200219 0.10650286116879606 0.1252076439384952
18 0.4736145743165743 0.16333821374017363 0.25277085136685146 0.30958500973813424
3 0.7395225383128242 0.1413588511836502 0.3209549233743516 0.2550077867937551
1 0.49034699571115825 0.6238041552981871 0.031191211404351903 0.023607596320075194
4 0.5958012240810187 0.06602920291660717 0.07089755183796279 0.10565762012928527
7 0.4923872408101859 0.533088243501686 0.09783049019805538 0.18325005952302503
0 0.5853832595191208 0.29634663040574183 0.288141006315092 0.420656241339609
13 0.16742903114926047 0.8428667023804816 0.25984105758740694 0.3142665952390369
15 0.6205798827989358 0.4515678739118217 0.32386389283722183 0.3944456612526865
8 0.32825851588069554 0.7806934442606099 0.22753711404351823 0.23411226839632823
6 0.6718470227614354 0.1710815330024312 0.17708734618305505 0.29742283657864577