16 0.6658449941940123 0.4107051165576104 0.006613712852981379 0.017249390099529194
0 0.7483656406705154 0.25243699989750057 0.14630801332783516 0.2735279439060749
20 0.48066732680131957 0.107442544759527 0.07047763605166182 0.08557662442815511
17 0.5822345238191835 0.33193217645152434 0.17834762351524952 0.24117057526193678
9 0.11775185735092755 0.8460075679980946 0.18808633636823102 0.25871132707789735
14 0.4295628502247915 0.5467145569342636 0.7308962428073571 0.9065708861314727
19 0.17456207930860204 0.5622952703117013 0.3491241586172041 0.7579238739567361
3 0.5957106874509523 0.5753470134167787 0.3576165525199178 0.667466455474109
18 0.620977460412206 0.6371985880064448 0.06964256175762493 0.118764276903273
6 0.6939713088546309 0.12628631523929612 0.18393238229073816 0.1398156462196817
10 0.6346524816575999 0.26166680434353284 0.21513222116625172 0.3547922208093477
4 0.6465063093168493 0.5435504675463461 0.07879024122451135 0.10922169538589994
8 0.4660281652811216 0.09668357660647836 0.17419366943775677 0.12227489440372112