16 0.11365953084584628 0.3282515705193185 0.19704218993316053 0.3723241522223906
15 0.2492873392878327 0.4105243619600297 0.37377187986632104 0.7444907382207346
7 0.7802416899397511 0.9063549172621783 0.059865923701106105 0.03796057819336719
5 0.4892071814150391 0.5221934146562951 0.28890240746575646 0.34803926046998723
3 0.6342214468363147 0.36871294405588534 0.7315571063273707 0.7374258881117707
14 0.25345704748823306 0.8677372455146731 0.40497169236879255 0.2635316297112823
10 0.18523888149776468 0.8276455465806773 0.11189207386326187 0.0737772206595371
18 0.6567707824706993 0.6115094029488302 0.6803491623337251 0.771866352060208
2 0.4802065081209701 0.7920275029986666 0.27557629301741565 0.4041801761610318
6 0.9163868847408804 0.11745777999510196 0.09847623051823931 0.23491555999020391
20 0.09706672565356605 0.8199970202980086 0.13693080438150135 0.3156135740290234
8 0.14892664935137687 0.5738303737984225 0.29785329870275373 0.5856725857364883