14 0.8026894342577082 0.9090312388317275 0.2503114659077429 0.18193752233654503
19 0.6385372053610266 0.7835902073518513 0.36575700811437956 0.43281958529629755
6 0.11812488839432826 0.300675241156296 0.20867734496658025 0.20947604913629575
10 0.5616901075517772 0.6653950371983318 0.14524213636243816 0.24991972579345637
8 0.6179343790621327 0.7919306216784552 0.3071069366867496 0.33952666817506105
7 0.46890831818451434 0.580500620924258 0.15029210064862308 0.15898213132283914
17 0.9209502849063312 0.8356239565201827 0.13347852191409756 0.3047115814013575
4 0.05911412703024253 0.20615792126932084 0.04254205600635441 0.03200457065666657
16 0.23081184902706528 0.2397490733273451 0.4084433400953163 0.4532751566451842
13 0.2411554651002592 0.5852306197929624 0.09645798863591429 0.09861835098975291
5 0.49001175081407417 0.5224534388947518 0.19790348620028234 0.2207001727932095
18 0.6258225657488824 0.4882196251343194 0.5831899699649327 0.5735069100855541
15 0.3325559866106147 0.7129346568647219 0.2821729407439394 0.5741306862705561
3 0.4762105292242885 0.7399275625516654 0.2430171631477993 0.3299703448322215
0 0.20936967695081227 0.5627441247882092 0.16416368587597072 0.14603921043061685