16 0.4311117813122907 0.8411766878060158 0.23090764342930997 0.13514072993598963
19 0.7018781708840894 0.3900907576658934 0.26570175046142525 0.24300362717291435
4 0.6706014851974886 0.6171121963985241 0.0975339389258032 0.14867358103903286
17 0.22693422347729647 0.7705538518116732 0.2752350416389818 0.3765067391627663
12 0.10619423349944572 0.756578922940087 0.21238846699889144 0.33798806722365576
15 0.34100242520302604 0.483278435486928 0.38128238741233034 0.5401881001764283
7 0.4372044016057579 0.35586790519516476 0.15524630937615386 0.14973115285128955
0 0.378378005094129 0.8627864782759576 0.3716303778516063 0.27442704344808483
3 0.17512111351052037 0.3825940500882142 0.35024222702104074 0.5151881001764284
14 0.6591807287190837 0.44730107979528416 0.3834060919158372 0.5195245454996135
10 0.7466843214101131 0.6964415521397426 0.19196386181247735 0.23276382874473261
18 0.2875839358434842 0.2746320843590976 0.24134210055371047 0.28739384192584155
2 0.48784834438907243 0.5570528109998101 0.17583821406423078 0.221498268795474
1 0.6966285549095589 0.9659556489217442 0.16125647748246602 0.0680887021565115
6 0.04145346391195985 0.35692556983509033 0.0829069278239197 0.13209180370062548
9 0.04233199259874436 0.6988893491506641 0.08466398519748872 0.23944536496799504
13 0.7852042057401245 0.5794742280331856 0.14701230721668548 0.20538692755347535
20 0.7087034600590612 0.6881117635973925 0.2838509731635295 0.23152229911202463
11 0.13277127390642254 0.6179063774900484 0.2655425478128451 0.1895160751323213
8 0.6044770350129186 0.7054257345989526 0.19378717766703613 0.2058502740679174