14 0.9062048735357158 0.6458333333333334 0.18759025292856854 0.275
19 0.7604718567669828 0.675 0.3674447569572633 0.5708333333333333
6 0.11287000349722216 0.5489583333333333 0.1974718606841345 0.17291666666666666
10 0.6127426695048334 0.5447916666666667 0.15569553756616053 0.2375
8 0.7078124303792483 0.6135416666666667 0.31248404844057553 0.30625
7 0.503926085018153 0.5375 0.15939885771838505 0.15416666666666667
17 0.9520174392393159 0.43020833333333336 0.09596512152136824 0.28958333333333336
4 0.029565413573334327 0.5072916666666667 0.02908000494291587 0.03125
16 0.1923253987445867 0.41354166666666664 0.37102606030357366 0.38125
13 0.3192393617098987 0.70625 0.10299234882113639 0.09791666666666667
5 0.4987637411399325 0.4708333333333333 0.19798119665368966 0.18958333333333333
18 0.5964107208739773 0.34270833333333334 0.5903437460828483 0.5020833333333333
15 0.44447678364900894 0.7395833333333334 0.2909167490485979 0.5208333333333334
3 0.572063272774594 0.6708333333333333 0.24666804745199222 0.3
0 0.2849916957022875 0.7104166666666667 0.1715168557412186 0.14166666666666666