17 0.3899927467607975 0.08231444886484958 0.248735493521595 0.16462889772969916
3 0.20786706893687779 0.37205462396563793 0.36721988741233036 0.5261422827286032
13 0.44765356877999435 0.8551554710375792 0.12283432757475121 0.15179389157648396
16 0.25657108651716626 0.6371220630702443 0.060455441085271476 0.08837270401018125
20 0.6265307379660406 0.78670630389352 0.2081872439830203 0.4008499218119984
18 0.393210690928388 0.5682857572671546 0.34218270974529413 0.3300665316146639
19 0.5111746506736821 0.8916979208041856 0.20815006631598418 0.20516203914702846
8 0.36680317550756786 0.2465804497135787 0.2041610780361765 0.38205143825587723
9 0.7064733520948698 0.4654358887651572 0.18551360271317865 0.22146507914278643
1 0.35709032309893096 0.7439766479418815 0.09885660703211538 0.10770450668363551
2 0.6115148982096719 0.23027449055806562 0.28461004163898185 0.3666453440483614
15 0.3231449221114818 0.818516783948669 0.2543823210963462 0.3224589920432706
12 0.5881601364894797 0.058706161733517184 0.1981952729789594 0.11741232346703437
14 0.17553543028792984 0.36630158041588007 0.3420592011074208 0.5548968391682398
5 0.8371330667774094 0.4185836709633401 0.2386176187523077 0.28682414937405876
10 0.34089482417866507 0.7160819448334571 0.13457286397194573 0.16863025068957474
4 0.7673140291435973 0.9179548443136424 0.15837130937615385 0.14401811913854418
0 0.4095006176725735 0.3053372843730336 0.39460440777039596 0.47868620984508786
6 0.5793799259689931 0.4726199270104289 0.1803044710040611 0.27551053691915023
7 0.1835841694905882 0.6476364266390922 0.19801360271317875 0.22165901336727103