13 0.5027568188589189 0.14720059806186953 0.32573636228216235 0.2297188950759919
4 0.2573501195208726 0.19433889127600315 0.25717476095825476 0.3624552280731898
11 0.5009844954518861 0.35500214773229094 0.3382878279551468 0.5444479092675409
7 0.948610588713023 0.9794632256177427 0.032709800247668855 0.04107354876451457
16 0.12043662448327135 0.4499776140365949 0.2408732489665427 0.6457885614065232
1 0.45044491646328194 0.9664400363192109 0.22075345574818694 0.06711992736157815
18 0.47386326158193653 0.6223772592478704 0.6800130632728385 0.7552454815042592
0 0.93505343445085 0.3369495716955839 0.12931093424145318 0.4917390217915267
6 0.17649284067523907 0.8155412092413137 0.35298568135047814 0.36891758151737264
10 0.8631633560814185 0.6448096848918403 0.25082206120592365 0.4926854620656803
8 0.78179342390688 0.8201763135586191 0.3209504706353831 0.35964737288276183