4 0.0635889033193479 0.09067275376618236 0.1271778066386958 0.15198782580096862
11 0.30855693858741934 0.09233755153300104 0.14010662697434614 0.18467510306600207
7 0.914321686512827 0.08508502392321565 0.15260662697434596 0.1701700478464313
12 0.5013952954173191 0.9840540185657017 0.1820787941911412 0.01739537958836195
16 0.08319100829836976 0.30910761065139464 0.1663820165967395 0.540118112030544
19 0.8417969977016929 0.8590867322830983 0.22997461037760658 0.22836960715042237
1 0.4549528062144885 0.5101933821345495 0.2458615647365729 0.3430983911521193
18 0.3239199842284531 0.21102198132824268 0.5834100315430939 0.42204396265648536
20 0.7154857192820987 0.6643450087524305 0.5164593298834198 0.43471949342242006
6 0.2522636688671802 0.6704910292807297 0.41506554109086347 0.6558665102906635
2 0.4376297159581064 0.911150202578004 0.21079763527271583 0.16562718936981657
8 0.7615607715711169 0.30068724172503275 0.42687845685776615 0.6013744834500655