16 0.13628741273679473 0.34468042790111125 0.24610869395056173 0.4096119922787089
15 0.27785290152690706 0.43233746539679463 0.39814865244499104 0.7573460816078984
7 0.8514486088133884 0.9536048830939126 0.06517846091032524 0.0476313123789789
5 0.5290803038027201 0.5568981000795502 0.3142529160707746 0.3785618020383938
3 0.64296875 0.39722066776541376 0.7140625 0.7589273272631691
14 0.32388171820650485 0.8772317546179129 0.4121804909161442 0.2455364907641742
10 0.2519270988114487 0.8478853826841368 0.11552914727484324 0.08188932947268768
18 0.6631534463664577 0.6097517973521849 0.6736931072670845 0.7804964052956304
2 0.543126183658758 0.8047147074706158 0.30806656001163796 0.39057058505876846
6 0.9134563353063513 0.17398736282852972 0.12691267061270253 0.242403028948829
20 0.16326321153854506 0.835042818582729 0.16820709243335302 0.3299143628345419
8 0.1827791307741217 0.5955794174239342 0.32856999183422814 0.5869921681812016