16 0.8039834485094767 0.46576627869849685 0.3871148180303493 0.3050043687175838
19 0.1532748573197636 0.09359849401533969 0.22842471463952715 0.18719698803067938
4 0.24392128205070396 0.15960996032047775 0.16323636228216232 0.20121204787728236
17 0.8855843972283504 0.6556882909296731 0.22883120554329928 0.47272412802189384
12 0.9051308413946009 0.9005163190326582 0.1814769400324213 0.18677416028922286
15 0.5037116207592177 0.4826828041955988 0.7156594648444148 0.7220239182842547
7 0.12381860545773678 0.36788944600712953 0.23410113399378404 0.35172110798574097
5 0.3487715636871231 0.5213948520728812 0.09299232878371626 0.11319086729005091
3 0.35733754259467393 0.699501671354722 0.6864385376322752 0.6009966572905562
14 0.3464084272121397 0.12031215274610192 0.42406685442427944 0.24062430549220384
18 0.17626301695411078 0.5717046187893843 0.3302570041338292 0.5107574290878981
2 0.5276285020669146 0.2501426677140893 0.17464474317557438 0.17005901170746493
20 0.6085766333746114 0.017160133757371607 0.014426373035529317 0.01052575097562208
11 0.73383157609312 0.7841048769280171 0.25532547063538313 0.4226998870643482
8 0.6933198145156927 0.11652986886118478 0.29863020678164426 0.23142107571841183