1 0.060084619350726474 0.16719460297804048 0.1182420173456358 0.12811079404391906
16 0.18346067405313393 0.5107647433151725 0.3272192173774525 0.45341912489454994
0 0.30493787408495066 0.8158902497951123 0.2544533320337258 0.3468722823253908
20 0.84460507001909 0.4820257992885199 0.3107898599618199 0.33825359470436983
17 0.5060260173854066 0.4803108014920264 0.2559794693666348 0.34280264846819863
2 0.2855760626989076 0.29910372815178643 0.2682442067154523 0.4955652114678531
3 0.740625 0.3277652806742639 0.51875 0.6555305613485278
18 0.4737754966979531 0.30030530438450437 0.4975509933959062 0.6006106087690087
7 0.5948676046705907 0.021852023437056705 0.11473520934118149 0.04370404687411341
6 0.8449328813653623 0.7362409823599239 0.3101342372692756 0.3383506275138444
5 0.15750834341181458 0.7614696672190463 0.19582267202418074 0.2495320683748351
10 0.6711612160645879 0.593039023163873 0.27184082670272575 0.37085630989627655
4 0.2053527607017711 0.33222591783972194 0.3332703173933608 0.6099602233229735