17 0.42153021832815735 0.7546406512240847 0.17151153855474383 0.25393844499482016
14 0.5734428868072265 0.7525945004097756 0.327021392318796 0.39251729418051085
19 0.4082675088600675 0.4970807082961793 0.3785095909496521 0.5974145789886041
11 0.11385561707274408 0.7826655919484836 0.22771123414548816 0.3111645172303007
2 0.7183905612549758 0.18446100771527874 0.10471135771838505 0.1603767664730332
18 0.6005663912930318 0.19801688033802634 0.2238035504177418 0.3320434948980033
3 0.8420734589737983 0.31216084835411523 0.3119057282883514 0.4082136327524329
1 0.4717477356283629 0.648176635508319 0.030387836958138337 0.02476029004668163
4 0.7353870602663927 0.19177836861949796 0.06794618676785795 0.1310616785217869
7 0.5008569154761385 0.5664928599360517 0.09147652866891214 0.18658680452109616
0 0.6544832756659815 0.40591931016946037 0.29956223718559977 0.46359033746716255
13 0.11917712844145059 0.6717894554719971 0.23835425688290118 0.3753597193257361
15 0.6384842494685273 0.570865080503139 0.3020850593149905 0.39304810256225264
8 0.2809980602292116 0.6916439988952408 0.23270370653952135 0.2660560578976581
5 0.7423665721293907 0.1170694670479214 0.05564250494291585 0.03464614833160669
6 0.7674899530422992 0.34510030630881483 0.16353721247102032 0.2991895814713066