17 0.6349372896543011 0.01808112984325264 0.08325042069139794 0.03616225968650528
14 0.523863397334433 0.0316880131831428 0.17727320533113405 0.0633760263662856
20 0.5548142174718349 0.1925650789963573 0.017823997492717503 0.030769156107038793
19 0.6496433326738142 0.27931713001132036 0.2820422395086517 0.5586342600226407
2 0.509397451241006 0.6302907387353172 0.055960494985435004 0.06343216337088103
18 0.5618344779631832 0.7283169086977695 0.18762699828414037 0.45202428450325033
3 0.37422682937510904 0.6792776258751961 0.18647367524374445 0.47062860364503484
4 0.48408756268206155 0.6825487920376597 0.07800063103709683 0.14449268119435105
0 0.4733499541439999 0.4600472672864829 0.2137061134861197 0.36089653995113197
9 0.44801836738005746 0.906295742535306 0.08343227711788863 0.1075754046272138
12 0.45340220084529453 0.8382232070564335 0.05136392319868044 0.06716178746290069
13 0.8528090997625732 0.08778567917753867 0.2537568004748536 0.17557135835507734
15 0.5025303034443546 0.15897656150902265 0.14944973370266404 0.2031316531473885
8 0.7141701485880743 0.0362193672995965 0.12790970282385156 0.072438734599193
5 0.48932298047046563 0.7641848948423561 0.08071645407749273 0.1260340429107823
6 0.4371109257724699 0.5486689128338937 0.11531407759274241 0.35380197921687967