4 0.05870233900698226 0.15390073689793896 0.10911673610255283 0.1619681404625446
11 0.29081609937994446 0.13148321605133095 0.16004061867597635 0.206469635582423
7 0.8889450234452168 0.08039963393799263 0.16226504689043358 0.13573326936133204
12 0.6525226099766213 0.9830938347124828 0.1836179834032606 0.03381233057503437
16 0.10701255228901826 0.3721666311266659 0.20313238092303837 0.5526665955866652
19 0.9246377601724696 0.8369526561637499 0.15072447965506086 0.24462416359005915
1 0.5146968429556745 0.5273187387544808 0.2808052497995073 0.38110746849139177
18 0.3264827574731772 0.23715214316781558 0.5967155149463543 0.4734315823254498
20 0.7694748182610579 0.6471739290260543 0.46105036347788425 0.4575149511987838
6 0.34472973030298276 0.6777984657861208 0.4648287427505375 0.6444030684277583
2 0.577036435286649 0.9188976400381801 0.21584033278320494 0.16220471992363983
8 0.76484375 0.31913377524926634 0.4703125 0.6218316249734507