19 0.1732192286321217 0.5704569039835796 0.3464384572642434 0.45684529247546074
6 0.8641839740544663 0.5254799575963397 0.24926093393541643 0.21230746135522718
10 0.3460887384824366 0.5045039565489172 0.16895836424263583 0.30749840931360084
2 0.6836631164352525 0.7674563909795097 0.23865579454985522 0.40385292323416544
8 0.3135738827621393 0.2548069685182378 0.34710321161023067 0.36928469008159653
7 0.47358625590563175 0.527468410622879 0.20013395317271013 0.24525293936783019
17 0.10865322586856488 0.47406066289510623 0.09469743030721936 0.09654844158092998
20 0.40639135453917097 0.14276218098001486 0.31846729092165804 0.2855243619600297
11 0.12265870608311702 0.23754172716790872 0.11585321161023066 0.3674908592232187
4 0.9177553742398008 0.8062572589241996 0.08677580290255768 0.09232117252039913
16 0.5609572480162655 0.919419214032911 0.24929565027015244 0.15398624850066653
13 0.7947445264088698 0.16463370844103406 0.2859276094333124 0.30007411188822924
5 0.4309671915703287 0.6933903623528133 0.1680109339354164 0.21167719645904035
18 0.3351338471979588 0.8034865308397963 0.31165678493120835 0.38775591906982165
15 0.5367360750502582 0.3530555593355648 0.42190480416850207 0.4219376859172525
3 0.5000347163347361 0.05675161085347984 0.19055556733052798 0.11350322170695969
9 0.05316715081830664 0.32558714871268585 0.10633430163661328 0.18208631303532483
0 0.894672604539171 0.1367807247056264 0.20858137023308565 0.2099089955738004