11 0.6544562393031008 0.8145500821505103 0.26720378972694403 0.37089983569897955
16 0.411799139067545 0.8994067647433669 0.18867010367592557 0.20118647051326613
2 0.8092177580585183 0.17891426565021143 0.1164834539114814 0.11682715775603926
15 0.3243681981155544 0.8211132207078689 0.25312216588148095 0.3512917049699117
1 0.7597160440622683 0.1470883850088896 0.015156108294074145 0.01775872980672884
3 0.33524903510879545 0.5960320031313163 0.2713827332708327 0.487436413729953
0 0.42363015551388844 0.3438058100151161 0.19277113477870333 0.28442345240966277
7 0.4074562257779622 0.582984999529419 0.04548744872768502 0.10095017538906172
10 0.5951981079647674 0.8541488260354221 0.21757564514629593 0.2917023479291558
6 0.4122620114988883 0.4548497258283665 0.10374829952888867 0.20703774023595636
8 0.5189146782753239 0.19678795023224918 0.16802541300675883 0.2389746875251216
20 0.780969512630184 0.8528887048757954 0.253668970028518 0.2942225902484092
5 0.8107111990105089 0.2609025814446386 0.09488185598499976 0.11929505953816472
17 0.2590261621118044 0.8440205857053497 0.11556479434509229 0.19759179636045612
19 0.5385114446751845 0.5309809397089055 0.3749752079174991 0.6447168346637009
18 0.605740735014259 0.21700333608818476 0.1403105161170366 0.2430405612449972