11 0.6159031189523139 0.6742163474422238 0.21648736291418338 0.36360453697980666
16 0.38183268486438643 0.8707501939182339 0.15415542093374784 0.1826524016235285
2 0.7263959000282348 0.0026800941244077723 0.10345819994353037 0.005360188248815545
15 0.29067633482203414 0.8215788545289968 0.20934272084904332 0.3068443539492686
3 0.28726915571342976 0.5969827064488549 0.21598610495108828 0.4589276872826019
0 0.3582851239316371 0.30623041856712807 0.13951606826055976 0.23911506384488856
7 0.35774825568519486 0.5499166886676288 0.03699874203690499 0.09940461454710033
10 0.5596307321488458 0.7342501189600791 0.15715859456891898 0.2514024016235282
6 0.35406108453968543 0.4207287213953717 0.06434946828879458 0.19153886303312434
8 0.44285608695875983 0.1145640957350051 0.1417310156438413 0.21862185253191402
20 0.7488752426721896 0.7095060700617073 0.21600151550266683 0.4236810816261146
5 0.7347019527155405 0.04632384897236362 0.08570925782192056 0.09264769794472724
17 0.2282904559110738 0.8791678700875696 0.096888952503779 0.18886014424689132
19 0.4832557608762795 0.43569529371206006 0.2874354416980866 0.5994035830434693
18 0.5301208685287909 0.10246708806850394 0.10156104195220053 0.20493417613700787