19 0.20383850786268098 0.5243021189202317 0.3806420373200453 0.4861042378404633
6 0.885733648209672 0.6208802230206955 0.22853270358065608 0.23697357624009285
10 0.3834363702934672 0.4955519730228245 0.2195462461424887 0.34797038247129647
2 0.7153429140919174 0.798989545971528 0.29668853947951346 0.4020209080569439
8 0.35476425046142535 0.23983449341296337 0.3856509099298643 0.42801335511500044
7 0.5098079056109276 0.5441986043546302 0.2238542119047624 0.2752961664125003
17 0.14565696560539024 0.41744512145337975 0.11195738433001132 0.12204732826703714
20 0.4528024298265045 0.153427263042732 0.32747985965300896 0.2889131811030559
11 0.16428015036914026 0.18815810042995387 0.16606030073828051 0.37127322821620384
4 0.9502674290513122 0.9115060939678713 0.09220608883351815 0.10063211347481485
16 0.5874262700442985 0.9314976762909261 0.25564682757475127 0.13700464741814783
13 0.837326426587302 0.24960960764601942 0.3163211165928395 0.3488934366755559
5 0.46429275138427595 0.7008832735544449 0.180926232262828 0.22611875658490752
18 0.3672360811184954 0.7874779323071529 0.34688879857881216 0.42504413538569424
15 0.5762165507382806 0.38400188512939876 0.4398773349760067 0.45257868591518563
3 0.5462730251384276 0.08560031724699137 0.20192105027685514 0.14356126519675946
9 0.09195336983204183 0.25768132953361117 0.13461243676633483 0.2038792097259261
0 0.9116279148671097 0.24280458408944544 0.17674417026578054 0.24729152076925948