16 0.7177728346894235 0.48126018543425825 0.0037800972410380494 0.01688503241367935
0 0.8277442989592032 0.36532679330364065 0.11879202283992144 0.2472261344787769
20 0.5929554618949305 0.12038320141530844 0.07013543758467104 0.07969486356077242
17 0.650397226932936 0.372671612390585 0.17553998982323477 0.22418256746517795
9 0.10235695386587185 0.6615999608018105 0.1611499412027157 0.21486658827028768
14 0.4442335153766896 0.5525067767222892 0.6776446381711825 0.8949864465554216
19 0.17226226085413382 0.39847287878738674 0.3399388410210016 0.6802790909081068
3 0.6190254754625979 0.605249524346087 0.3144541621427578 0.6265580144721786
18 0.6318840015818796 0.6747092130238781 0.05869997060135788 0.10590473390605505
6 0.8087785357302202 0.18013292175234313 0.16822545680654777 0.19666250263781926
10 0.7156194352098219 0.3273664759513574 0.19838434757972223 0.3296594286139206
4 0.6748250961093842 0.5977217744589818 0.0723530348257091 0.09647071310094546
8 0.584818735300679 0.09176687848452994 0.16963747060135786 0.11365671792500492