17 0.42918504631821863 0.11423651590398284 0.2552450926364372 0.1863284426345201
3 0.2102401326864496 0.3402354402224903 0.38392298825501053 0.5780688572278413
13 0.39185046318218586 0.8698447067680142 0.13015416442319178 0.17342714608734652
16 0.22860500244077547 0.6098589032105409 0.069324313011266 0.10261153022743912
20 0.5784184489964209 0.8170369576353449 0.21493364436493217 0.36592608472931026
18 0.3722042382550105 0.5772499856765437 0.35974603919208253 0.39956614653892564
19 0.45059497736795084 0.8977587607412391 0.22058058762187222 0.2044824785175218
8 0.38393003378180623 0.2566851801586198 0.21805864436493208 0.41254717171651567
9 0.6954227779093115 0.5540720985957751 0.1975068004748536 0.2571794934412793
1 0.31568511678482497 0.7397131117132164 0.10576191818411544 0.12803940298475142
2 0.6290750492212125 0.3018972998623613 0.294348359725196 0.4053971325183261
15 0.27338996819675077 0.8033226579217058 0.28300168276559184 0.38588285240378184
12 0.6259691181049731 0.1238268912991145 0.2049723079967009 0.17033459068231732
14 0.1779360980467135 0.32549719131561045 0.3545992011079919 0.5926610492978875
5 0.8308601727364622 0.5406543419241596 0.2473082236735343 0.3230641625199757
10 0.30250315518548476 0.7075896487251658 0.13984741316955063 0.1886655766617179
4 0.7009503300335178 0.9593955955063768 0.16986988229073816 0.08120880898724654
0 0.41895590314042075 0.32465761193900605 0.43534909593514237 0.5754218920535503
6 0.5685192971096414 0.529603285841762 0.20668322367353403 0.32022540780881104
7 0.1543407883341528 0.6025893833856568 0.2019215158351176 0.24500704206179832