11 0.09935718890958276 0.7479166666666667 0.1943873668972675 0.5041666666666667
16 0.47411681527481997 0.8764815615495373 0.34799311416679296 0.24703687690092552
0 0.821026614068597 0.8526245631952318 0.3579467718628059 0.2947508736095363
20 0.5489283793902994 0.12952003267250062 0.2416067587805987 0.23246747872240767
17 0.4888504392041703 0.5036463395369913 0.2577408188890573 0.349619046604815
9 0.03420280405833438 0.14062587094717596 0.06773292154477707 0.12708507522768525
2 0.3392100292686624 0.7604253761384263 0.3577226381708981 0.34855574771888936
3 0.31005677693097133 0.16585104407166704 0.5169885538619426 0.328501740119445
18 0.31438170432948087 0.4409480243148151 0.46498166802873564 0.5831030759859265
7 0.21535333098930573 0.3024764799889817 0.15064541549465285 0.15257171833777802
6 0.7788295028286704 0.1856064138772231 0.24828400565734068 0.3305781058753707
15 0.9557647075509348 0.27650246428176034 0.08438513212077367 0.36298664311009265
10 0.5987925448849521 0.27896413816875065 0.29826582493918147 0.3279631230990744
4 0.2751702551663614 0.755620499366713 0.4927612343837101 0.488759001266574