1 0.2311319394358339 0.9210776026285354 0.1864129419114117 0.15784479474292917
15 0.71328125 0.4588828511468872 0.5734375 0.8249123907358327
3 0.13422012802325328 0.8179417804084683 0.14112559793005194 0.2700249418245297
16 0.9430155408787598 0.9452255784049199 0.1139689182424803 0.10954884319016003
17 0.3962508058135032 0.27812328082728155 0.4018766116270064 0.513731309109718
6 0.7744098493799445 0.21058328933140913 0.373819698759889 0.29328069900792414
7 0.42814864939387764 0.8929629090967869 0.3011159045687478 0.21407418180642612
13 0.5474795738601352 0.12480623154242439 0.2543341477202706 0.15811963960834208
19 0.6789397095570584 0.7512745979899862 0.49328378424238617 0.4974508040200277
4 0.5576594732540129 0.9714275153653301 0.07334425684847723 0.05714496926933966
5 0.5178926979346963 0.5605207628528127 0.29143417386477977 0.34642734344805814
10 0.4028391508437702 0.7694405505089691 0.4338603174358653 0.4611188989820619
0 0.3453367334032605 0.07899505840104067 0.038565592531467185 0.022831464244305148