11 0.6883557273041453 0.7655348612974648 0.24257940271722322 0.3891849148191108
16 0.4841642790255765 0.9299869772344397 0.16217759618646851 0.14002604553112075
2 0.6850024825768048 0.07178043192910842 0.10437996515360978 0.05512273631808483
15 0.38506209091380883 0.8702475546505933 0.22913197241000383 0.2595048906988133
1 0.6336483137023309 0.04635698854015251 0.014171627404661713 0.0051493125282236814
3 0.3454216936388813 0.6833450701029972 0.2465427056197808 0.48096076435928364
0 0.37059527531256153 0.39397124377996356 0.16932046279135698 0.2717716855113256
7 0.4081473829317753 0.6367799012500903 0.0353769940095503 0.1002095070102996
10 0.641555138374071 0.8246501922187686 0.18839784500534212 0.28558187999340184
6 0.3845064970895931 0.5082771905611746 0.07376986061443871 0.19647071310094547
8 0.4240873191446265 0.2032739348697845 0.1542212524470706 0.2312057063164352
20 0.8289633691367773 0.7926315388953327 0.2329514315731637 0.41473692220933456
5 0.7052529843909034 0.13038229307785112 0.08877481252120453 0.11433839137618179
17 0.33044900198373456 0.9328567375240997 0.10710815027015244 0.1342865249518006
19 0.5167287200477512 0.5247948100391266 0.31722228256895557 0.6189889612533895
18 0.5085615228654907 0.18318273480921313 0.11688494355406327 0.23483531735228316