17 0.5986732792209931 0.035230111474386434 0.09327844155801372 0.07046022294877287
14 0.48988861444834086 0.05159531601914198 0.1827227711033183 0.10319063203828396
20 0.5367345665596612 0.2249359897235434 0.019159103084255235 0.03168637662320547
19 0.6395907853100732 0.30272606926994655 0.31205135551659174 0.5695911201270883
2 0.529458260149565 0.6614306877754771 0.05706820616851012 0.06380912986961627
18 0.5899360641273246 0.7547859480574259 0.22631267856907478 0.4634607586559973
3 0.39748551136738103 0.7196936574712486 0.25495587580913126 0.5036986569241387
4 0.5084366481368562 0.7160700957839498 0.07836255357072233 0.13928187121142224
0 0.47851514326559225 0.49600042154122587 0.23446036931630948 0.3699289469676
9 0.4914831530081202 0.9372307115846871 0.0872739034085667 0.10408339285635813
12 0.49154738271558074 0.872665560610654 0.05717730032431163 0.07214246320294962
13 0.819811893669334 0.0898255167780658 0.25412621266133184 0.1796510335561316
15 0.4816612828744412 0.19601860390052614 0.17482054220663662 0.22900011904604986
8 0.6781425909093904 0.05122403084694471 0.13746481818121908 0.10244806169388943
5 0.5206678668872681 0.7959693290091792 0.0955500535707225 0.13968188311602722
6 0.44998499432125244 0.5872618041167339 0.14375354869945856 0.36156979328877364