16 0.3325685360089238 0.7954687775070739 0.26375738836446344 0.36954464939091997
19 0.9502202455141948 0.47256807835609366 0.0696360207602467 0.13685725478036198
4 0.7897390488605049 0.6753685122431373 0.22969540615896059 0.4788405038021418
17 0.07132987745286741 0.6453412769902791 0.14265975490573482 0.32598411268610855
12 0.007090963916714131 0.4904651120708748 0.014181927833428263 0.07323644252491708
15 0.31338609038099835 0.45425539276485677 0.4829238824329643 0.35086900472499244
7 0.7573217741831068 0.3082733487633787 0.2008462114824372 0.29975457947582196
5 0.49484699600848625 0.5083600966531298 0.10860567885919252 0.0861617458348718
0 0.02722043870784318 0.8834280649809276 0.05444087741568636 0.2302067365817647
3 0.3237518819014917 0.21478518918420061 0.4399962361970166 0.42957037836840123
14 0.781350887301518 0.6438778819736652 0.4086480771094877 0.521143528682172
18 0.5473949703425047 0.169943952294819 0.2958350593149905 0.339887904589638
2 0.5705380627006695 0.6068263736434089 0.2884390533834914 0.3612640797834388
9 0.020878891293031856 0.40925548324104827 0.04175778258606371 0.1856557001845701
13 0.9244430182144268 0.8571029662852188 0.09470500494291585 0.03926036397194584
20 0.5531091876820791 0.8711690767072701 0.12352502471457924 0.1663964610311311
11 0.09687435275687858 0.43702193296419306 0.19374870551375717 0.3461219370739517
8 0.4411185236516341 0.8641148468069382 0.355857363649884 0.22157202549526384