17 0.7071628554909559 0.17225445680337448 0.10112001387966067 0.13120705495427554
14 0.5985085487356957 0.12901515558572815 0.18423290252860855 0.14647028849378269
20 0.5886457880952376 0.3342234889190615 0.020251943244739935 0.03329073212215263
19 0.661744524215577 0.4636449032664535 0.3121714420081222 0.57695449819616
2 0.461007637264672 0.7349892792166842 0.05925388648947969 0.06862219636645767
18 0.4910572802325566 0.810798358394575 0.22198892812846155 0.3784032832108499
3 0.3237078963639706 0.7158572436542321 0.2739309623661878 0.5251264282953675
4 0.4261424814968609 0.7741263313362505 0.09294656847545255 0.15518668889319923
0 0.4603439080841629 0.552718913155608 0.24065978253968331 0.3826520577889847
9 0.34889196175710413 0.9571101817259688 0.09144462523071262 0.0857796365480624
12 0.36703998689553174 0.9090542874952413 0.05789164558877822 0.07261880202294506
13 0.8826554063861198 0.31177320065084924 0.2282808960502037 0.3191316917279084
15 0.5458865916112952 0.2761667196238594 0.17613860271317883 0.23677646707901434
8 0.7780167735972681 0.21766229377671564 0.14248549352159506 0.18337524687542672
5 0.41520617906053736 0.8546110567904432 0.09370803207825791 0.1386900832367118
6 0.40835180907161206 0.6214053551733805 0.16742254163898185 0.37882585697722054