16 0.43263236256124743 0.8385188844684838 0.2752253260824803 0.32296223106303235
19 0.9727079998588255 0.48162384373005257 0.05458400028234891 0.14278178845745396
4 0.8651424837208743 0.6994155637067203 0.2613741996611815 0.4787332338213313
17 0.12720984421598308 0.7316870817950296 0.19379331555913662 0.32570447114363504
12 0.042623470637281814 0.5825583262253332 0.037742194681858424 0.07761665245066637
15 0.3498220496329467 0.5196619858370276 0.5303216207361039 0.4516770614258139
7 0.7665405708208084 0.33667241613617555 0.22266176820408995 0.30741506492678616
5 0.5411673864505323 0.5569823618713896 0.11347023677523324 0.09544692446424155
0 0.13580984144397285 0.9274712017823028 0.09699536831702944 0.14505759643539448
3 0.3144551550781452 0.26407790494375505 0.4945353101562904 0.5260710169742991
14 0.8096164656579588 0.6634776988117508 0.3807670686840826 0.5707407449607241
18 0.5274865051204974 0.2080482703161169 0.34872301024099495 0.4051392569488457
2 0.6333618627024217 0.6479353556651465 0.3263019786709638 0.3922998720559974
9 0.05070201017040785 0.4994068062274543 0.06609397881213826 0.1904802791215753
13 0.9921922891801902 0.8630314152874464 0.015615421639619598 0.05079997867599957
20 0.6636695309347467 0.9128095903352069 0.12759292093374802 0.16853328357733233
11 0.13047281015629042 0.520422682686181 0.23127790500755802 0.36167869870569525
8 0.5512682414722077 0.8900696284744228 0.37232856826055977 0.21986074305115438