16 0.17026933451458143 0.21414405032321315 0.18284728253968324 0.3621879935049814
4 0.39007970311000556 0.985589128786381 0.03128957279438911 0.028821742427237968
15 0.29288361659283935 0.34601988852561355 0.28889223318567864 0.685130480517141
7 0.7562053508582522 0.9985343262955986 0.05871366594684382 0.0029313474088027646
5 0.5173700817368043 0.5354132196924761 0.2656807665005543 0.2996047196946729
3 0.68359375 0.363826231054365 0.6328125 0.7105610443665168
14 0.233821606256923 0.8517079588744018 0.3750557665005543 0.2965840822511964
10 0.1799573241786651 0.7242152521631754 0.10971496144333708 0.0420924989167645
18 0.6733547617201923 0.6809198111456811 0.6532904765596154 0.6381603777086379
2 0.47441752544296933 0.7945389388488268 0.26001055983757915 0.37646986471640365
6 0.9838440738741234 0.22289159035898537 0.03231185225175324 0.3799303257572762
20 0.09461130705980199 0.6858114063847178 0.10816865514950225 0.30218188311602723
8 0.1484408065983767 0.45815387553997 0.2778569987633823 0.5204744177466067