17 0.4938056579817173 0.002288467134741636 0.07431079528527036 0.004576934269483272
3 0.4363016046291673 0.7422274204746734 0.33476041356328856 0.4806066395286258
20 0.8780160696829793 0.6977870006057135 0.232572867244561 0.3217539680378996
11 0.5049874462331652 0.9149434388677532 0.14738873035529282 0.11421149102924961
18 0.5260061517764643 0.4853488994437742 0.3086003279551468 0.5348913478055117
19 0.774150515092084 0.7958910274408976 0.34656259263745515 0.3276409844705289
8 0.5169543294028889 0.4055772976044662 0.1532150070293133 0.3702431252822368
9 0.7253852977664696 0.05385246231068215 0.1505522717116218 0.1077049246213643
2 0.6388484842842344 0.062038243631241365 0.11817641935425698 0.12407648726248273
12 0.5523266333746115 0.003859825871454588 0.07340326674922296 0.007719651742909176
14 0.3230994755977819 0.5057926729995978 0.33145993920385186 0.6092273918277609
4 0.9318215423897861 0.444684147447496 0.13635691522042775 0.3374557063164353
0 0.47022907092583344 0.1338733793160331 0.3141481989237615 0.2677467586320662
6 0.6553083540099947 0.39799794663248883 0.22992736434907696 0.46912472033703473