1 0.0763111327529566 0.659341458641813 0.1526222655059132 0.1604837493830407
15 0.7179266682506225 0.43312269542815596 0.5600548939027137 0.8662453908563119
3 0.04018942781753395 0.5215424982004717 0.0803788556350679 0.26524833693238986
17 0.48302178549766595 0.1893428445314881 0.35583142900466813 0.3786856890629762
6 0.8529789328320989 0.18981152059678133 0.2913142879384413 0.37962304119356266
7 0.23504465743006983 0.7672130453582289 0.2792114415410805 0.29220980637137234
13 0.6944881344023092 0.07311500303344681 0.251012233702664 0.14623000606689363
19 0.5230674946562306 0.7142074489449003 0.4460305316702353 0.5065444913006449
4 0.3285924174591997 0.8741709800715275 0.06366534639736088 0.1311567568484771
5 0.4773698644105565 0.45066701243207336 0.2673024749271754 0.3180302152229667
10 0.2758862692668369 0.6102992719130121 0.4031156059642723 0.4689487878414426
9 0.08926812232811533 0.8338834024864146 0.17853624465623066 0.1697331950271708