16 0.29532360457649354 0.7548945016259515 0.2947735182361114 0.4233577748891501
19 0.9468133693941325 0.7355637473028959 0.08830139342673604 0.13741672618969147
4 0.7493759781515977 0.79747373323182 0.25491093123013914 0.37661532359080546
17 0.08774292144649334 0.45960373268471016 0.16523018218006966 0.339125867963913
12 0.04553462480937518 0.2803045173163882 0.043569468464861164 0.08014851406887888
15 0.3485342978713891 0.4003876423191343 0.49913370991548633 0.40937155302580946
7 0.7938299204965628 0.47860172890327224 0.24019381458888917 0.3387880411234014
5 0.5081112792540281 0.5425663214331221 0.11744337955902787 0.10685765584310024
3 0.41213959014010426 0.2009976639618735 0.4586541802802085 0.401995327923747
14 0.7628929642838894 0.7658964507644159 0.4653769589655557 0.4439881958832662
18 0.6313078174386807 0.22179226677696737 0.35324063487736146 0.44358453355393473
2 0.5588763050895837 0.6747723484898412 0.3353985182361114 0.424303257572762
9 0.07080607532246541 0.20572798376684714 0.08604921561506958 0.1873439967524907
20 0.4910926590973964 0.9108201255454621 0.1339775693385418 0.15930463636243813
11 0.14231870583142378 0.2728415714298268 0.23434385809187522 0.36155924891566626
8 0.3845328813619797 0.8507747440509928 0.3752221248093751 0.28986843830830744