11 0.1725777691103352 0.7777352567148156 0.31432360809517185 0.4343189886681834
1 0.16019619855440587 0.9812046085780783 0.07087906603337353 0.037590782843843346
20 0.6649633429456248 0.7825133759564016 0.0845321302577247 0.05211687469152035
17 0.6459466700602748 0.8730968385982563 0.2694404760284247 0.2538063228034874
9 0.2986134831529723 0.3449569131499224 0.14996677973732647 0.21228243264644686
14 0.6656991638402385 0.26491505645368446 0.446726672319523 0.43732089461999285
2 0.3754294521724505 0.8595365560217364 0.20447057326946272 0.2809268879565271
19 0.4303514840574835 0.3258470207614057 0.15406778154634876 0.2770236315399976
3 0.6379692322484611 0.4116632719439746 0.4529434520568497 0.6350796957264422
18 0.49936932044438764 0.7051261615663681 0.4469989099950512 0.285869023527529
12 0.0636563862506186 0.164884754082354 0.1273127725012372 0.20893617483137467
13 0.06856853629604712 0.4991652807769915 0.13713707259209423 0.423330561553983
7 0.4726950350528517 0.5256903853550281 0.2361366530976463 0.306065974004634
6 0.8758765094993967 0.8609945778833991 0.1979682677515388 0.27801084423320194
10 0.7956843984635489 0.8200370760838708 0.21095959068231734 0.35992584783225845
4 0.3886288150173208 0.8539634096845277 0.5339942989592033 0.2920731806309448
8 0.85882288557325 0.7194813076362533 0.24091932835784532 0.2297719684723873