16 0.7820557852880474 0.5241980434560014 0.3599033533577263 0.2757345466231101
19 0.12487218332272776 0.11687484426416457 0.2096306333545445 0.2293294528422429
4 0.2202477706476827 0.20887524288419923 0.14062609468490822 0.19321670152601217
17 0.8843802592695938 0.7159461032104562 0.2242214867122705 0.4701757106573152
12 0.8890933892425498 0.932869577883399 0.16439085868872638 0.13426084423320195
15 0.4816830679503659 0.5365961892276006 0.6571078067313605 0.7012466052773081
7 0.10128923265436421 0.4155485275275707 0.20257846530872842 0.34776372172180814
5 0.32732228461172974 0.5731297648795235 0.08056020401018138 0.1080511435710856
3 0.3332199379774101 0.721875 0.6664398759548202 0.55625
14 0.3192852546546824 0.15007077317789322 0.4083044906906353 0.2764617123231817
18 0.1523244739815463 0.6207580910147439 0.3046489479630926 0.5165161820294877
2 0.5040409679742284 0.3042734415104264 0.16862382535008996 0.1814749482765914
20 0.5819221619987273 0.07130492118096858 0.012590906667727353 0.0116795911484056
11 0.7150569999204581 0.812112717022495 0.2256930800445435 0.3757745659550101
8 0.6669869579885461 0.17998752699292367 0.2972397213558171 0.2506699242144154