1 0.7398534248480331 0.2738320238064823 0.15820495658477524 0.09443234549074096
15 0.2738493062808414 0.5997645169695374 0.45625732633910115 0.372249998225093
3 0.8870824628529814 0.26293481065995467 0.22583507429403715 0.4111977342949077
16 0.16979332594338975 0.1603725312809724 0.25521165188677947 0.3181265959969447
17 0.5648440308123054 0.697276856127408 0.23467183135366607 0.30707955774981505
6 0.2771514656894683 0.8226153453011806 0.29660954169936504 0.3547693093976387
7 0.5773306927947217 0.26774738449611174 0.19458037727617317 0.18716579483203724
11 0.916761602665567 0.08049854457574177 0.015897784639735946 0.012984901215740762
8 0.05848403371529927 0.8554031647668057 0.08387019780928666 0.1941396628669447
13 0.45331080040834665 0.8728482862201853 0.21202394154108045 0.25430342755962937
19 0.3476204607414104 0.2595776699580559 0.4139909214828208 0.5104271180327783
4 0.38576766693047426 0.14729674645231525 0.33716033386094857 0.28111323910703745
5 0.49838865353613215 0.514087251264445 0.16310305674305994 0.17577932573388905
10 0.5929078801791672 0.3733678838628247 0.21543844655564542 0.2127961664125003
9 0.6482532950645774 0.1190089986042137 0.1571258413827959 0.18808536524759276
0 0.7004131209414601 0.8862955854852318 0.3146943004748538 0.2274088290295365