1 0.11108034712949635 0.8600172015430557 0.18369332654882312 0.15272840694675693
15 0.708701134102912 0.43976637385808653 0.582597731794176 0.8238359150778236
3 0.04692649140714404 0.7424714954503829 0.09385298281428808 0.2567922966632134
16 0.8476862324756038 0.9651871479158188 0.1541828889641522 0.06962570416836229
17 0.3999546551338112 0.2451657463442423 0.36884068973237766 0.4614157154650906
6 0.7999823106063066 0.189603746617426 0.3500353787873866 0.3002227863226281
7 0.3074264026474204 0.890924714639527 0.2715894742194024 0.2181505707209458
13 0.5826996353461075 0.09883878714819147 0.247100729307785 0.14004008546854385
19 0.5841736883776406 0.7730794483030858 0.43133404567984285 0.4538411033938284
4 0.4260225944159629 0.9615012599930934 0.055656857756487634 0.07699748001381318
5 0.4692048648810351 0.5355796026988445 0.26894915309764617 0.299343746896622
10 0.3097026328597166 0.7480909365845574 0.37847463930283637 0.3892753112742199
9 0.17101086782171127 0.9795348478077479 0.1956334045679843 0.04093030438450427
0 0.3851595720262673 0.043758770606862375 0.03799132293077854 0.014828787427387446