16 0.553502924288987 0.841316228541817 0.22997276514684692 0.09797623084752445
19 0.7159013775990462 0.3398116332558567 0.25656042116548716 0.2093386683545925
4 0.7359565363169788 0.5693056821365086 0.09218934523075965 0.14142858656782167
17 0.34245868051276424 0.8159061379238167 0.24671366971559472 0.3377050673870732
12 0.20145517221439446 0.8301190753743396 0.2389244805034755 0.3103307276413086
15 0.38887970415847367 0.5084722869845703 0.32436691826570224 0.47014555619359133
7 0.45385166349181744 0.36293327899730393 0.14569285352912936 0.12314155934326151
0 0.5124052502237146 0.884963650692134 0.35135270290907383 0.23007269861573196
3 0.19150687407456107 0.4494147123976482 0.3588603174358653 0.47382942479529633
14 0.6868776510442629 0.4049505162572595 0.331232224904398 0.4538426475424636
10 0.8259904630815434 0.6316767294423252 0.1785538203356502 0.2077844215325354
18 0.29144582925872 0.3158929063454202 0.235112396270378 0.2706746427048676
2 0.5463020404661636 0.5500860714937972 0.15573162697434598 0.19009923242235943
1 0.8495626307225457 0.9439980810558987 0.14891294191141152 0.11200383788820266
6 0.06619922075521319 0.45189154168080303 0.08788035352912935 0.12044975002827271
9 0.10905418466194909 0.7946494823940867 0.13972811867597637 0.21013229812150674
13 0.8376957124568435 0.5085914153462856 0.11884693361304181 0.17175927888421327
20 0.7878276122517064 0.6319776484995173 0.2735344336130419 0.17896168759188621
11 0.2120356294731458 0.6872420946116333 0.27235044191141167 0.15812835425855287
8 0.6918764948251299 0.6711442975037253 0.18674482863401992 0.18738759781784892