17 0.43627169267305366 0.07886708285022652 0.07820024310259507 0.04999965616545632
3 0.4147276475590377 0.7936005519263235 0.33931696404263717 0.41279889614735293
20 0.8498263438501361 0.7756125600439657 0.2602226062861496 0.3664529729416756
11 0.48860448157109265 0.9703221187991641 0.15582063206674715 0.0593557624016718
18 0.4897663483726918 0.5742749198235677 0.317346788782438 0.5531449252674155
19 0.7514497195853049 0.8411976235504987 0.37206086499257685 0.3176047528990028
8 0.4772121166900575 0.49444930972177387 0.17559530076822566 0.39043295071514283
9 0.6685143046134128 0.1386662038720439 0.16922139077317447 0.14910640606883493
2 0.5830305059928937 0.137731212150601 0.12768898801421252 0.1611814254606583
12 0.49363049129357267 0.07674097638844059 0.07836401741285463 0.054166322832122964
14 0.2878420002271426 0.6014654438539403 0.4133763410210016 0.7005084638578196
4 0.9046344318189199 0.5190009655007448 0.1709144448207603 0.35050949536145076
0 0.4177087211671847 0.21179656426370178 0.334076186114333 0.345449234763619
6 0.6149544561291794 0.483287981445803 0.2673534328349728 0.5082897006185214