1 0.11179067186969886 0.03844965366898363 0.17954365626060226 0.07216334053144631
16 0.1769419235989794 0.4220688672260839 0.2943055938242158 0.40789819862622717
0 0.20744535681660564 0.8039944907350353 0.22577384863353914 0.3920110185299296
20 0.816969178956457 0.7488835424894064 0.335654790921658 0.3206517676456466
17 0.48582336107777485 0.5618963798227815 0.24061510943331238 0.321438635139054
2 0.3233035468272899 0.2770596332058641 0.2209425048941414 0.4628206517357936
3 0.771428533580446 0.45393278010868265 0.4567064232204611 0.7775356901941956
18 0.5087127679713493 0.3459245676518392 0.46694946405730137 0.6331231469028186
7 0.6870163611625928 0.14774371205585807 0.11183036660488846 0.10480058921521557
6 0.7760018946582209 0.9174789159160457 0.3762599435540633 0.16504216816790868
5 0.09206094819375069 0.6422216564351069 0.17878474282842388 0.22168974385079424
10 0.6139706645284868 0.7534399524412575 0.2683234471822605 0.36787234966274934
4 0.23935513276213932 0.2821554924009017 0.28378973447572137 0.5418940752509375