16 0.69921875 0.4120684709845513 0.003125 0.016715150222787873
0 0.8109375 0.2811685171865522 0.1 0.2369681404625446
20 0.57890625 0.06601842122855027 0.059375 0.06342118756630252
17 0.6328125 0.31101541321879317 0.15 0.19607721069381698
9 0.0796875 0.6758470026522432 0.159375 0.2149726613621804
14 0.42421875 0.5548766905898823 0.6015625 0.8864164178866616
19 0.16171875 0.4037409759707286 0.3234375 0.6800180480585427
3 0.5984375 0.5500903990027929 0.2734375 0.5959089778272703
18 0.6109375 0.6176047981116414 0.0578125 0.10506361245490865
6 0.79296875 0.09498896430091569 0.1515625 0.17735145247187753
10 0.6984375 0.2579139252069149 0.1921875 0.32589840536811965
4 0.65390625 0.5346464825483085 0.0671875 0.09062572978993876
8 0.56953125 0.04203949506685052 0.1609375 0.08407899013370104