4 0.06005288433384318 0.11191285128731422 0.11917846834337482 0.1529923692412951
11 0.3053381107948928 0.11173243312131419 0.14631371266133195 0.19694841738043312
7 0.9112335547885383 0.08935184555183644 0.14746710957707662 0.16571053785920592
12 0.5831992471540357 0.9862354934916284 0.18165910308425506 0.027529013016743185
16 0.08246149269310406 0.3318560239386412 0.16317747889338635 0.530378714543949
19 0.9001535531636854 0.8631950343368279 0.19969289367262916 0.23495747748889168
1 0.49115247442915944 0.5214656817529086 0.2421092280826075 0.35392564610680244
18 0.33274213636243805 0.23589075435439913 0.5873592727248761 0.471175484770157
20 0.7592091789761118 0.6694079783927134 0.48158164204777626 0.4266982560437877
6 0.30658833400623636 0.6827401243812612 0.3723809293798537 0.6345197512374777
2 0.5127816071381496 0.9182120277102016 0.2068693831160271 0.16357594457959668
8 0.7782279602257 0.3122556972319341 0.42520592045139993 0.615736167832344