17 0.40208642342198503 0.015541761681452293 0.07809050790866542 0.031083523362904587
3 0.48967653710905007 0.7143354636084498 0.4005172421285156 0.5160761267070225
20 0.8833112015966055 0.5374790873847247 0.233377596806789 0.39369275851434365
11 0.5904643987817677 0.8838723311018571 0.15519151878308027 0.13406295934108434
18 0.5275399985543062 0.4660073623621462 0.3593139219762914 0.5949892243542697
19 0.8195484612352913 0.6789580375945062 0.3609030775294172 0.4310062722112981
8 0.503341153193211 0.39217581353852266 0.20077722729976805 0.4024350661196344
9 0.6361895093915402 0.03174852696196107 0.17862901878308043 0.06349705392392214
2 0.5514152613687064 0.04748477094641706 0.137205522737413 0.09496954189283412
12 0.4562964209505271 0.00608721382442375 0.08134284190105419 0.0121744276488475
14 0.3345513439154016 0.5617822240559835 0.449262442736538 0.7349218301662248
4 0.9113950978325533 0.26861784340026873 0.1772098043348933 0.37263693721209834
0 0.403195278668912 0.16996261244445837 0.3595155573378241 0.33992522488891674
6 0.6363473127750316 0.3338077086931625 0.3110382480600148 0.5444199242144153