16 0.47212127273146665 0.7754132922111464 0.22806254464226866 0.133941712932202
19 0.7080953234595201 0.27557956714654613 0.2560432686676865 0.24454464939092
4 0.6941713709444579 0.5046391096099397 0.0893273271096728 0.14705967304048262
17 0.26410026704942385 0.7494863520487255 0.2530467280826074 0.37331079785898946
12 0.1218582199715232 0.7658020707395098 0.23221603084255102 0.3319918856650678
15 0.35630890665827286 0.4419432593084766 0.35355701704283327 0.5400550133628658
7 0.4424975969984704 0.29619226506705887 0.14544095941492113 0.14144922475698335
0 0.4223297784135096 0.8233687332964178 0.3614671542193456 0.3097395558262595
3 0.1724420158283126 0.3789308266519005 0.3448840316566252 0.5129716800295323
14 0.669790754060485 0.34024204606865766 0.36915474350388316 0.5393067406915234
10 0.7752753206201464 0.5684633744678206 0.16983303327818292 0.21636848241663648
18 0.2878334163975055 0.24801778532053548 0.23652170129724617 0.30322573719699847
2 0.5071486578760889 0.48420150422049785 0.16043075973923263 0.21348411268610856
1 0.7486234971639215 0.8756075457610407 0.15467959172016954 0.13183359448751114
6 0.04280135734661107 0.3815449907468929 0.08560271469322214 0.1305265124400151
9 0.05535215300482486 0.7240934361511011 0.11070430600964971 0.23931312769779775
13 0.8049958226487413 0.44418526527623686 0.1321693920444808 0.20066433682785814
20 0.737048617698047 0.5675676064230317 0.27627394805083527 0.24003022825150827
11 0.15342759415909663 0.619515455481727 0.2727125714276299 0.20642988278577665
8 0.635090651383267 0.6064538340593063 0.18693871266133186 0.2115870491448265