18 0.34183786069716365 0.35284557825337165 0.33548155585660816 0.27927537890335685
20 0.4112407151742909 0.0809228592419188 0.15811347241038015 0.1618457184838376
12 0.3124513331075438 0.1875731441898005 0.12250352103089916 0.17948579185343785
16 0.7675217769122513 0.7357207647588285 0.26671826775153884 0.3556535803638326
0 0.4593640388980389 0.8953671709341469 0.24421474672063964 0.18004739227553018
3 0.9150197331529724 0.27756440362591833 0.1616080438708206 0.4202208825545458
2 0.7723807745374021 0.5327170023764889 0.2787335888732951 0.30411581630997125
19 0.5511166061746079 0.5059385159681316 0.2853598043862702 0.5123885308344744
13 0.26914731117213353 0.39622873405514764 0.14289790818602893 0.18235716970156435
5 0.44064501639680176 0.8357688581866883 0.1270405348257091 0.09645555256425571
14 0.6312666101313369 0.08974427439113662 0.3280917797373263 0.17948854878227324
6 0.6598884978522934 0.33842631732308415 0.27747870533621005 0.4309566744079837
10 0.3840076713034703 0.4905800379173826 0.14890224672063965 0.17634964493688537
9 0.48157431083344926 0.687529934988008 0.11387879353213641 0.11882664995145026
17 0.19189317164215458 0.1984907924697291 0.15506371551297518 0.214031501363376
7 0.6130080173013128 0.7968394319531102 0.17077060266810484 0.21672102278501176
11 0.4938485815256641 0.8118631280908752 0.2803093769783644 0.22513100606979536
15 0.8431923207830719 0.3188339166899459 0.3059179658516594 0.5194265753492676
1 0.9148239020815936 0.5802347625596915 0.06295145861557003 0.2520610395002282
4 0.45443635798363025 0.4452044769955187 0.21695728516439328 0.39948649300576783