14 0.3 0.006446906691666937 0.178125 0.012893813383333874
4 0.52265625 0.5275730042720383 0.6296875 0.8963706904186404
6 0.38828125 0.1374617523090742 0.5609375 0.2749235046181484
7 0.89140625 0.5480994113717924 0.2171875 0.5128352588127155
2 0.2515625 0.773779844109013 0.40625 0.4286396927432089
0 0.14140625 0.37100474156438307 0.2828125 0.670490516871234
5 0.92734375 0.8178655795778418 0.1015625 0.15976408985246876
12 0.50078125 0.9103330902915445 0.1578125 0.08090907295024649
20 0.7640625 0.18273836638358093 0.471875 0.36547673276716186
8 0.3375 0.6627134347466674 0.5359375 0.5562679408112331
9 0.1015625 0.058007989632407435 0.15625 0.11601597926481487