13 0.02635067795195676 0.971875 0.05270135590391352 0.05625
5 0.41330578528804757 0.45126422140884503 0.16133858402290802 0.2274726613621804
19 0.7220444386139568 0.5289807601315091 0.3053249413589988 0.25678623827708835
15 0.39163658656909545 0.9607211484723017 0.18510225334181776 0.07855770305539664
8 0.32389565058086756 0.8441992026840598 0.28087038136536224 0.31160159463188036
14 0.759323525899141 0.9961521253978153 0.11110113200190916 0.007695749204369425
7 0.22087283728518403 0.4764074827073921 0.24556813335454447 0.21211505071078587
12 0.7390035772597306 0.7344799948015696 0.09814769334818116 0.14733632357309007
16 0.2858454986473645 0.19404382049648247 0.262684002705271 0.3831908018247251
10 0.729772933243186 0.8944922933906034 0.2112294960216353 0.2110154132187932
1 0.6146382819064587 0.9284103485571464 0.06504429201145392 0.1134939129004844
11 0.46355068594845694 0.5135104125291475 0.19825787603436212 0.3405302222575742
18 0.5863700206079118 0.5862588463292678 0.42449420671545235 0.48568770496496627
4 0.16084966323205013 0.9960279973477568 0.02040340666772722 0.007944005304486268
6 0.43560968865372784 0.1338589103012691 0.22878062269254432 0.2576817244854527
17 0.5463695399029589 0.9567733875981193 0.1695681600095451 0.08645322480376147
0 0.14133188263845584 0.7770833333333333 0.28266376527691167 0.44583333333333336