13 0.542792996475515 0.16760873724500822 0.006960395020978183 0.012888131237897938
5 0.6518560686852652 0.7442383449092577 0.17815200124939992 0.2581051116614868
19 0.5206922695197465 0.9665611720418471 0.20665366431700996 0.06687765591630589
15 0.38600315789274003 0.504560696441059 0.18691169461070398 0.27525694237552567
8 0.5128266896363266 0.5581081381276133 0.19332856058738807 0.3607706418516668
9 0.36412203819107847 0.9277398952282286 0.055327962657336104 0.09685504990318326
14 0.304226819934665 0.9588242415214415 0.20520956348717306 0.08235151695711689
7 0.6523492856922788 0.4515557058134768 0.19399048880184538 0.29022840694675706
2 0.3844774693053207 0.6009990487984239 0.15243976099766207 0.10703775075726749
16 0.7636429058181476 0.5332024532624785 0.3073211282237461 0.44881293851488024
3 0.440910265146847 0.11457215384337896 0.20682053029369402 0.18722613399378404
11 0.6404468172353726 0.8536317045751318 0.16510847220510563 0.29273659084973647
18 0.4607234284381718 0.8153810591390092 0.36397294730999635 0.36923788172198163
4 0.42679317863866445 0.455194281773011 0.15021717801396442 0.31449778880533047
6 0.8077327574731772 0.737882850284438 0.3845344850536456 0.47343629555845396
17 0.39879119088572645 0.7980681144173728 0.11965241701630233 0.2150285971870723
0 0.5002871103776065 0.25527423655603665 0.2942524431608115 0.41063370884855893