13 0.2880325120741939 0.275 0.3136439290046681 0.41041666666666665
5 0.8396370938235714 0.778125 0.23321697994174037 0.23333333333333334
19 0.7009275979802065 0.9375 0.18191524122451136 0.10208333333333333
15 0.18105038935036716 0.45625 0.35637230126627656 0.65
8 0.4401693250854599 0.3729166666666667 0.09065374373179384 0.07291666666666667
14 0.25762256419840024 0.7072916666666667 0.23347304420664755 0.31666666666666665
7 0.8326452962517117 0.7083333333333334 0.18901233887551347 0.2125
2 0.12744435306127844 0.2552083333333333 0.2519790032987053 0.3770833333333333
16 0.9401549532195631 0.8104166666666667 0.11969009356087383 0.275
10 0.4231231952354972 0.8447916666666667 0.1502848079967011 0.15625
3 0.21710859514371963 0.13958333333333334 0.4338534774344579 0.2625
11 0.7948557912371467 0.7666666666666667 0.2118875492212126 0.25833333333333336
18 0.6336287862225818 0.825 0.4670129699126104 0.35
4 0.20377953252816505 0.24479166666666666 0.406558854710631 0.44375
6 0.996538997030499 0.9177083333333333 0.006922005939001963 0.035416666666666666
17 0.2568269423325033 0.6708333333333333 0.03215928213245363 0.041666666666666664
0 0.5090510203874641 0.59375 0.4823317445232167 0.4791666666666667