9 0.7341005261671849 0.1237609585916068 0.14236805247554402 0.23424278416604902
18 0.1745699626035997 0.7606792089222226 0.29135012599777566 0.4775479738614808
19 0.030444176124832606 0.26552111674518525 0.05033174189573072 0.2981244331762962
17 0.07593941567207607 0.15656353917679028 0.1460544945971538 0.2118729216464194
13 0.9010975813441522 0.699687882185496 0.19780483731169554 0.31601220044012285
5 0.5126937759554234 0.447976165943458 0.20899411035393456 0.264814708891234
2 0.27223756299888785 0.20786538633358037 0.3304280365493543 0.41573077266716074
14 0.430236133678522 0.6994461148596923 0.4893927838479312 0.5628314799880234
16 0.7893142730422389 0.812511336474076 0.24901289462538861 0.18450154759691298
4 0.583919244667741 0.07153974118728451 0.29908848933548204 0.14307948237456902
20 0.4756671289109603 0.02771135639308693 0.15133425782192061 0.05542271278617386
15 0.7252840521931955 0.5331095154248167 0.4963260523343699 0.4724406896644432
6 0.8718819762518895 0.30916676544031085 0.2562360474962211 0.4933033002830857
3 0.2884463919239656 0.24353585887521617 0.3900452312312127 0.48707171775043234
8 0.5383630919380831 0.2118648959469758 0.30485118387616605 0.4237297918939516