5 0.4715252481010834 0.44546393395314954 0.21601192431676958 0.2134169158591123
19 0.47469734420273396 0.7111836750414144 0.3391815842055689 0.3932386610835014
15 0.008924832897215542 0.40174103184695137 0.017849665794431084 0.08358089373145035
8 0.17943200653860397 0.3500809494892401 0.2089087524470707 0.23977184490136738
14 0.09467011533894415 0.6145619179784241 0.1893402306778883 0.3333761640431518
7 0.3594766598039813 0.2304211720817642 0.28654765752654665 0.4070355119041694
16 0.6574925191524758 0.33772143311281105 0.48086314191744994 0.506204257464694
10 0.21138137786799788 0.6775432471756332 0.15431053248413756 0.1785686957220354
11 0.4744047114405946 0.4545475722367182 0.3660317716843643 0.2876732640562654
18 0.33840766933781014 0.6480347643268325 0.5104464929132418 0.6835351511961444
6 0.8036085726031874 0.5017882302950011 0.3752133426430895 0.5192146257726968
17 0.07755702640886983 0.4538100882770119 0.15511405281773966 0.2548798234459762
0 0.11015625 0.19554197161690204 0.2203125 0.3910839432338041