15 0.46388458755536527 0.8545572004807871 0.44400136724704337 0.29088559903842587
8 0.17627665815498567 0.2428096683123613 0.3097915032987053 0.38644192679712996
0 0.880276184877163 0.16160220326384359 0.19180236975432585 0.27452032446731506
17 0.31320262595602505 0.828956299644167 0.20078491316955063 0.1852764219850002
20 0.12635086599340217 0.31620949430041684 0.24842810596427234 0.4365856552675003
12 0.5207052373970807 0.7854297308743061 0.1962338054894186 0.191380951620278
10 0.07074835299477143 0.8807668406786111 0.027182277117888697 0.10077584194518513
13 0.926944247888429 0.6400675050620381 0.14611150422314195 0.29859901215740764
1 0.5103347240692455 0.5248675938429173 0.029125210345699058 0.04670615552166678
18 0.4862272858268703 0.6365432617761579 0.13883048244902269 0.20833681712203714
4 0.8886952643836207 0.5565878304168065 0.2226094712327587 0.4882325775066668
2 0.5163383346523714 0.6926486623586118 0.046949207838416385 0.07640621352564807
19 0.6435049252437445 0.4738294109649544 0.476771032461658 0.8829576056212042
7 0.1734701877136498 0.9330675086118518 0.20920516693047428 0.1338649827762964
3 0.3927093033778476 0.42961265817976896 0.5041686067556952 0.8504970944762041