13 0.5669915817584983 0.1854098624436021 0.005014882213984962 0.012864021046687431
5 0.6141915410064762 0.7670640062626326 0.13369049763774718 0.22244990860945535
19 0.45621289381636654 0.9659870769829547 0.20245536660488844 0.06802584603409063
15 0.37305064191745 0.4905296205949295 0.15632938947037928 0.25331534016066326
8 0.49424608483854104 0.5633538239521249 0.15711312867060592 0.3427773331451008
9 0.30430316423478654 0.902049596134577 0.04598711179556503 0.0888141964357492
14 0.2395611071558777 0.9483609332580404 0.19513393992586625 0.10327813348391927
7 0.6464509363824872 0.4805748518261422 0.16134427168436433 0.2661793612073507
2 0.3607168222246694 0.5852102206137528 0.1423710384745874 0.07758729806728866
16 0.7495784255827139 0.5779846376632546 0.2506647212288776 0.4020197470632863
3 0.4715501069862416 0.11354610817652085 0.18997521397248324 0.16860616818526672
11 0.5886409586998237 0.8688581505522442 0.1157242368379741 0.26228369889551145
18 0.41219502058805607 0.8128425016127162 0.34564983901489227 0.37431499677456753
4 0.4195064904661711 0.44839716790291806 0.11545141832631986 0.3000391507404769
6 0.7982267127913569 0.7830466417357331 0.40354657441728603 0.4339067165285338
17 0.35334581024376976 0.7800728311559197 0.10211311542376222 0.20752310163153945
0 0.5152678798517324 0.2645569537400304 0.2693055938242157 0.39930916458336924