15 0.5737023271096728 0.17954426503665225 0.5411546542193456 0.3167255751528462
16 0.8941679748329012 0.9557984290654996 0.12222164772652348 0.08840314186900074
8 0.6618367159044476 0.9232190780935222 0.2118841655834313 0.1535618438129556
0 0.0871991801906326 0.8178499608018105 0.1550341477265238 0.15653325493695433
17 0.6951290880667214 0.3326884215265536 0.2815535576279121 0.4005753686106214
20 0.7782196465054125 0.8633438964260308 0.3572433043815012 0.27331220714793836
12 0.49439665665497756 0.2031426051544958 0.2439250982129911 0.2688974958533091
13 0.11656771144351596 0.25895742499587604 0.1972137394466932 0.278122009648119
9 0.8803456136342666 0.46947574249688134 0.2255296542193456 0.29467063470456634
1 0.4628405137964224 0.4756859905006033 0.11909664772652384 0.1540220488463085
18 0.4469405986167329 0.6920841293518606 0.43093772321134355 0.6025052253868836
4 0.2550416505658976 0.4622063349909272 0.4072547613607904 0.5821174822842887
2 0.39697223173605545 0.21402700889368312 0.35956946347211083 0.39770117895260493
19 0.3103093977232285 0.798090019221877 0.3567990194784653 0.4038199615562462
11 0.9525307106327372 0.3967007032986919 0.09493857873452569 0.37135267149072615
3 0.4959389805149442 0.8961623209703279 0.2374296363624381 0.20767535805934426