15 0.38732733805832575 0.8490643206094698 0.4370946915466968 0.3018713587810604
8 0.2661838093761538 0.1698967943564438 0.3042426187523077 0.3149646812266981
0 0.9426275909929863 0.37425172812798707 0.11474481801402732 0.3900079701069663
17 0.2597251673311199 0.7308238159709205 0.20684838217054297 0.1965977482927812
20 0.16914812307124433 0.18834961738180953 0.3007962461424887 0.37261777051931394
12 0.47145321174787896 0.8025703246682908 0.19943640036914023 0.20408077657521773
13 0.9111830336194174 0.8732337689087166 0.17763393276116518 0.2535324621825668
1 0.5213066101144344 0.5624127345703762 0.030227720542635693 0.04681109818322871
18 0.47190618984865385 0.6502956297191876 0.13274954811738696 0.20718481980417114
4 0.8833549726236622 0.7712462023419041 0.2332900547526755 0.45750759531619184
2 0.4882914558877828 0.7163244816390457 0.045591904688076924 0.07542498060817664
19 0.6623821930878563 0.5698757516267612 0.4704402267072737 0.8602484967464775
7 0.11286875616463796 0.8122445646501872 0.16025278685861993 0.26198912930037443
3 0.43361804055924774 0.4357761982026255 0.5016110811184955 0.831758120023276