6 0.7791312220241815 0.09130051408883864 0.3706715158351175 0.1826010281776773
19 0.10845528998350543 0.7734398951273529 0.19199624953778155 0.4364535430786276
9 0.3295798514119258 0.055585663172141794 0.14040970282385157 0.11117132634428359
8 0.6954812992212125 0.20283799301095023 0.3505528956185735 0.40567598602190047
18 0.5797763605166188 0.7436044828349926 0.39659282132453627 0.44977617108404216
11 0.02430967821324536 0.0038996545342684773 0.03611935642649072 0.007799309068536955
14 0.09095658676394242 0.43784935122431373 0.1730931368430847 0.49930129755137254
7 0.5055335638026889 0.4619119967146531 0.2271321159934022 0.3313243553340724
5 0.28491248990436313 0.7176619566137556 0.15237615690134448 0.2646329035560482
20 0.13997807462324152 0.783269773803371 0.2071666084715548 0.41695527040728514
3 0.5217362591712 0.08508769175587484 0.2965975183424 0.17017538351174968
2 0.622621775402029 0.48321579478282056 0.29572900329870533 0.40164844951396683
15 0.2785979569139797 0.8945714127107164 0.14256323620994643 0.17229870655838606