15 0.6722511312737776 0.9141764733366761 0.4559844063770065 0.1335252132981566
8 0.3257369843961678 0.012747992743605859 0.13584896879233552 0.025495985487211718
0 0.8817866677969673 0.19165989633095604 0.18030937697836436 0.22258600967519224
17 0.3611487777011615 0.6855091994031497 0.4228664484388049 0.4813426652049223
20 0.28654500961093843 0.05091598874997268 0.2043400192218769 0.10183197749994535
12 0.5704529358871904 0.853171200134022 0.31270579715018093 0.25786381100291467
13 0.8707473484842335 0.8098907224644406 0.258505303031533 0.31372358983058246
9 0.1344933452048731 0.5144807996397966 0.24491186680159913 0.43770506738707327
1 0.5232659181356516 0.5089020262675065 0.24525934757972223 0.32750665552973
18 0.5886375333553711 0.3190442811899206 0.486650066710742 0.6380885623798412
4 0.7628009724103801 0.6132505277857963 0.4743980551792397 0.6507738927896854
2 0.6457871285602441 0.8183563715817394 0.34641241180407345 0.3218188430650708
19 0.7611626896766068 0.21232964894766276 0.47767462064678623 0.4246592978953255
3 0.4785620912481442 0.08258594785658725 0.26649918249628846 0.1651718957131745