3 0.3843879220639516 0.5868852050315002 0.5830532360757238 0.8065025127561914
2 0.7181105834261321 0.8341656042068049 0.2093033693507264 0.19345144768719086
1 0.14355055267345423 0.06253195090838558 0.23076019867918127 0.12506390181677116
10 0.7587237560470887 0.38036053208335924 0.18415901336727103 0.3530604105141414
20 0.562984542051225 0.4423281888608715 0.039426126670908876 0.0459181919211512
5 0.6139845153962245 0.5514695698684646 0.12856244668999892 0.2429416084911966
18 0.40954881735359 0.18815945918694268 0.42222263470717997 0.37631891837388537
9 0.4940067280394527 0.3341008428036745 0.06985906134627218 0.1345660177812261
16 0.15198559675363238 0.8384360232250739 0.28535788669636225 0.3224477095091345
13 0.01570736334340863 0.09734275373662922 0.031232913351362808 0.18031449252674156
15 0.8685425566915898 0.5619511698555335 0.26291488661682044 0.36241376607400727
12 0.7016214227402694 0.6472395171368424 0.1330135893539081 0.21636845818840128
11 0.2257770854153144 0.7813997919082201 0.09949201734563581 0.1315471769746343
6 0.45949919943504086 0.9498957318965822 0.0015806813335455417 0.002253394343512601
7 0.8333537754216778 0.7778310894535309 0.15686926002545326 0.2668360400077586
0 0.12572889536918017 0.33873354403425193 0.24960329471672496 0.5183662452648294
19 0.8853789713359317 0.1513091276574494 0.22924205732813654 0.3026182553148988
8 0.5605884374204051 0.7950067357298326 0.23065220536281678 0.314412240819523