3 0.5401104558358691 0.4435403806707702 0.46303413962811035 0.5471286883749343
2 0.10276899296263449 0.371466283732589 0.17844134629715871 0.2262659007985113
1 0.7420714296048672 0.5988003150889757 0.07130655347041034 0.11291901402059944
10 0.26101780758090953 0.6876519252216655 0.22688955397461327 0.3189063545900221
20 0.3480154270069772 0.595135381425206 0.07374313861970413 0.12969486356077245
5 0.32394986029501516 0.5073122621730435 0.15990986758448217 0.22912237298310187
18 0.6015228392597931 0.620114673599899 0.3450275487788332 0.37490255389615756
16 0.5458366599070276 0.16683475802635253 0.2791733198140552 0.2768944218294104
13 0.8809984457348479 0.4167919033592632 0.23800310853030418 0.3306332157387646
15 0.14428912948865164 0.7178956935018507 0.23416645843375922 0.39829138700370137
12 0.17494963158233862 0.501051964419855 0.2077682133774378 0.25114785918829197
11 0.38503019988378445 0.18777140584836027 0.32240986758448215 0.24047739182776084
4 0.8167665189415351 0.1826529865797018 0.10691627153942491 0.10918022011124519
6 0.18013525025210156 0.11014514849937629 0.2415205005042031 0.21199239861227104
7 0.0613841583175437 0.5470845070102998 0.07425659084927705 0.16916901402059945
17 0.7109081829590618 0.8654256784239586 0.19625155917039336 0.26902439620024127
0 0.7376138865260171 0.3950703799163343 0.32686741066333214 0.4442073270004022
19 0.3501727787520175 0.8567693381573929 0.23942240496334896 0.2864613236852144
8 0.276998814618275 0.3244835398755581 0.29885167130699386 0.4443253686106215