18 0.8244112300500589 0.4978895616960863 0.32626611314500664 0.5673259632007528
20 0.8071205512014963 0.7531888068259208 0.3160506069408203 0.22375778679375505
16 0.2455642362542451 0.16908255465395783 0.40487244234221587 0.33816510930791566
3 0.06744495407115837 0.7761794875548758 0.13488990814231674 0.44749556601584667
2 0.24830183414088772 0.3687634507600223 0.44955079383515467 0.5077715054073895
19 0.5672375044394754 0.3367937943742059 0.3686499911210491 0.6735875887484118
14 0.47021077706418124 0.8390594918878173 0.4734367720436282 0.3085715292165995
6 0.4438167939120293 0.4942625530345969 0.4304508685928884 0.6196896699097822
10 0.8639975259789004 0.21918272619847903 0.2487317029858776 0.3387153116862004
9 0.7318837845288753 0.01028993073884086 0.1924824309422494 0.02057986147768172
7 0.5465472180690147 0.00014072727512384476 0.04440556386197052 0.00028145455024768953
15 0.21071934269086245 0.5980339393959365 0.4214386853817249 0.6039321212081269
1 0.09767875728946704 0.26510825595340093 0.12699881461827506 0.3088318950206322
4 0.741352347634541 0.2912126482714367 0.21417030473091786 0.5824252965428734