19 0.5001524553316662 0.22284049025527522 0.49717991066333234 0.43397154112120445
13 0.9758244446880043 0.55683021373578 0.04835111062399129 0.2328864123370204
15 0.08423715027177202 0.5200773122289165 0.1446554802252858 0.5859879577911664
14 0.30352165387806823 0.8924403295431079 0.3192084579295562 0.19470021428288978
4 0.7326632146379455 0.7325016764048009 0.4864387886393747 0.5349966471903983
6 0.49232207392455446 0.8258933014053501 0.22649607006615663 0.34821339718929967
7 0.6766053307098184 0.37364287986412414 0.2984803307098183 0.3648426179628145
2 0.9030803493992519 0.8953676893904443 0.19383930120149628 0.2092646212191113
5 0.8311400113999664 0.31481571644277 0.20261081981405518 0.2627334642839882
12 0.9449375725379958 0.7174521585413027 0.11012485492400828 0.26153342857017303
11 0.0880555549830195 0.6970333690471482 0.1199511391239072 0.32323340476096313
17 0.9248250373788668 0.20999685064093412 0.15034992524226637 0.15571980519337866
1 0.41795731436617345 0.21780634252875145 0.2779386017450403 0.27072897077680996
20 0.479948488018956 0.5220041017274648 0.41957907057035976 0.5611745129834467
10 0.24117556512247815 0.5070834821408956 0.3091993094224949 0.360930504326351
8 0.7770030765224445 0.8044623160147483 0.36650906487037654 0.3910753679705034