6 0.5264144167937499 0.22039412241184755 0.3762767849536114 0.36466344251211763
19 0.15017791869361094 0.7583818497380705 0.3003558373872219 0.48323630052385885
9 0.1492161371584721 0.18862736559042811 0.16188567021222236 0.24313364709025542
8 0.5473620432186457 0.2748775817444902 0.36777591356270867 0.5035675461791296
18 0.7607815782691663 0.7503140749913667 0.46214416261277813 0.4993718500172666
14 0.08288458197197915 0.3010245886402178 0.1657691639439583 0.4395491772804357
7 0.47619163877399273 0.5436703540084917 0.23786890159486127 0.39352752246888917
5 0.37629616907486063 0.8289355729244522 0.2656302256830558 0.3421288541510956
20 0.2234426195879508 0.9007106680446098 0.10054812670923623 0.19857866391078052
3 0.30762870241295126 0.16405267934735027 0.3094880220358335 0.2939213978475229
2 0.6205969086256247 0.47025718940873956 0.23249172378319471 0.44313939123099133
15 0.4275839525098605 0.982962434517643 0.10883079255305557 0.034075130964714144