3 0.508241608252186 0.42733805225650345 0.4232143330244426 0.4878836716173536
2 0.08667912149902995 0.5387996162111797 0.1501141058051153 0.19009923242235943
1 0.7270114556197809 0.49786719175515537 0.054126994009550344 0.10031746956922423
10 0.29518856986241665 0.7836376154803075 0.18031252649368784 0.27057542794496664
20 0.35896583846673813 0.6565576010806099 0.05294643992586625 0.11482805129944988
5 0.31950154518282736 0.5798115626060226 0.12042660580511529 0.188716951963311
18 0.6003150355641805 0.5762401844987612 0.31421630054030486 0.31842598087579693
16 0.45539931733052796 0.137728255766377 0.2482986346610559 0.2446098318150435
13 0.8245064705959052 0.25791350669515795 0.1911408990890262 0.26691802250005464
15 0.16040683129516203 0.8449735456744362 0.26906749164729754 0.3100529086511277
12 0.17895095625275304 0.635691166723212 0.17226192431676962 0.2015344215325354
11 0.3137053798517324 0.23933206581223812 0.31434029691210785 0.20398815074867932
4 0.7156622055349628 0.06453385842182205 0.0938244110699257 0.06679234458336065
6 0.09509922359113018 0.17505292631358618 0.18910717313564324 0.3084391859605057
7 0.06454620507162667 0.7364847964901264 0.08183533175849819 0.1453042468220571
17 0.7498388643274538 0.7735947077862335 0.17825895317271012 0.25175267634185894
0 0.683519372047184 0.29712644414568073 0.2529167019915839 0.36134925008481805
19 0.41155266904411 0.8951984383510311 0.21052581614940155 0.2096031232979378
8 0.23960073565684775 0.4189914431886272 0.2284077753125615 0.3789352244350931