19 0.4401253246853278 0.1875 0.44787435062934444 0.375
13 0.9440637730210095 0.434375 0.07540550954776962 0.22708333333333333
15 0.02898691514220262 0.6177083333333333 0.05797383028440524 0.58125
14 0.2512302746713947 0.940625 0.3125251560186403 0.11041666666666666
4 0.6859515846340829 0.7145833333333333 0.4511913726246686 0.5708333333333333
6 0.440436329860198 0.828125 0.20391086307689896 0.34375
7 0.6204738302844053 0.32708333333333334 0.2782004680559208 0.33125
2 0.8566174369138123 0.8458333333333333 0.18002307718412744 0.30833333333333335
5 0.7742984925268228 0.23229166666666667 0.1887343037389108 0.24166666666666667
12 0.9070112910676414 0.6052083333333333 0.13151379958972598 0.2520833333333333
11 0.04606582613522035 0.790625 0.0921316522704407 0.3145833333333333
17 0.8937131885874194 0.096875 0.19076855518880328 0.1125
1 0.3602951921119043 0.23125 0.2698659045687478 0.23958333333333334
20 0.42586895745924397 0.5208333333333334 0.3469523132866804 0.46875
3 0.9835443605780991 0.15208333333333332 0.02533373195336779 0.17083333333333334
10 0.18684142364106504 0.5614583333333333 0.2713817829929864 0.29375
8 0.73036351284854 0.7854166666666667 0.30876522905358283 0.42916666666666664