19 0.21564069753799595 0.29580204935080356 0.4310628737886685 0.5874374320349405
14 0.8854283096745965 0.9745464287266746 0.22914338065080705 0.05090714254665064
4 0.7692898574450235 0.45893019933353696 0.36813653889147613 0.664515021227538
6 0.7972184794689812 0.8070977554434763 0.4055630410620378 0.3858044891130473
7 0.5100301998837844 0.19260586517464032 0.22943539976756894 0.33611312875519544
2 0.9515569641721797 0.2161905820176739 0.09688607165564064 0.2018493675207509
0 0.9575386204344738 0.7605941174464427 0.08492275913105232 0.2405137612344447
12 0.871208364482389 0.10082524206780893 0.148666728964778 0.10267701847165185
1 0.38562505162882477 0.4486017948694825 0.38539046882531947 0.3104967758454509
20 0.5104607966851462 0.6017125889134015 0.48913818169855416 0.35847057512795855
10 0.42871839583229654 0.8669178649014566 0.36307842625067244 0.2661642701970867
8 0.8875217793330952 0.36439260297202825 0.22495644133380957 0.5120834568499402