3 0.69609375 0.2962143974863586 0.4765625 0.5924287949727172
2 0.696875 0.8416251168071622 0.0921875 0.10033714822506141
10 0.803125 0.641730889474323 0.1671875 0.2549193479109872
20 0.5796875 0.4032118871497546 0.1375 0.18895625497975269
5 0.7375 0.5233444808661747 0.1703125 0.2552838840090119
18 0.53671875 0.026631442035494477 0.0578125 0.053262884070988954
14 0.203125 0.08776348696172892 0.2328125 0.16882460596950555
16 0.40546875 0.23263164901024716 0.4296875 0.4652632980204943
15 0.88828125 0.7213806141364837 0.1703125 0.21986721734234513
12 0.74140625 0.7801804774103106 0.1703125 0.21361721734234512
11 0.5 0.5270908909827173 0.159375 0.4310913409992589
6 0.41640625 0.7462172316048776 0.4296875 0.4605403801450606
0 0.4640625 0.0525026451772844 0.228125 0.1050052903545688
19 0.8890625 0.5025394801119776 0.221875 0.31754872962641917
8 0.65625 0.6151140860814832 0.246875 0.49963168507728334