18 0.6110949366481763 0.3184090238015388 0.30520125241907436 0.32060731191018105
12 0.5544115681193854 0.46453640633792564 0.007160052616718459 0.021318694728916534
16 0.4606131493929503 0.8608095647527786 0.35676375241907443 0.27838087049444293
0 0.11462248407381011 0.199917810391581 0.22924496814762022 0.399835620783162
2 0.6713378177664495 0.938396862820067 0.20406441567207612 0.12320627435986609
19 0.5917280995482421 0.6771371992847167 0.5543653364646497 0.5704223852912382
13 0.37734999722798973 0.22551132233940852 0.17399748407381005 0.20452874364962134
5 0.1437863393072471 0.2437079331639241 0.1903197050640278 0.2929994664407877
14 0.8690586260683629 0.8743585890248985 0.2618827478632742 0.2512828219502031
6 0.6664760125188951 0.9237024628388902 0.2560819419804353 0.15259507432221942
10 0.44309536554501916 0.37595558893078224 0.2474797576807463 0.3182010523343698
9 0.2899549549934406 0.3993595610567648 0.2012726156156063 0.25855352256528735
17 0.49412026827467714 0.24288451166547886 0.17078147881213823 0.20220272961849636
7 0.2532193363940625 0.6456586804154428 0.2685804839326358 0.409119129505557
11 0.2162143471291677 0.35106957167422476 0.2834312101845253 0.4995518452811608
4 0.5432388496894165 0.4761263537212071 0.4038669945971538 0.22653244160397037