6 0.62265625 0.17565762267601814 0.3640625 0.3513152453520363
19 0.1296875 0.5848138251686253 0.259375 0.634539016329416
9 0.2796875 0.05768387025953063 0.1625 0.11536774051906126
8 0.6296875 0.259141051306942 0.4046875 0.518282102613884
18 0.70859375 0.7315329684414248 0.5171875 0.4460035004319479
14 0.1625 0.15146741161771765 0.259375 0.3029348232354353
7 0.48203125 0.4554651413396095 0.2453125 0.4143682262874596
5 0.2953125 0.723288409118918 0.2796875 0.4470079352789083
20 0.13125 0.7398642929417413 0.1234375 0.2999713792571718
3 0.43515625 0.0952460323605458 0.3109375 0.1904920647210916
2 0.63828125 0.4417619186512063 0.246875 0.46869275851434367
15 0.30078125 0.8862775463248238 0.10625 0.10240152476144762