15 0.8027198290582274 0.7073791449674116 0.290348961006951 0.5852417100651768
5 0.913847505822792 0.7859099118352939 0.1561819128671175 0.22655981819984536
8 0.1878401902610265 0.660275153510345 0.31908557718412756 0.3247169736873568
0 0.20563561597668398 0.09632494534797241 0.23002123195336796 0.18280272861787894
17 0.6603206867365415 0.8199047286674538 0.2390661904615193 0.28713917394106403
20 0.27522363632162306 0.8000211759182304 0.2826511697155948 0.34142962980913627
12 0.7233856813379568 0.5865643057521538 0.17320439212119326 0.2794071554875113
13 0.6602639163916024 0.11998607320472963 0.16238344606059663 0.14382071016432635
9 0.5983669836269752 0.9325675105696746 0.160679236102553 0.1348649788606508
1 0.543578859552414 0.5061809229896619 0.13217572780418313 0.18787136760421674
18 0.4143882670209468 0.48046999807240837 0.3819193091374954 0.49843654418150257
4 0.5388051587179327 0.25773192562588365 0.3956499224148871 0.465952104130761
2 0.7321076406713006 0.43853975502967163 0.309238825734235 0.45294985774317226
19 0.2607043921211931 0.28416095787002593 0.3484896572680401 0.37616009226776287
3 0.18781411162700642 0.48166026747736307 0.3420028589277141 0.3716538682880595