1 0.760900036240311 0.5202709648201137 0.0446091980251019 0.1487894199130776
20 0.16110269046696263 0.3481554031372086 0.16569935533407237 0.39508495021510925
3 0.5192269825673699 0.9403675405828821 0.28267040252860853 0.1192649188342358
6 0.16475952806386307 0.958200784631678 0.08535531153562217 0.08359843073664402
13 0.603824423191216 0.8079556948000307 0.19851425046142523 0.23353043289872108
16 0.7641599483296435 0.8732369534604217 0.23917882325581452 0.2535260930791566
12 0.4359339073089705 0.25362302110002305 0.16570175046142527 0.23276677380811156
7 0.2537521768918438 0.9412379280296539 0.13862001387966066 0.11752414394069224
0 0.6534868568752319 0.6072542207735147 0.2548038232558145 0.2681365313830703
5 0.5085982541620531 0.38537685497387564 0.143747604872647 0.16566373051823954
10 0.3427843985142137 0.9580447813841687 0.11055557063492083 0.08391043723166262
11 0.3774528878737556 0.757945691014199 0.06564358883351815 0.09933489069208434
17 0.37592095234403844 0.044126016771475235 0.14695414558877823 0.07001222077790838
14 0.14048261643595583 0.826078031385267 0.21203413479143665 0.3478439372294659
8 0.30796839605020365 0.3026699004302185 0.2649378917312669 0.41404259415360445
9 0.5117814157899604 0.5165541255366748 0.14873549352159507 0.17202282467404093
2 0.5046254595884105 0.8222950194762684 0.2588299892026583 0.28695926082027134
4 0.08343186613141403 0.11223490259668933 0.16546191856773756 0.195303138526712