6 0.7145411604369535 0.15673688680983833 0.389667679126093 0.23193305916169984
19 0.11557040318055936 0.8309363754267082 0.23114080636111872 0.3381272491465836
9 0.2664756826694721 0.13759787685119196 0.15905259618646844 0.1786793612073507
8 0.6459424386599218 0.26518225882288143 0.38311512268015624 0.4580456697038668
18 0.583826807542245 0.7818948804530894 0.4356597693221117 0.4362102390938212
14 0.0898486952833438 0.5604054209337479 0.1796973905666876 0.5249775085341625
7 0.4820808021847675 0.5436732239333016 0.2526984471822604 0.36059576109441127
5 0.2862151975607785 0.8186350452246912 0.17428078130301125 0.2838167506651838
20 0.14991310981183054 0.8410291438190306 0.22408237386128266 0.31794171236193874
3 0.45720981007413375 0.14823473274981275 0.3105803798517325 0.24866136803468072
2 0.6007762384824366 0.5549784237827156 0.36858139672677337 0.4984989328815755
15 0.29729405209994947 0.948006213880539 0.15946925843752044 0.10398757223892213