6 0.10103966277383916 0.20167896566165974 0.20207932554767832 0.30752459798998616
15 0.22551654473537294 0.7338220438410092 0.28530363182851975 0.5323559123179815
16 0.6111049845605938 0.09470388548522744 0.1902900308788123 0.07682738223170503
5 0.09834027929596675 0.7687494842481845 0.1379044799417403 0.24778851919858055
8 0.7461271907496577 0.22321092104767956 0.3389956185006845 0.31955632850154136
0 0.8874890104913483 0.6353701113582334 0.004869356426490867 0.00884351636387161
17 0.32829586691783896 0.5661549363806819 0.1749331185006847 0.30169992243270655
20 0.6138913522698556 0.21821576568752193 0.2065922954602888 0.32385114263629405
12 0.30524950884199564 0.7609892042585293 0.1304269490629279 0.19085827515786302
10 0.09351666778840409 0.32704038828760884 0.18703333557680818 0.3249141099085511
13 0.47651309191152136 0.9025607058691266 0.15445548244902274 0.19487858826174667
9 0.2846775622198432 0.3400497117317878 0.18179087226160834 0.2588002274836034
1 0.46304293995823487 0.5996152137611984 0.08875627461060631 0.13852002222653254
18 0.5922363464638678 0.5646018832625742 0.3190301109788372 0.4046754743590299
4 0.5456699203621935 0.7965535998261539 0.26963786473976087 0.3556535830434692
2 0.3609910434817317 0.7545263701198974 0.1711261569013444 0.27010980041234756
19 0.7647274604122061 0.6627303525642418 0.3564224623907631 0.4752535442598225
11 0.2181780354976659 0.22944202728389504 0.25781982633910117 0.3855430949620342
3 0.7975807275009649 0.449124784080804 0.4002921343358022 0.5569285248679992