1 0.15185820212807813 0.7520416061654245 0.03721083992388783 0.04194543767844152
19 0.8340022682887888 0.5418587011344225 0.3319954634224224 0.6109634772270361
20 0.5050097184397006 0.8556514253163375 0.20110087946721472 0.2886971493673248
3 0.32248644813656435 0.20141273028483014 0.3384682282883512 0.3921165133968535
6 0.6845633423953458 0.06258831589039059 0.1503766847906915 0.11572265833797875
13 0.284750320683697 0.44897790306708496 0.1644975346004111 0.2199741683560551
16 0.19358680980928206 0.37953703577703396 0.18876270555093821 0.2472393088709809
12 0.3035864812912818 0.9362347989838322 0.13207235376405232 0.12753040203233562
7 0.5610223661213419 0.21159443663101907 0.13210152866891214 0.1822317587805987
0 0.20828993285070624 0.6306332445981783 0.24925453657757748 0.23312867420978775
5 0.2780652164625342 0.8436241239884777 0.15502969269935693 0.1657468992955245
10 0.5163001151327589 0.20499900298599358 0.14644787155854927 0.24274538927744793
11 0.47089075053147267 0.533735392656225 0.04923067885919252 0.07744694769651801
14 0.6407363824329643 0.3153133400908874 0.46396692988495686 0.6138710031169214
18 0.7428187831547174 0.742045874047605 0.31834141209045974 0.5002680395485943
8 0.40698605391496406 0.8688173571410467 0.19714820851668766 0.26236528571790674
9 0.28996569718516224 0.7218703287762058 0.14090352570316256 0.16355448165323547
2 0.3853896492388783 0.4195574008539851 0.1812685405319101 0.2575953731437834
15 0.8291211087069682 0.16681021921933112 0.21449221741393637 0.32242111605257323