6 0.10670386778601486 0.15585325255099836 0.21340773557202972 0.28829349489800327
15 0.2139607408446893 0.7053337780549697 0.2834276359270002 0.5771063098962765
16 0.6312946400185334 0.011386840365652798 0.1874107199629332 0.022773680731305597
5 0.08637145418420046 0.7226169520271396 0.1309474435540633 0.2348459580912916
8 0.760297604539171 0.1249741513666888 0.32627979092165804 0.2499483027333776
0 0.8828422048171726 0.5098796509569132 0.004905754809323426 0.008624431761756786
17 0.3255034199707823 0.4966522136773719 0.1586012176006804 0.27816218251902425
20 0.6273214134321783 0.13318906575854694 0.18754467313564332 0.2663781315170939
12 0.29383921380284733 0.6930934381051048 0.12160715988879929 0.17602746071058561
10 0.09016864301375833 0.28281673090767256 0.18033728602751667 0.2801998715179882
13 0.45868790908619117 0.8315722280151945 0.15200398801910037 0.20495441742393414
9 0.2915252679713493 0.2751682169856377 0.1682837524470707 0.23092474551867886
1 0.45914180998931575 0.516432392062567 0.08926588584218216 0.1324201378544295
18 0.589866020333602 0.4687953355428521 0.30922126569391467 0.3707136327524328
4 0.5329736356725462 0.7052822351841058 0.26944943756361345 0.3412044791822377
2 0.34952621861217076 0.6813154400354275 0.14813494355406326 0.23591331899551068
19 0.7577777174310444 0.5498854259768008 0.34372524046617114 0.4373346550847302
11 0.22946426679022297 0.17716321091847967 0.24817463828925296 0.35432642183695934
3 0.8071477787711224 0.3325851739781821 0.3776290145127882 0.4810390107503609