18 0.5855384487598889 0.2585967016581337 0.3609663464801594 0.3880468105603694
12 0.5502423340326048 0.4207512680131083 0.010677390871793336 0.022989389539303556
16 0.5133990651607802 0.8417097828501677 0.38999007303494265 0.31658043429966465
0 0.11652833963168219 0.2778651042141805 0.22571593071325693 0.42656354176169425
2 0.7291666977342037 0.889641348026792 0.22890901784613932 0.2079347465494223
19 0.6140708035384181 0.6232406373853311 0.5891649693053207 0.583481557109792
13 0.3481209591328511 0.23072484269677065 0.1953628120372805 0.22225142934975364
5 0.1263536255244536 0.31334237327471126 0.23589456888575774 0.3308514132160892
14 0.8807567829929864 0.7754526247613714 0.2384864340140272 0.3646089633064714
6 0.721010655617655 0.8697951392056475 0.27625761452679143 0.21663169424594056
10 0.4313613568531216 0.3625626859172526 0.2935653589277141 0.35628775045191075
9 0.2859905798834199 0.42911351352778127 0.22476689212119308 0.27245747748889165
17 0.462798765771547 0.21495509145929295 0.19704371120744354 0.22434688316185986
7 0.28336617781347184 0.6852301882612802 0.31861382573423497 0.439778650009291
11 0.2086701406713006 0.40144233697396603 0.3770434776036904 0.5610119591421274
4 0.540914878223746 0.4352558182344182 0.42980958963168214 0.28029526020813156