1 0.09495880911427357 0.7890072630478592 0.039986382573423504 0.04724634059717563
19 0.7982767537249776 0.5885963477585182 0.38071385187874435 0.6551121363323245
20 0.44472108815856776 0.8670227597520735 0.22810537967363853 0.26595448049585285
3 0.29333283505829005 0.24202227444782562 0.36551213652211567 0.4423207746158933
6 0.6618245711608429 0.11511220517075765 0.1544758576783142 0.12008968153048644
13 0.24240618463872715 0.48859877427975795 0.1685635136969545 0.23123475248823128
16 0.15461110932869943 0.4165347774074759 0.2152734929510301 0.28739714985160275
12 0.23933392591615013 0.9545303835079579 0.12983105518880328 0.09093923298408413
7 0.5321468813240238 0.25486360532571173 0.15019202199532417 0.20879892971452588
0 0.15753150932405502 0.6691789335145146 0.26925059793005196 0.2799959798891505
5 0.21684454189283411 0.8830990792299933 0.16463303029369403 0.18942240496334886
10 0.48701198007926816 0.24751386043745793 0.17585579544054095 0.2775051283962116
11 0.4259398124382658 0.5758721439323021 0.052936668466194846 0.08368277327135161
14 0.6051331728158724 0.36638715533226857 0.4959836543682551 0.6596425198402824
18 0.6884253891981861 0.766268400271772 0.32036650249879967 0.4674631994564559
8 0.34642529811661144 0.888089376580251 0.2002637995897259 0.22382124683949792
9 0.23554884293245254 0.7612750189999439 0.1434917361025528 0.17294522047321217
2 0.3453186197016616 0.4604951896346671 0.19628669461070397 0.2814823128863484
15 0.7998914109930177 0.22851484412659714 0.2408421780139644 0.3270823627248375