19 0.21640625 0.2940488386305643 0.4328125 0.5880976772611286
14 0.7983985585842619 0.9856394315325953 0.2872871683734992 0.028721136934809502
4 0.7324968976797476 0.4772901002260031 0.40779271530502276 0.6997098841053904
6 0.7345397268871741 0.8158124097837655 0.46894450497932316 0.3683751804324691
7 0.5122508290662521 0.19489236831284687 0.2411233418674959 0.3456422859309157
2 0.9467322448795024 0.25190982423049385 0.09798101564384112 0.20900535837744041
0 0.90188612158315 0.7945138182989948 0.13215859456891862 0.2420380342708834
12 0.8902918000564698 0.12772336243092258 0.1518802893919517 0.12256293018969705
1 0.349122955558138 0.43349065880757603 0.4001343208208084 0.34596766408001955
20 0.4516270583019134 0.5967245784523859 0.4931408681758551 0.3697261344473117
10 0.32688685060704964 0.8560925816980884 0.36926375241907444 0.28781483660382323
8 0.8653163739316371 0.3947101364740528 0.26208683120297777 0.5400714005569891