15 0.5210701712162837 0.14918544549812884 0.5422346575674325 0.26234054273916685
16 0.9080969046764575 0.9178484094664049 0.08918243217453821 0.16430318106719025
8 0.668107605462246 0.9116972945867228 0.1998288337461151 0.1766054108265545
0 0.08489484512316374 0.9102174574095554 0.1539298287837163 0.12298155585660832
17 0.654621071754403 0.2942647964701062 0.2540497609582548 0.35650667872681546
20 0.7836448682825276 0.8489154786662441 0.3277783593866781 0.30216904266751193
12 0.44704832030666086 0.20562136665017075 0.22744441149637407 0.21956145183106
10 0.9817893473949661 0.18764439318249793 0.03190927956950453 0.11029862505644737
13 0.08492398273404834 0.34169468189328095 0.1698479654680967 0.2538951484993762
9 0.8478038374701686 0.3913005804284847 0.19706770678164426 0.2423777943609333
1 0.434952772954476 0.4846242590065779 0.11901117328319835 0.14963701643262914
18 0.43434268920836094 0.7038655819373564 0.3978811517764644 0.5473647715953729
4 0.22791936890170011 0.5150583778071615 0.3737886803125116 0.5269770284927779
2 0.3510080742356023 0.21979454469961757 0.34227750702931325 0.3834542529765035
19 0.30768168176476285 0.8380488485599477 0.3257792117440431 0.32390230288010474
11 0.9341095186112497 0.29708727272432056 0.12799668320799568 0.3622461993061355
3 0.5006290070338225 0.9140801613139609 0.2054966368892682 0.17183967737207836