13 0.559958099901178 0.15143295941052734 0.005233531570031147 0.012609094155801396
5 0.632087060015116 0.730648900968541 0.160283594568919 0.23890767965231016
19 0.4847856677382147 0.9612917857127166 0.2021687157285459 0.07741642857456696
15 0.380632433876166 0.47713206763740446 0.18830217875566851 0.27285921320185125
8 0.5042743312029778 0.538283666662273 0.18054986291418337 0.3455213268383147
9 0.3303109993647155 0.8974070200189845 0.0492257262518895 0.09063791017274643
14 0.2671431414298554 0.9483659534626185 0.1999537683452643 0.10326809307476287
7 0.6521588233810572 0.4397458933924838 0.18214318401734034 0.2747970876607828
2 0.372364178543907 0.5737161498886008 0.14344616311182729 0.06785615800737427
16 0.7589695364787671 0.5265209648201137 0.2867690418110261 0.41875473159927806
3 0.461452710466874 0.09398819588326617 0.20103042093374798 0.17117589177312287
11 0.6119026336079347 0.8513035873894246 0.13378127872743378 0.29739282522115074
18 0.4341192678511542 0.8082495189357491 0.3421243997458862 0.36385022618749474
4 0.4246330628577136 0.4302881601694512 0.13167274715740257 0.2985970519469677
6 0.8035670103468757 0.733916453456028 0.39286597930624856 0.4343457326803166
17 0.3738874231410608 0.7693858419882321 0.11360601564384121 0.20660310281289707
0 0.5121723182605598 0.23669125703004573 0.2891659997176514 0.40216079436981217