3 0.7408633424333531 0.32086830575405945 0.42547668486670603 0.6417366115081189
2 0.7032660713907035 0.9543753025062103 0.09040160151720862 0.07358329299917206
10 0.8205974794163925 0.7898458168195585 0.1749675333397988 0.23041507598026764
20 0.6118769572864813 0.48298512165712315 0.1361284318225902 0.1572317587805988
5 0.7613344365336959 0.6516980657130086 0.1593744842481845 0.20530599167131194
18 0.5911509006088231 0.0933775473662442 0.055803460910325245 0.04416209627827599
14 0.2553410753044116 0.04700087601152232 0.23179187606301593 0.0871741360887261
16 0.45160978167280896 0.2143085390375563 0.4038892430421761 0.4237664891963567
15 0.9004760401769365 0.8944844876505691 0.16527379788366653 0.17411659406517616
12 0.7505876104803783 0.9102374471854799 0.15813097758022465 0.15948477881675155
11 0.5256203350164872 0.5805752299047199 0.13517119395056162 0.39669388732620375
6 0.42786784547746876 0.8095668441369768 0.3948332363742164 0.377884673947932
0 0.5196426913654879 0.06405539799891934 0.22991038273097572 0.12811079599783867
19 0.9075726103112004 0.6837223873388769 0.18485477937759925 0.22462565417363484
8 0.6762258550203665 0.7169722663363929 0.23979479213379057 0.4474817184464373