15 0.4808674990755632 0.8093485361087912 0.2287855442066476 0.3321706347045662
8 0.4209396034569899 0.429618237601167 0.08408549498543505 0.0641200256291692
0 0.2528809590920577 0.055667211669141056 0.23388691818411544 0.11133442333828211
20 0.45991718692222694 0.49470618197034827 0.03872753087881229 0.05887038896415208
12 0.5662988822242312 0.7084426285257698 0.1458246285298145 0.17660230815574327
13 0.43669132092882473 0.1904509279365521 0.2660415032987053 0.3809018558731042
1 0.48749661764275487 0.46774089024723425 0.025772889812585475 0.03716359264276813
18 0.4037210112162641 0.4652488406464899 0.24584867524374446 0.47065328056612343
4 0.4244019210871094 0.26558524800372185 0.289371354710631 0.4632937343576341
2 0.5347042382550106 0.515561662145464 0.20820025956691132 0.318251257348984
19 0.2508507608205527 0.2724962136295918 0.3921613855894435 0.5266406211355459
3 0.25472357007089497 0.4141082888595053 0.334109541699365 0.36865255389615753