6 0.5512992890180882 0.16854860666923954 0.36381787785160635 0.3010786131779741
19 0.1744780821982296 0.7477602354185237 0.30029320326688913 0.5044795291629527
9 0.1722533366740498 0.1477713823350762 0.15758886181247736 0.22861483469670935
8 0.5747460834348473 0.23099462496730158 0.3713671668696946 0.46198924993460316
18 0.7830091664082692 0.7127929511756091 0.43398166718346154 0.5115113109872609
14 0.1043730266795871 0.26624546635009755 0.20353931677740947 0.4383424006331383
7 0.5089568044389083 0.49266650259595846 0.2642369848837216 0.4032671529863479
5 0.41674472778700783 0.8051522243341633 0.26888491208933263 0.37017629488833564
20 0.2660426233757861 0.8777898436706089 0.10466412091177606 0.23072046186314785
3 0.33155848550203054 0.13156179884767005 0.31906658235511304 0.2631235976953401
2 0.6515960849760067 0.41512364397033086 0.23272616902916282 0.4290774913342463
15 0.47244162013658364 0.9543147079270926 0.10749112739018099 0.062394793524959385