3 0.3875231699446739 0.5940509284459322 0.662940329035214 0.8111466734242209
2 0.6961456546795259 0.9105040977184821 0.2425703595655097 0.17058019229469654
1 0.19834896879233552 0.03719698803067941 0.24044793758467103 0.07439397606135882
10 0.7765580144721784 0.51080035494062 0.21531954206179832 0.3515635417616943
20 0.5780386273170487 0.5102563224114353 0.042344630257724704 0.044065132448093416
5 0.6188484130472689 0.6339358847329937 0.15349457146044046 0.24903175071376657
18 0.4525971347802805 0.20434777934046283 0.46144426956056106 0.40869555868092566
9 0.5191372608541338 0.3835911455957644 0.08665455223856355 0.13813026489618682
16 0.16191673959609207 0.7791902131164162 0.27617515490666855 0.3499529071005009
13 0.06352026741285455 0.045687887588059445 0.0520405348257091 0.09137577517611889
15 0.8616722416322571 0.7257163069324098 0.27665551673548594 0.3585165295305179
12 0.6962950616223594 0.7552472824700573 0.1653394742194024 0.23246204787728242
11 0.21591152080375653 0.7412599361199809 0.10984639077317437 0.13206207207777917
6 0.4316194872212429 0.9802850329219682 0.0016443871551297562 0.0020954538121060297
7 0.8132955331282284 0.8887556682378005 0.19264560266810485 0.21184688316185998
0 0.156984741632257 0.27595006856807436 0.31315061171321645 0.5355998628638513
19 0.8928359531885033 0.29517466043282387 0.21432809362299352 0.38086353369486203
8 0.5436480964480686 0.8481259970140064 0.2569404760284247 0.29773624850066654