9 0.7299667630130052 0.13027004395968592 0.1455840577372161 0.2345676370722441
18 0.17488848101945115 0.770167099580437 0.28758808916607276 0.4584028763573869
19 0.026302707694863696 0.278787543291377 0.04095674189573072 0.2965915800839126
17 0.07230618145709163 0.16428191258431266 0.1380599840738101 0.204769508164708
13 0.9016058155591367 0.7040823617965366 0.19678836888172668 0.31856597400463377
5 0.5126937759554234 0.45563854742508064 0.20228908404557516 0.25066746390673583
2 0.2684223182605597 0.2092948370660516 0.3256495312876824 0.4185896741321032
14 0.4345141100009987 0.6958079515773617 0.5183368312029779 0.5771267159222381
16 0.7936832546263873 0.816459267748346 0.25103042093374783 0.1912936940605756
4 0.5772597209902177 0.0656356199098949 0.28889444198043535 0.1312712398197898
20 0.46863587891096026 0.03115060607927864 0.1497717578219206 0.06230121215855728
15 0.7266190390390158 0.5386512290226204 0.5171691733528222 0.5147845814824554
6 0.8725267183593818 0.3143100818524783 0.2549465632812365 0.48485474744985074
3 0.2844946392931297 0.24086056818648632 0.37084020492285336 0.48172113637297265
8 0.5344568419380831 0.21511540165348145 0.3064136838761661 0.4302308033069629