5 0.7900116134313876 0.8746447272401099 0.08562443317629623 0.07297636480924817
19 0.40774662610805434 0.8289484214984453 0.3501147430727773 0.31322415396590936
15 0.8221285696984258 0.3634403203374869 0.35574286060314825 0.7238629539282628
8 0.8556812378889811 0.6432949063251852 0.2886375242220378 0.3335721259036594
9 0.5433370627712033 0.2865556568021365 0.18861131508027745 0.24471877872743367
14 0.270495593591157 0.28015793685993784 0.48282737266768433 0.5603158737198757
12 0.37908580094300826 0.6793628390185282 0.17201028397749968 0.18124805593626736
2 0.85390625 0.17459974430843492 0.2921875 0.34919948861686984
10 0.39649889340286953 0.5617963934361954 0.22599373788898108 0.29322159973647455
1 0.5242828493406011 0.46288012693893793 0.1682796912348145 0.19546736822291316
11 0.690705389067545 0.8331488253638681 0.2607597171537959 0.2544671014433071
18 0.6417600411410636 0.8411377130207524 0.36333791300675883 0.25414223113709655
4 0.9660145622055554 0.4058266994602087 0.06797087558888926 0.4669690455070397
17 0.6235699498589808 0.45621668145072136 0.24509505240361057 0.32372301024099503
0 0.9716178876534254 0.7629260819024793 0.056764224693149144 0.17283447705824764