15 0.5280068515698134 0.8616273628398816 0.23590392105489233 0.2767452743202367
8 0.3794811423028749 0.5546325293133056 0.08409077673520518 0.06300983919599433
0 0.11348620470141224 0.18930642546065835 0.22697240940282448 0.2423884804149339
20 0.43198342942964024 0.6022513313362505 0.04379355866619043 0.06483825293133047
12 0.5844914343733187 0.7655159182129704 0.1509283514929388 0.18214221859299046
13 0.3355229647148201 0.3141353329468479 0.2843849797210828 0.4162403107203153
1 0.45197350133738234 0.5656653662866468 0.028529191585911207 0.04039103717304945
18 0.37110055975147105 0.5945772852725881 0.22574195323797924 0.4533579313233195
4 0.3437617996120125 0.39674582102828293 0.28322667130699397 0.4534001886999564
2 0.5078575145789341 0.593747593158194 0.21417103268728982 0.32159774829278126
19 0.18003742524226632 0.4688979008182298 0.36007485048453264 0.4806532392089256
3 0.2159378123493611 0.6017846091032524 0.3256548359055985 0.3440887466821839