5 0.6791547071135007 0.8953976156761388 0.08100595909205772 0.06722547604282052
19 0.30794494833801206 0.8252222321643892 0.322035439033798 0.3207182253722171
15 0.8163785401165194 0.3960419576473455 0.36169629875899395 0.7088050133628657
8 0.8149056536691461 0.6779331061154148 0.34400136724704355 0.32675397696567116
9 0.5263876891003051 0.28461601172634243 0.15436455423577727 0.2128165823551131
14 0.2607232366721649 0.25658456354128206 0.4377921343358023 0.5131691270825641
12 0.30537754097444925 0.6570062564291855 0.1580973079967011 0.16946710055371028
2 0.8652887162181937 0.18173384639473233 0.26015521615168674 0.36346769278946467
10 0.339863852732074 0.5417693820721041 0.19300115690134448 0.2681040612772248
1 0.4804948644105565 0.45801234218038467 0.14725073620994636 0.17269922475698335
11 0.5875726123654925 0.8397995599483183 0.24379076708875883 0.23709309479512822
18 0.5366549700456245 0.8503885070997889 0.3482054824490227 0.23353800123046753
4 0.9554804925446596 0.4538180783560936 0.07558163935036717 0.461857254780362
17 0.5786595797708205 0.4621014600098417 0.21725701082055265 0.3076066522702111
0 0.9187998803121811 0.8125379405807769 0.12657452335696498 0.1542969792297285