9 0.7586411606107628 0.13181864877802674 0.1692596672787225 0.2197751603107808
18 0.23855012502424583 0.8507175592301709 0.1760837521260319 0.17854500326276082
19 0.19476933455744522 0.4171428268643568 0.19920200091808388 0.3271164343573979
17 0.26693150591905374 0.3417029983120742 0.09757611485312827 0.16865742310737059
13 0.8825249418245299 0.6053834420053922 0.23495011635094026 0.40388893598877845
1 0.7098372566679597 0.012913232927050317 0.0016900457576344507 0.002156084936441138
5 0.484724525922933 0.4694542834956279 0.10726985030926066 0.22519842951980185
2 0.34606102546389106 0.31608129075202207 0.23367259576733285 0.3557275513559952
14 0.32959010001939665 0.6741137050281635 0.6132637272903606 0.6517725899436732
16 0.7054029141139206 0.7851057024962746 0.4053880991013127 0.386574142761413
11 0.5052771734876405 0.0758365992795934 0.09499324879205204 0.1516731985591868
4 0.646476000459042 0.1484986353353827 0.3585770009180839 0.2969972706707654
20 0.6695467097023773 0.16103824175827958 0.049649055759574165 0.07294312982345977
7 0.19083036002133635 0.7495204767125278 0.043048369395056164 0.04147487501413636
15 0.5770078786480898 0.3899436841029439 0.3277086066873565 0.7465013734958466
6 0.8781408465162389 0.2206810597914071 0.2437183069675221 0.3803175048941414
3 0.42625870849442926 0.3207042923268572 0.3010510275899231 0.514669360670984
8 0.5264501560688349 0.26798601985507525 0.05723815727678296 0.14600529969634207