13 0.43880132671680167 0.17612732575307352 0.23489734656639666 0.30080634357432834
5 0.8061984185301967 0.7592840621047837 0.1521533130679507 0.20711798578064275
19 0.720380734907916 0.8923049522214304 0.21418243217453856 0.21539009555713923
15 0.340046995451886 0.3345325749937735 0.36783408684648694 0.6269375574548673
8 0.6155627640631358 0.587805848318361 0.13321922249741008 0.15578324194278875
14 0.4229364623677248 0.6302939924197403 0.25328778163641913 0.381186413729953
7 0.8061513767595828 0.6036510375503151 0.19369014970954979 0.28098482783637097
2 0.3261365068244256 0.19453482414035725 0.21196926881613765 0.31356957167422467
16 0.8981847113342674 0.7946288128640837 0.16535113399378432 0.36189135419178814
10 0.5076517566195378 0.7392330554656861 0.13972608767505648 0.20823059632280944
3 0.4519606062863063 0.06852203451311498 0.11795378742738745 0.07564585248495576
1 0.5446680672062889 0.5990121992847167 0.03136131596343468 0.05022213329568691
11 0.7960250519048081 0.7365596796625131 0.24493162613590122 0.4096250383032448
18 0.6454578176205737 0.7743297119854741 0.4295292580627706 0.451340576029052
4 0.3381827425564019 0.18606987675707573 0.19107457195929084 0.2953254804719127
6 0.9345887841221276 0.9186169952687079 0.0749315334984459 0.09308165604920665
17 0.4762455529382653 0.5842982239333016 0.18670809553293938 0.17032548047191268
0 0.5608838802742395 0.4039069080447581 0.42149843424145317 0.5126771503640118