1 0.7114948819653192 0.5302609100891577 0.05186487884037305 0.15070301156375715
20 0.14837877388928483 0.28500309685975894 0.17041599971765137 0.3982090275832714
3 0.39305090592519126 0.9213979065881853 0.28596686305535746 0.14808927827284607
6 0.04161392793436075 0.90190079020794 0.0832278558687215 0.10961814757054474
13 0.5031987216255022 0.7947737074581257 0.1942945735222315 0.2299438631444834
16 0.6498770295744797 0.8684881634309753 0.24336911035393455 0.24527869159769486
12 0.43824491069275295 0.22637594302994313 0.15973756299888783 0.22524387736048357
7 0.13108923221943306 0.895274312858062 0.14387036831702943 0.14796660980266552
0 0.5888694530684764 0.6029487394441264 0.26880872611071516 0.29147565160193717
5 0.48600830552990304 0.3661646016868527 0.153138952503779 0.18142115202630174
10 0.21657941118686308 0.9220538941756992 0.11401626834526431 0.10794692446424155
11 0.2879524241998684 0.7179592230532754 0.06852175782192065 0.10307724623381773
17 0.41770343949077376 0.021267495968607504 0.14584312101845248 0.04253499193721501
14 0.07962877388928483 0.767319735094425 0.15925754777856965 0.39036052981115005
8 0.3025503343985111 0.2586690692764874 0.27610455759604163 0.42274989337999785
9 0.4655222293062485 0.4955615652450949 0.15635495776545089 0.1835529689157563
2 0.4024174716255022 0.7963373021430339 0.2558536998023559 0.2808650507107859
4 0.10697106584148527 0.07272273244218193 0.17668286831702945 0.14544546488436386