18 0.8083157457111583 0.5917122911332872 0.33935077474120307 0.5591380887418214
20 0.7630053713000475 0.8423850384273955 0.3462092016024071 0.21191235172856318
16 0.2972277315738891 0.13615450541178323 0.39929453685222177 0.27230901082356646
3 0.04794133958513921 0.6975037445893153 0.09588267917027841 0.5133258441547028
2 0.2689284913758338 0.31200434469961585 0.414781418756203 0.4485654188276454
19 0.5840265196038894 0.34835412446442365 0.3294084296894434 0.6691547435038829
14 0.40560297441032533 0.8444625589868994 0.4705639441095366 0.3000927370088642
6 0.4377093027329174 0.48592921970126357 0.3748781716309251 0.5537244772696316
10 0.8738798315266209 0.31768650054930675 0.22954796484472162 0.33608650757386027
9 0.798857873562639 0.0354952088776971 0.19044863421305536 0.0709904177553942
7 0.6158204896324074 0.01026911228626376 0.04708961347787035 0.02053822457252752
15 0.20229594038634277 0.5221922786815724 0.40459188077268554 0.5847821093035219
1 0.14099756394898172 0.16937110660312246 0.1358567534403699 0.3110243225097669
4 0.7579718675303708 0.3484661250071398 0.1953464965131472 0.5994698051933788