18 0.6175642973521849 0.3074670402756039 0.3242167117440431 0.3499669872882283
12 0.5539449071531479 0.45114096973886036 0.008540246071058633 0.021197091348872377
16 0.4393752547530017 0.8418055761617572 0.37236311331561966 0.31638884767648556
0 0.12270125351465666 0.18562832776486501 0.23602750702931333 0.3708201459110832
2 0.6461561017336831 0.9306812629096805 0.2088014193542568 0.138637474180639
19 0.5808627797743924 0.6635086981110413 0.5379967295267232 0.5304762838349
13 0.3870548519430801 0.20625668202341785 0.18220468610347992 0.21439817954807444
5 0.15180871071058574 0.21506285662080557 0.19270984656639661 0.29184527089694684
14 0.8602462570293132 0.8766038983581539 0.2795074859413734 0.24679220328369217
6 0.6432301548768363 0.9133234560134897 0.2646533130679504 0.17335308797302057
10 0.44616448635114886 0.35772494566397056 0.25630146567298445 0.32600533502125917
9 0.2915690316364192 0.37548616115474365 0.20895127667402047 0.2655622051977994
17 0.5040069114963741 0.22730167645494953 0.1691952638537389 0.19923283338987866
7 0.24234393527491033 0.6186276851730881 0.29275269602827736 0.43169978535318976
11 0.21958271567298446 0.32429567234822565 0.3147775533480409 0.5263228045904835
4 0.54184516749223 0.4620172902473313 0.4069135876750565 0.21654107706226544