5 0.46422743781181364 0.4551534953500836 0.2083591338757694 0.18856957167422467
19 0.48195276911033524 0.7175527024032926 0.31392746042459246 0.33800202067022267
15 0.0002822037543301853 0.4607909614144064 0.0005644075086603706 0.07841807717118716
8 0.16536389190482814 0.390091186194754 0.1884560696514182 0.19740881380524608
14 0.09124471845365126 0.6639878773217731 0.18248943690730252 0.3095242453564538
7 0.34050773405748347 0.25394842149844526 0.2734595906823173 0.3784758312500359
16 0.6459521506112553 0.3299230324170771 0.44960601085413393 0.421232616993032
10 0.21508949570458685 0.7102375722389221 0.14290455223856363 0.1481779507028302
11 0.4678061391912947 0.46318347781117747 0.36615834577069994 0.2797489328815755
18 0.3420990530315331 0.6692196741528103 0.49405977498762804 0.6406901116843021
6 0.8123440332438294 0.4758899238640914 0.3491080438708206 0.44042882764813845
17 0.0677972523748492 0.5055733264118871 0.1355945047496984 0.22218668050955917
0 0.09515204771600785 0.23003756854290838 0.1903040954320157 0.3940915295808499