14 0.3479290685116543 0.009416727167908718 0.18023313702330857 0.018833454335817436
4 0.5297396407363236 0.5647563022443547 0.7147768727649743 0.8678693720963608
6 0.4268030913771451 0.1578060925067155 0.5817311827542901 0.315612185013431
7 0.887442980214552 0.7108723833054608 0.22511403957089585 0.49142564610680256
2 0.2457515650530932 0.7607485908173269 0.437911750084818 0.436642224038314
0 0.1807688834799295 0.33958333333333335 0.361537766959859 0.6791666666666667
5 0.9086930530721936 0.9514792025873017 0.11624504809323426 0.08421812828374962
12 0.4821851167745246 0.9568714266256159 0.16301092068857237 0.08041507598026763
20 0.7705307548093234 0.2575662706316646 0.45893849038135315 0.4973134207592101
8 0.33796385770403187 0.6714736351849044 0.5903324003549704 0.5898770028550657
9 0.14769345553496285 0.031001530185157115 0.1672619110699257 0.06200306037031423