1 0.11930869525782166 0.7563392446121602 0.03788180800445433 0.048124433176296104
19 0.8249421719446388 0.6405343340255534 0.34593394939526984 0.6480677680180238
20 0.46754565324636765 0.8763122346216662 0.19317038669636233 0.24737553075666768
3 0.31862163598027365 0.23111495004753005 0.32520218403881646 0.41879721809654236
6 0.6877721726607275 0.13862240892326985 0.146330654678545 0.13361759522481442
13 0.2680205572883657 0.47338130719481414 0.15499767735518083 0.2324456021365428
16 0.18035747262891083 0.3922498290922835 0.18181471602481705 0.26471082563641934
12 0.262158171904868 0.946586959283827 0.123020424013363 0.10682608143234612
7 0.5567665259786828 0.2745358275219122 0.12974313868554468 0.20036264668567866
0 0.18207287193668473 0.643747165881481 0.24738517202418073 0.26611608369493756
5 0.24035644458150393 0.8653478191017894 0.1482567813494538 0.1754665299404934
10 0.5122989106460919 0.2620495214583938 0.13801017202418073 0.2533573202640737
11 0.450069441279457 0.5822066689292581 0.04912839067472685 0.0848169761860492
14 0.6308574593014106 0.38745136054117124 0.45538167472945157 0.669159864782221
18 0.7122138105904126 0.7905163932143202 0.2666271627148159 0.4189672135713595
8 0.36819963391154953 0.8853363924601231 0.18510334802672598 0.22932721507975393
9 0.25938880259391245 0.7455689016654313 0.13737382535009016 0.18044065359740719
2 0.3698285052912292 0.45710373038061636 0.1788351666931806 0.2810129562050612
15 0.8274608339831371 0.2623182000010473 0.21695333203372585 0.3562207227146908