19 0.20050049063022607 0.2968408267027256 0.4009464391059745 0.5811816534054512
14 0.8691101109453392 0.9457458534902958 0.2617797781093216 0.10620443560363407
4 0.7462811441228264 0.4125928739125392 0.34972937275099997 0.6595483413961183
6 0.785611288834828 0.7877453369403613 0.42877742233034405 0.42450932611927733
7 0.4937141594445286 0.17848161431145043 0.24680331888905727 0.3454726258221798
2 0.9412204185197149 0.15105188372581033 0.10087267447164336 0.20155147379587793
0 0.9457584484757483 0.6959041548376285 0.10848310304850343 0.23922116624230202
12 0.8579943071815924 0.05497540282193225 0.1472386143631848 0.08561206047102908
1 0.36282374950902063 0.43789151739866367 0.38421241529826117 0.32677256895817874
20 0.4853123487468949 0.5804073760873899 0.48280445140261463 0.36371646764266263
10 0.39669579722264325 0.8558029866857566 0.36533515027114644 0.2883940266284867
8 0.8774164728726369 0.30527842504768965 0.24516705425472624 0.5204726258221798