15 0.7809223572179136 0.8646143085243458 0.43815528556417294 0.1949032142237395
8 0.191131116851332 0.08305069672025502 0.1258925617576248 0.12016559194848367
0 0.7713043501582846 0.05985426551087792 0.16448370031656906 0.11970853102175584
17 0.41914273739708074 0.7448057182269889 0.3821666084715548 0.42319084146439984
20 0.16166257719703098 0.13077616983834064 0.19034751834240007 0.21363023766079603
12 0.6679499619285447 0.8180162009966883 0.30462061850068467 0.30186659994295817
13 0.90637333511459 0.6180189186712977 0.18725332977082018 0.33523983346992525
9 0.14158002705138167 0.7161471921706379 0.25716660847155476 0.4154282167064418
1 0.5224626510288497 0.4963952713018462 0.21404108260730723 0.298322030326772
18 0.5237343313536661 0.2901511698383406 0.41309366270733217 0.5803023396766812
4 0.7791983843358022 0.4668917074766281 0.41678095236163326 0.5792981643205561
2 0.7274553425699302 0.7486069214271838 0.3227174006331383 0.3446006275138442
19 0.664923969516899 0.13314485745936158 0.4454729390337981 0.26628971491872316
11 0.07460077870073432 0.9091038516683932 0.060068984956305214 0.1784931811410812
3 0.3553527412245113 0.09334040543222206 0.24806909012915473 0.18668081086444413