13 0.04490537461672139 0.9893427030638613 0.0610374939498758 0.0213145938722775
5 0.41287568725926277 0.48648752724252636 0.16978630093507635 0.2519186551495023
19 0.7243717234618121 0.5641636541159124 0.33101469242562426 0.33233644663467576
15 0.41300593482337583 0.9721512111849397 0.1878636143631848 0.05569757763012054
8 0.33930079011137426 0.8489023761043438 0.29982832493918143 0.30219524779131224
7 0.22207342525721022 0.5108247871662368 0.24304199375348406 0.21652677359419314
12 0.7508291634515494 0.7696250102743966 0.10378859621281222 0.1608947337024735
16 0.27409096409203826 0.23183040098437405 0.2861385296614459 0.4284647707149019
10 0.7485530702637995 0.9051064163036802 0.2181783491396782 0.1897871673926396
1 0.6350945582617469 0.9490706647102262 0.07867042154477702 0.10185867057954757
11 0.4657507023845732 0.5483184001599622 0.20306240924813695 0.3609722825396832
18 0.5920404916121847 0.6216323915220889 0.4271180536655509 0.5217303166728205
6 0.42206083148028506 0.17257172424018846 0.24337833703942988 0.29361010692752637
17 0.5677297962596943 0.9707601932939592 0.17231133723582168 0.05847961341208148
0 0.15816598224241085 0.7771500863664329 0.3163319644848217 0.4456998272671342