5 0.40811091920708603 0.459204261367381 0.20120901775758906 0.28173801731419135
19 0.7222370517206433 0.4373116195953566 0.34208854781181836 0.34334417532156547
15 0.47004627518245545 0.9452133079047624 0.19256929508134402 0.09197286038785582
8 0.38228317564999365 0.8285179145056881 0.33891809601642037 0.3328547792176979
14 0.834331488979906 0.8856986618041901 0.11115566861791075 0.05258189502063217
7 0.22416264520298093 0.5447271158029342 0.2714760659621911 0.2729577629845451
12 0.7721638079671592 0.6319630995741752 0.11163745764913066 0.16299856168729884
16 0.2418551810127468 0.24955361959096284 0.31286465612487896 0.44890324566815687
10 0.788646805138489 0.7930214210029035 0.23393061416679295 0.2616683430714675
1 0.6813337540070208 0.860095737560368 0.08809996369925485 0.13953642424162543
11 0.4672859313073344 0.5036557353938972 0.24229762607064967 0.38893349999780313
18 0.5991626452029809 0.5359995833388255 0.47275780659241706 0.5713624469654032
6 0.3782426537871879 0.14915597348599682 0.2560146924256242 0.29831194697199365
17 0.6201689950300302 0.913597294919119 0.18028746369925486 0.14168194263905226
0 0.1886558954975685 0.8049021396121442 0.3454135357115701 0.3892502380920997