9 0.6970482700111359 0.17970410707683626 0.14702154535327186 0.2105148304335483
18 0.25108671542804106 0.9386541408049623 0.15278064934754482 0.12269171839007527
19 0.168516926718634 0.52699255048949 0.1274362986950896 0.29179591148405587
17 0.23257887937617988 0.4439606379051773 0.07474655601527205 0.1574196813302161
13 0.8875920013526354 0.639509772643246 0.2248159972947291 0.3647150384584019
1 0.6382903406667728 0.0655297480154604 0.0015806813335455417 0.002241198893550707
5 0.4582879513844523 0.5479432785764778 0.06588063335454457 0.21480582130224526
2 0.30799650270527096 0.4099504509090529 0.17456583736472586 0.32569854495724354
14 0.3251861920750875 0.7403415800839126 0.5295816960534522 0.5193168398321748
16 0.711078786083678 0.8495014730380389 0.3171715080362709 0.3009970539239222
11 0.44233349801081767 0.1508470207614057 0.07463746801399936 0.14491968133021615
4 0.5870192893459539 0.18315791841484533 0.3084135786919079 0.2788583164692703
20 0.6123101906826811 0.2190171007116565 0.03490225867281786 0.06388970899144866
7 0.1948452587523597 0.8606105338927504 0.03775453866963625 0.03295544011188341
15 0.5418084287078162 0.458551352161549 0.17009870273708766 0.70824255048949
6 0.8625090906667727 0.2506834559066523 0.27498181866645444 0.3507010052649229
3 0.3875749147039983 0.4055015944801385 0.2479680693825433 0.5079603607272423
8 0.481460727363135 0.34109412753995577 0.04029883068109026 0.1456133056721008