15 0.800348182049634 0.456614716900992 0.2583612240610882 0.609820247030499
5 0.915809550047725 0.4333789250475541 0.15512494668999893 0.23510730993203038
8 0.25050491275458686 0.854115441893564 0.30394425469445335 0.28461609677090344
0 0.08275959802672603 0.25937813134524257 0.16355561203054406 0.3062437373095149
17 0.7113595020687241 0.6476306078131461 0.23057948002863515 0.29010034608921514
20 0.3748600227561777 0.8649212465915599 0.27085903469127165 0.25209310178546834
12 0.6895919480426345 0.392138342923524 0.1538897106938169 0.27254669112320007
13 0.48480226133831794 0.04101726937657169 0.15085452267663585 0.08203453875314339
9 0.7106429814210414 0.8341798693597247 0.14080790802036275 0.20539507398589146
1 0.5103498907144978 0.4501511726056684 0.12187609468490823 0.18383431494659538
18 0.392181693387952 0.5214248687434335 0.3778373827179976 0.5186545619770944
4 0.42636414735836253 0.22937532673592279 0.37104194271163426 0.4559120867417734
2 0.6492931173615442 0.2519871464776134 0.27874535471036166 0.4398355770207891
19 0.1978044373806342 0.4570666010383834 0.34553286537236183 0.3966088524671562
11 0.8102435394254958 0.8740805749990043 0.09573067067154532 0.05161441400531146
3 0.18583279073836034 0.6971955036511889 0.34031810669954393 0.33601032937399894