9 0.7577189681805206 0.2493924542389592 0.167917464665139 0.2348514702842383
18 0.15889046352777725 0.8481525066814328 0.17827308320625015 0.2024526794142986
19 0.16485605490215255 0.41676900061523375 0.19473584422416684 0.3411542340100906
17 0.24570731781993035 0.35691114332472096 0.09189917211208343 0.17010984577334842
13 0.8461021356398607 0.7441281636766364 0.29172125341847244 0.44513143738156863
1 0.7239453398557638 0.12236348138304667 0.0015988675911804862 0.002216839399532411
5 0.4461774836637497 0.5263502652639366 0.11341180262104178 0.24059542463393663
2 0.3264488247537845 0.3481617057339743 0.23917682845659743 0.38447573719699846
14 0.2860985413187846 0.6697916666666667 0.5721970826375692 0.6604166666666667
16 0.62547855148368 0.8421415401993363 0.3858699905006947 0.31571691960132736
11 0.5131162894189235 0.1429485821459351 0.09804006933854179 0.1643938700381448
4 0.6478900265011458 0.22123027657192298 0.3479699469977085 0.3604878284976018
20 0.6659854098598957 0.2603323493663121 0.046548998100139016 0.07470500925310712
7 0.12240940929121483 0.741756608059555 0.04455008700597225 0.04957150318690798
15 0.5473594303771178 0.4671863201673453 0.32857186246027825 0.7686348920388838
6 0.8714892210303123 0.3655219031376922 0.25374847473312523 0.414843958459457
3 0.4058999354111109 0.36851218177679484 0.3091646329775003 0.5506331647102262
8 0.512096037234722 0.3358571745785671 0.05879573138263901 0.1506395517165008