15 0.4715534460222404 0.09479166666666666 0.5274818920444808 0.18958333333333333
16 0.9777876294625791 0.8072916666666666 0.044424741074841734 0.28541666666666665
8 0.7619634009696394 0.8541666666666666 0.20343646590774292 0.2625
0 0.1860651485340074 0.9645833333333333 0.15092730032431154 0.07083333333333333
17 0.6309205377424097 0.21354166666666666 0.2259933043815014 0.3145833333333333
20 0.8466234042193456 0.7697916666666667 0.3067531915613088 0.42291666666666666
12 0.4142006420444809 0.18958333333333333 0.22457508035608367 0.20625
10 0.9464619427758297 0.028125 0.061673885551659424 0.05625
13 0.08300300933219555 0.4322916666666667 0.15766031574558706 0.22708333333333333
9 0.8353177114435161 0.25104166666666666 0.19685918344033873 0.2375
1 0.452189385955401 0.465625 0.11432732710967279 0.13958333333333334
18 0.49014117369781085 0.6791666666666667 0.35309336688067744 0.475
4 0.25651442166921595 0.5572916666666666 0.32477745210802506 0.46041666666666664
2 0.3233534995929629 0.23229166666666667 0.33122627516050807 0.35625
19 0.39148725973593734 0.8416666666666667 0.3307080779204517 0.31666666666666665
11 0.9246199448044244 0.15 0.13673988960884884 0.3
3 0.5944310275928448 0.8875 0.21232054220663663 0.225