1 0.14009048118309386 0.24199740841607983 0.029626943244739846 0.03277800790866543
19 0.8435893136950906 0.2500779854016307 0.3128213726098189 0.4921476443083561
20 0.5222683328165385 0.4687536376186522 0.238414964525656 0.4534662832946938
13 0.27680233189368775 0.032024638327282334 0.15047966378737554 0.06404927665456467
12 0.316188313538207 0.4997931402796613 0.15552571406423077 0.22039470752810456
0 0.20496570712440043 0.15047043609640876 0.29118141424880084 0.3009408721928175
5 0.2807235780361764 0.364905259519123 0.15145997532299776 0.16822648486651204
11 0.4587124683831674 0.0753396501407057 0.0646422933370248 0.08039401713544171
17 0.28663692319121603 0.7812942634734557 0.21085356415651582 0.2691142780222504
14 0.6340524298265044 0.12761393804878773 0.386854859653009 0.25522787609757547
18 0.7437230282207465 0.4316569083417177 0.37593355335917417 0.5585985428633916
8 0.4073442396640837 0.48961878124316544 0.25898828038021493 0.42757140055698933
9 0.2900602028054638 0.24951547756732734 0.14853523442229638 0.1722233728766603
2 0.3700714705426357 0.03500639918930357 0.09639294108527148 0.07001279837860715
4 0.4868569686877092 0.7913042074537425 0.3036604302879299 0.38428474707143156