19 0.77578125 0.788025028327192 0.4234375 0.42394994334561603
13 0.19921875 0.8587705647925225 0.2390625 0.28219134441769356
14 0.703125 0.1741534639736087 0.325 0.3001087122366902
4 0.44375 0.5109657417077886 0.25625 0.4307748179814929
6 0.58515625 0.3279100772402588 0.2546875 0.4140475325059961
7 0.5625 0.8072394378455537 0.253125 0.35982024703049925
2 0.23359375 0.5038541785867878 0.1921875 0.32620611348611966
0 0.39765625 0.24251082018062978 0.2765625 0.28989619582961945
5 0.44609375 0.9025317117090751 0.2015625 0.19493657658184987
12 0.253125 0.7462785803638324 0.1484375 0.23700878683887297
11 0.915625 0.1959392886411882 0.16875 0.28154683135366615
16 0.4921875 0.0805532581148594 0.1875 0.13019092372629565
1 0.77734375 0.6499495240597118 0.2515625 0.1180929615550023
20 0.70703125 0.6263883443290176 0.315625 0.2809949993837089
10 0.88125 0.4331473415135896 0.2375 0.35296405894219673
8 0.38046875 0.5053856799501638 0.19375 0.34710006562828327
9 0.54140625 0.13350441725967868 0.10625 0.1853720790004564