18 0.3657988706865753 0.35573671119196226 0.35835807526193675 0.3429058910209363
20 0.38380655347041026 0.0865652717793503 0.17244271857321786 0.1731305435587006
12 0.3066591814464526 0.20149234189902662 0.14141123986054138 0.20701070705825864
16 0.853637906262294 0.6338661803326585 0.292724187475412 0.40950793527890844
0 0.5800130980618695 0.8461678439658784 0.26673902179152653 0.22588995187564792
3 0.9152998949883784 0.1867719934856772 0.16940021002324315 0.3735439869713544
2 0.8254795093062792 0.4349556987289263 0.3218085700661567 0.3868759186821689
19 0.6013153896281104 0.45865107328678495 0.3262989641337423 0.5614023220015167
13 0.30134288677811866 0.4146082636146423 0.16528578243518838 0.21771202379485252
5 0.5518827442231423 0.8039809590427983 0.1422746173323805 0.13456763707224415
14 0.6036820108957632 0.07821455269000359 0.34486402179152653 0.15642910538000718
6 0.6778564742732011 0.2708018008081632 0.33584892675487554 0.5064152464832556
10 0.4328385412372646 0.4809088871235937 0.17466078243518837 0.21865921715615666
9 0.5650550975576664 0.6508081073131973 0.13086722376899793 0.1541380459238385
17 0.18849368949222428 0.23961072392232177 0.17608117080279087 0.24574255048949004
7 0.7151750658787828 0.7277932768796489 0.19370571337743775 0.25581240498521446
11 0.6002984648900471 0.7687209277825092 0.30406405917039336 0.2856129942004299
15 0.8485849654711247 0.23883324618496954 0.3028300690577506 0.4776664923699391
1 0.9644143742052581 0.44920406995505197 0.07117125158948383 0.26622661134420156
4 0.4941148948238904 0.42131139915468174 0.25477388937600876 0.44227196847238753