5 0.6511134500761349 0.9653533457850482 0.0833306972400564 0.041510663419157365
19 0.2920230478853843 0.8163710173185851 0.32626603977100466 0.34290779869836
15 0.8318460637169922 0.5244221520638591 0.3363078725660156 0.6745578106029649
8 0.8123491846548594 0.8053032326913008 0.3521467012972462 0.29144266558123444
9 0.5591467236183807 0.3277155248968391 0.16371940097293453 0.21624556601584669
14 0.3046307731319132 0.23335678787918732 0.4342615462638265 0.46671357575837463
12 0.3068241132272295 0.6336793387473134 0.1663807508107789 0.18090162878638077
2 0.882753998782184 0.29822211635004414 0.23449200243563198 0.4221577391753351
10 0.3523490730491877 0.5294633971892998 0.20828760714144484 0.27976377813665937
1 0.49792462580913127 0.4864799626668241 0.14905688311602727 0.17008495021510928
11 0.5657702394433979 0.8933587072561393 0.2352671185055307 0.19291834307146752
18 0.5149071688265469 0.888290560610654 0.34636825973923263 0.2080002380920997
4 0.959758603895034 0.6235599431905556 0.08048279220993208 0.4603333928563584
17 0.593700775971287 0.5196783814988631 0.21470124837514676 0.2924092370110612
0 0.9038975308392556 0.9334205947051081 0.1558875357138149 0.09526677380811156