9 0.7619976193196047 0.34846695385900023 0.13246940097293472 0.22459151123189872
18 0.11028116071546261 0.692853528887301 0.22056232143092522 0.46904039110793533
19 0.041141422890327226 0.14358955693426362 0.07084215421934556 0.2854309435699394
17 0.10615849675358913 0.07664580545443847 0.17830800649282175 0.14979527031170142
13 0.826730906254531 0.9159439449144811 0.23589440990138827 0.16811211017103792
5 0.4832708271129681 0.5477542823839385 0.1824694009729347 0.22925329869479943
2 0.3085647021113204 0.2102404907849137 0.31099559577735914 0.3910534482102668
14 0.34899346428948036 0.7394519293783904 0.4616695259712871 0.5210961412432191
16 0.6688269030081202 0.9752537282412576 0.2357114034085667 0.04949254351748493
4 0.6447982568998588 0.15919736820550323 0.2760284862002823 0.22341081685440484
20 0.5431090718346671 0.09965527199237838 0.14503185633066593 0.11131930562250615
7 0.002382885958696272 0.36732223052863705 0.004765771917392544 0.02960370924131368
15 0.6670537175358912 0.7296736378449339 0.4754399253226639 0.43551660498957623
6 0.8713475255708405 0.5995809756505268 0.24945016964062106 0.4581428805483076
3 0.31762605641339153 0.2350729092675409 0.32412288717321697 0.44013556174265855
12 0.1779428043880919 0.986523064702309 0.031359094155801334 0.011246950497646442
8 0.5663402459428102 0.29685067281960326 0.2590706314911742 0.4777669656976015