1 0.06743778722249966 0.46379693512624176 0.029143844499481996 0.029603018671757297
19 0.7718663837888963 0.19123907214084201 0.3781422324222074 0.3640059093995121
20 0.4794818689017001 0.5056255520899352 0.2278554420993359 0.44288021514957404
13 0.13854661559193118 0.15118857691490786 0.14771837014004516 0.16053933513684732
16 0.048289796733012355 0.16327573689793898 0.09657959346602471 0.13071814046254462
12 0.29074039247534866 0.6277650222787853 0.13979886228216235 0.20206055113515048
0 0.12425082919800105 0.334267371578605 0.2485016583960021 0.3143680764905433
5 0.22819119665195906 0.5163180800445434 0.14935364474715102 0.16264691024824127
11 0.3351669044670607 0.16153470761720928 0.062067660462916764 0.07800452089963586
17 0.32304981658711646 0.8852726755781808 0.21596325599585597 0.2294546488436384
14 0.5051176854843074 0.12977781964775334 0.3835146290313853 0.24956802673454231
18 0.6827952675777926 0.36912092457029727 0.34134005334804096 0.5175180480585427
8 0.3745910076529951 0.5769543822936332 0.27778266749223 0.4415726187141795
9 0.21184491273922834 0.40246127026308903 0.15625861621110373 0.18149387736048356
2 0.23164379818075442 0.12657717515381622 0.09557367328319825 0.14307268979418106
4 0.518310966710951 0.8208597644812105 0.293985556243525 0.3582804710375792