15 0.7818581074898298 0.88491042641093 0.43628378502034054 0.18216278789410342
8 0.19645584733826166 0.08102493437171672 0.12687551779449713 0.11728888589758908
0 0.7782642628515812 0.0676713868220259 0.15652852570316256 0.1353427736440518
17 0.4218987880976332 0.7522505370816217 0.3989892342198502 0.442056179114403
20 0.16816902125453825 0.12801002507282463 0.19523819863085595 0.20941820920179258
12 0.6725473869187697 0.8405591225486951 0.2956493755128822 0.2778205274914311
13 0.9112425420147849 0.6493373284961204 0.1775149159704302 0.31376673229494995
9 0.14758719619657906 0.7086618525558321 0.26260606524648955 0.42219900941283867
1 0.5271089170333754 0.5093443161791777 0.21809737847863175 0.293539587049919
18 0.5293213799615064 0.2883660729306611 0.3961427599230128 0.5767321458613222
4 0.783885499048598 0.4910391887932697 0.39729408304098646 0.5397909893545789
2 0.730634459542452 0.7705169650753976 0.3304992193911026 0.3457601891435326
19 0.6709902737259962 0.14136181974169057 0.4513555474519924 0.28272363948338114
11 0.0761644768426575 0.9054124835929291 0.058791362661300826 0.18747770616689508
3 0.3624310158173308 0.09435130386223498 0.2497346976422728 0.18870260772446995