15 0.37606384414539595 0.8107032377702931 0.44461236291418327 0.3650112319379436
8 0.2745288341161624 0.12881120420803993 0.29280766823232485 0.25762240841607986
0 0.9373403762801245 0.24398540370354224 0.12531924743975117 0.396629147578846
17 0.2506172521367257 0.6817806047154543 0.20800846302712267 0.19419916735050957
20 0.179109918302912 0.1649458853739265 0.308219836605824 0.329891770747853
12 0.4609778994635375 0.7288236573903155 0.2022134893354819 0.20427627670413956
13 0.9058039800216754 0.7751239748567436 0.18839203995664916 0.30227783269906516
1 0.5182990338479312 0.48138097161104093 0.031689615756780753 0.04744623057025794
18 0.4660077627306566 0.5750619874283717 0.14494702090551304 0.21363537155854945
4 0.8687408366764112 0.6726975394193901 0.2625183266471776 0.5225098511526179
2 0.48137442847331985 0.6400078728022983 0.04858868942018653 0.07746179051951667
19 0.65960657331047 0.489365932067714 0.5150577256871923 0.9071412451190526
7 0.10384023365028709 0.7816390915591327 0.1498011208772782 0.2533884835484012
3 0.4340157681335028 0.39905031224355897 0.5680315362670056 0.7981006244871179