1 0.7188382988920081 0.5403803974674469 0.06117684389007838 0.1564095625933857
20 0.1703482892585896 0.24213871733993117 0.20440532132453626 0.42424401777044685
3 0.387140703352577 0.8956671336330555 0.29292694906292793 0.18829781296692805
6 0.04094846268837925 0.8499616750242749 0.0818969253767585 0.1201219387699903
13 0.5003514086837111 0.7871965315394417 0.21037051332783516 0.2683577306234284
16 0.6416834508452945 0.8566499105314745 0.25826244404836307 0.2452369136971657
12 0.46140519827150506 0.21107195223083958 0.1821091210079672 0.261016592064484
7 0.1274307342313894 0.8495404747077058 0.1551996285298145 0.17254669112319998
0 0.5941505359598842 0.6024609500317026 0.2803480442066476 0.32727495821195896
5 0.5019954428612288 0.3541662922502595 0.1540463054894186 0.1912360723143699
10 0.21089645209893576 0.8879337256975395 0.11660848997087019 0.12109183971127445
11 0.2909513281214678 0.6891603801359394 0.0726766335443795 0.11106117973069421
17 0.4494089666139051 0.019778766869289234 0.14805706677218974 0.03955753373857847
14 0.08027721872547619 0.7154159655143367 0.16055443745095238 0.40666806897132657
8 0.3251721815784577 0.22988745526573726 0.27972357007089493 0.44173705392763174
9 0.47656588235724523 0.48212859831163135 0.1572167695960413 0.19344064326536373
2 0.40062419332344723 0.7785761353045771 0.2757060083132703 0.3291764351188017
4 0.14176395117449897 0.05420812298763435 0.1852220976510021 0.1084162459752687