15 0.4303758716537371 0.7882101866786432 0.23249179451244917 0.34010086019506125
8 0.39004408717052136 0.412571303800927 0.08884966837349921 0.07669140936234543
0 0.2440538368881727 0.056928075274814985 0.23689232622365458 0.11385615054962997
20 0.42541316879702223 0.47477240326679127 0.0416106473268119 0.06289003455864185
12 0.5213718689523139 0.6801776432917915 0.14625191567207593 0.18080518969543177
13 0.4187059554169636 0.18576396833157446 0.2775914628859484 0.3715279366631489
1 0.45463023193708435 0.44649157838456915 0.026547089448421345 0.038332955450864147
18 0.37135500035293584 0.4489512523400627 0.23004860495108828 0.4621061866166661
4 0.4018755002117615 0.2484828329872233 0.28767909442774453 0.46468343776345605
2 0.498585358287796 0.49007300427203837 0.21163326294241816 0.32523137555790066
19 0.22926475284259742 0.2675817857364204 0.3667141470444631 0.49463017354740657
3 0.22463889504891169 0.4090661843540747 0.34010687343752694 0.3837450875279004