3 0.7342942285299777 0.31303656614934994 0.39668618598271654 0.6260731322986999
2 0.618294062151562 0.9125390893879176 0.08463862041330898 0.06828343301031149
10 0.7551668273750685 0.7559691738649406 0.15251698770335995 0.23288104324691783
20 0.5842038458200286 0.4436505469813383 0.12881586729005096 0.17027916370701632
5 0.7131333425985747 0.6160797166076553 0.16505334913967823 0.24237982344597622
18 0.6114147438516799 0.052413784437682145 0.05489657825883114 0.053015496704214314
14 0.2829670361043535 0.027549900323021743 0.22843407220870696 0.05509980064604349
16 0.4579539214465812 0.1935029249061309 0.36894193930236624 0.3870058498122618
15 0.8212190742518104 0.84776724448655 0.16003859621281213 0.1669427808713292
12 0.6704423694313503 0.8628671139710267 0.15534200585373234 0.1644224049633491
11 0.4869157553627531 0.5371306006198162 0.11423625858420686 0.40840568845819336
6 0.3612668364502547 0.7583057501352836 0.40181807181592355 0.4539609663698722
0 0.5448085059519283 0.043292027374691774 0.2208670119038567 0.08658405474938355
19 0.8797713967551051 0.6536897052076889 0.24015334308955402 0.2722891713069941
8 0.6196196919346448 0.6789872347672606 0.21444533684303818 0.4656459300506612