13 0.32285614146193825 0.20858255500799774 0.3152973572179135 0.4171651100159955
5 0.7960067657686106 0.7887890653992836 0.21691001834240015 0.22024015833641025
19 0.6358481672596786 0.9099653629506562 0.18132420783841638 0.090353197612896
15 0.18460964687221454 0.3536638145195023 0.36721887305303114 0.6760057042943288
8 0.45938232633910114 0.3197500802017949 0.08890938730530315 0.07205967304048262
14 0.23109951662654044 0.6189426567983259 0.23347304420664755 0.3360250462655354
7 0.7991484861434394 0.717555213867353 0.19062030298213628 0.23047055521102564
2 0.14819111058312584 0.1672410621016365 0.2745072211662517 0.334482124203273
16 0.9116040558851299 0.8121094437676849 0.17679188822974012 0.23800285214716438
10 0.374784983636157 0.7830355305401735 0.15354620031656907 0.1753165823551131
3 0.254344170691398 0.090732124203273 0.464938341382796 0.181464248406546
11 0.752537910595761 0.769543815553092 0.210234121007967 0.2716559613387479
18 0.5831657849689404 0.7913208904023605 0.46168897241989304 0.35968359859726984
4 0.22610316191590935 0.19341623483450227 0.4365813238318187 0.38683246966900453
17 0.23579537681395485 0.5830587188999623 0.028943353919208194 0.03990310919158351
0 0.4957015742275301 0.5493716255444797 0.4903715650563301 0.5305696956564555