3 0.22086511480626797 0.2935782631777087 0.4049629139609734 0.5871565263554174
2 0.1525684412118761 0.5496985931914933 0.06726170783841652 0.08009629465362357
1 0.9352769557933523 0.2614940145958223 0.12762752414838802 0.5229880291916446
20 0.46966266448969873 0.4221235128889898 0.1769335391920826 0.3881047576807463
5 0.33240670539764106 0.4930967899095909 0.2066544799417403 0.24898623834089145
18 0.7137954462264411 0.564349400922339 0.5399864348106558 0.798982350213426
9 0.47876487984996274 0.4338954707956149 0.1867344365265156 0.3368708067896835
13 0.9380850217076123 0.010270337405811921 0.10195495658477541 0.020540674811623843
15 0.11379178305689046 0.7898074106927528 0.04197220282385158 0.13636684205572844
7 0.14158782561418531 0.65974096511042 0.11283027210332378 0.16682715775603943
17 0.9475409942605193 0.8966439836846047 0.05969324874635902 0.019194266591373813
0 0.6978799073635628 0.1506096178400781 0.47611518527287444 0.3012192356801562