6 0.7718409564335588 0.10259297998101546 0.3780569128671175 0.20518595996203093
19 0.14204428341719363 0.7925370541134386 0.21394963652211577 0.41485316233592184
9 0.3212722713706243 0.0679423382045973 0.1454327444009226 0.1358846764091946
8 0.6978016504195629 0.23409043561230167 0.35881185062934423 0.3828547792176979
18 0.6145821342470306 0.7794533934034681 0.40637393486244167 0.4234926893904444
11 0.016027741701630238 0.020487868506629026 0.030871491701630237 0.021524262986741947
14 0.10525006536127283 0.4617052483773438 0.1853995066479846 0.4890895032453125
7 0.5231838491794518 0.49265723322962324 0.2464768713752687 0.32822591558233294
5 0.31768290084377016 0.7446414761929868 0.15615860207923687 0.24914252272597442
20 0.1763484284381718 0.8042552126635288 0.20471634648015943 0.3896713387429197
3 0.5134956601678251 0.09578169264234741 0.30199132033565024 0.19156338528469483
2 0.6426325888064897 0.5159533636419557 0.3324628381817895 0.4134502142828898
15 0.3218636832120566 0.9145604193747552 0.1511858369323898 0.16164252272597443