1 0.11248286410422226 0.48097326404459684 0.03172823212215255 0.03656449252674155
19 0.7842788893989355 0.26126353337212666 0.390432778797871 0.3943010650690005
20 0.5273584360746539 0.5519960679037097 0.22471192607271426 0.45076441495944786
13 0.14960100045904196 0.17459546041105456 0.1570786606107628 0.18265240162352842
16 0.05726997924721463 0.17489349697204806 0.1012751997004376 0.13312032727742948
12 0.35245377304799513 0.6612655963793889 0.1583221672787226 0.2283156739466823
0 0.14429123137324654 0.354059819804171 0.2646038603112004 0.3164529729416754
5 0.2786338936509993 0.545619639608342 0.15369856909549373 0.17814561293650305
11 0.346476000459042 0.1960231476936565 0.06734673879011233 0.08596910707384188
17 0.41461828850994653 0.9038684581884013 0.2088323503092607 0.1922630836231974
14 0.5125315640945238 0.1830547062879399 0.3969381281890478 0.29774488648376884
18 0.714651528797871 0.4295887246812219 0.39642717153078627 0.593620821028283
8 0.43116883334949724 0.6160271327471396 0.2644441057692726 0.44060266789077857
9 0.2490263998599171 0.4296120882940745 0.1592788893989355 0.19323912930037443
2 0.2390940640945239 0.1532940295065483 0.09448306576151388 0.14893668889319928
4 0.6014966641139206 0.8379029923334989 0.3069505991013127 0.32419401533300224