13 0.5200030014498924 0.11248236869349434 0.20999399710021507 0.2249647373869887
5 0.7270842248811762 0.7555615272965795 0.14299482863402008 0.18948059632280945
19 0.6111856151282694 0.8651576885604001 0.1985344336130419 0.18134884888305816
15 0.3846673074638884 0.26008443875500276 0.3306653850722232 0.5201688775100055
8 0.5868055348438641 0.5414112148217013 0.12777164772027055 0.14059320686497656
14 0.3926178269604129 0.5367870917670093 0.22315777054543168 0.34089558570534967
7 0.7645744147179954 0.6022750641753407 0.1663857070582587 0.2452246875251215
2 0.4052776506200555 0.11452460722261817 0.19256969875988897 0.22904921444523635
16 0.8383051447972635 0.7967036818271862 0.20902349295103023 0.2837962032630789
10 0.44765867924014235 0.6631834778111775 0.1325309253146721 0.19696454721387227
3 0.5584986616177177 0.009630870494443066 0.11737767676456468 0.019261740988886132
1 0.5163629802797608 0.5354738673631267 0.02580548340326061 0.04348677190010359
11 0.7230954645082139 0.7299445518510483 0.22732505228901836 0.3868502593875789
18 0.5632468678275618 0.7506546007717531 0.4026569390116267 0.43365237144834573
4 0.4181328481305446 0.10742522478034756 0.1731093037389108 0.21485044956069513
6 0.8289758437576451 0.9198023590171966 0.10598989087179334 0.031046470042685334
17 0.45431326617253226 0.5050321550011879 0.18269594606059664 0.14900678574299608
0 0.578344607254107 0.348136302516232 0.41307422075521316 0.4800924065261581