13 0.3074827086155702 0.24076263184013855 0.28636902645796614 0.37718728115388916
5 0.835142877655733 0.7896594108442584 0.21197545680654803 0.19176887259287057
19 0.689189647782121 0.937071285970277 0.17983798620519006 0.0888127170712039
15 0.1709830438708206 0.4097828112974998 0.3323034034363305 0.5929343774050004
8 0.4549961957252714 0.3519507857161106 0.08658595318850323 0.0588684665650001
14 0.25625988183960446 0.6689136187952776 0.20455910447712727 0.2810127750751853
7 0.8315774643813214 0.718850322571712 0.1843417797373264 0.20339605040453723
2 0.13002277193541031 0.20350943718388875 0.25677005766563055 0.3388144589655558
16 0.9377268085701417 0.8307173381497213 0.12454638285971668 0.269335365247593
10 0.4155264184743359 0.8204115868810181 0.14479460085908263 0.15014895415342597
3 0.2256418091359686 0.09583333333333334 0.4512836182719372 0.19166666666666668
11 0.7907377804146949 0.7743504675816658 0.20308513568479167 0.24351277507518532
18 0.6252699106724198 0.8232889105900919 0.45619684757972223 0.33043786119370416
4 0.208270602668105 0.20420993110518496 0.41490346223361485 0.3915801377896301
6 0.9915107674686254 0.9449603696848601 0.016978465062749137 0.03265621352564807
17 0.2572115502023987 0.6334242169462497 0.029598968792335523 0.03837282218833333
0 0.5139218956344144 0.5774824351590735 0.4620174796464694 0.4388196846486115