19 0.7978113069852006 0.637074755396476 0.4043773860295987 0.5711318240462409
13 0.274993514045156 0.8726974494665789 0.25561471662612095 0.23227847687001504
14 0.6333670119038567 0.10912496169675512 0.34173402380771345 0.21824992339351024
4 0.446767478333586 0.47797867073914524 0.32558282474278977 0.5167841188880969
6 0.5488970840143679 0.24184520771202253 0.29255215612487895 0.4642359715612852
7 0.6157998003459012 0.7086845832328469 0.2703499031980126 0.387537206676744
2 0.24316121018321332 0.562563586270047 0.20770445745273883 0.34935025938757863
0 0.35194936114173087 0.2404674250062265 0.30928513817089803 0.3614040487324724
5 0.5234219236860763 0.8513210006588137 0.21813289734428026 0.23353297516318275
12 0.3066566045024315 0.785834972314215 0.17298402380771333 0.26751410504520456
11 0.8496278161585827 0.0649316671372478 0.21488063231716553 0.1298633342744956
16 0.41202782220870693 0.058517287920409757 0.18968064441741395 0.11703457584081951
1 0.7937015656676035 0.4645827799509446 0.25526928298109547 0.1531118102033485
20 0.721058951206223 0.4733501061745992 0.33732832493918147 0.3448381750125968
10 0.8590215177575893 0.2104674817895398 0.27820785499341066 0.3985605750878898
8 0.3851214512062229 0.49943828118719596 0.23759194535249045 0.39748905934993234
9 0.47001758421075956 0.08824074587409307 0.11959540339440444 0.17648149174818614