19 0.7410785326743857 0.7101528851843816 0.4707706881703945 0.4957267081953442
13 0.16037003412212775 0.8290071476091605 0.23900264970954974 0.28450369795434916
14 0.706078717949296 0.13838311964102684 0.35317646567298444 0.2767662392820537
4 0.4265751927230176 0.4572060075802598 0.29860458974197107 0.474045936483473
6 0.5790367208447801 0.26356901829183593 0.2705138229927481 0.4282331505522443
7 0.5271786985139859 0.7444241761419915 0.2637158593866781 0.3674524628388904
2 0.21674642845499398 0.4641512845067447 0.19038536724456104 0.32020414012301684
0 0.3969370043432262 0.19044784963598813 0.2845334735308674 0.29427256807232727
5 0.4030455316409284 0.8631423830069679 0.20407968610347993 0.22153888396087068
12 0.22154943672716162 0.7058282248744638 0.16625435442427944 0.2539220419051423
11 0.9133090210924493 0.12575344965481136 0.17061652274507894 0.2515068993096227
16 0.5009781490903772 0.0455627476279837 0.19179370181924557 0.0911254952559674
1 0.7521316567433723 0.5721675237887983 0.2583262303552928 0.12394514353668194
20 0.6834373147250897 0.553608835981328 0.33526121960192584 0.31898879257032625
10 0.8667314658823815 0.3471890432227695 0.24965335938667826 0.3663603996988281
8 0.3642935165443352 0.4558096215360918 0.23297528163641923 0.37960898919430763
9 0.5467786466091779 0.08548538978723985 0.11912248924663302 0.1709707795744797