6 0.10572246575597533 0.1866847774260343 0.20935358260730727 0.2932971118145981
15 0.2573186873179384 0.7198010607023944 0.2790081677218971 0.5520324829766381
16 0.6124234436526516 0.0222592538052617 0.19047188730530315 0.0445185076105234
5 0.13134722070403324 0.7517945175509773 0.1379044799417403 0.23848593208390365
8 0.7520829887172289 0.11973242632225412 0.3166659774344579 0.23946485264450823
0 0.9109484895086517 0.502613875518196 0.004869356426490867 0.008515189759824082
17 0.35139163308216104 0.5159820757460891 0.17971154671392994 0.2942286877801569
20 0.6196342015702104 0.13779332559201632 0.19551840314042082 0.27558665118403264
12 0.3369379911580044 0.7135845014520521 0.12087009263643722 0.17329641066226814
10 0.10222304420664752 0.31296891932802196 0.19726275956691147 0.31156216134395615
13 0.5141119080884786 0.8422421709341469 0.16249530298213627 0.2207058330251878
9 0.2981349377801568 0.2970279254864933 0.18013744404836302 0.2422059732556537
1 0.4869570600417651 0.5294885487822732 0.09675063103709683 0.1411371285298145
18 0.6140136535361321 0.4755594731248601 0.31094482633910125 0.3700933822464002
4 0.5777675796378064 0.7136242048921948 0.26963786473976087 0.33726729321681387
2 0.3921339565182683 0.6989325337385784 0.155137444048363 0.24123607231436991
19 0.7899600395877939 0.5479671426069549 0.3515985700708949 0.4445255191338229
11 0.22798391066226814 0.1996648436706088 0.26581418276559193 0.37666877012365657
3 0.8082133167721898 0.3301487185725136 0.3835733664556205 0.5212228457810697