3 0.22706270974722398 0.28425227295297295 0.42399958050555203 0.5685045459059459
2 0.14161877544191329 0.5211585878146544 0.07358798620519007 0.08769980975968465
1 0.9320091593176827 0.2995799671965378 0.12943070895425457 0.5566952638537389
20 0.4632757694490195 0.4274055613485279 0.17551341361309586 0.3808277127092044
5 0.32311111488103517 0.48390963165368567 0.20728131275401313 0.23732316680325857
18 0.695214086952731 0.593809541498933 0.5284148428300238 0.7539671656984993
9 0.4720775593631112 0.4414066978250144 0.2037269448207603 0.34517133608921946
13 0.952479868837764 0.038381602704856764 0.09356629353213605 0.07676320540971353
15 0.08635366406738107 0.7573543890274849 0.05540455223856362 0.14060504990318326
7 0.12251689337516618 0.6304137328379953 0.11222776232447189 0.15868156437759778
0 0.7112982688831926 0.17476157168610704 0.4977159622336149 0.3495231433722141