19 0.39017321225759016 0.20964945590039896 0.4571535754848197 0.4192989118007979
13 0.9478805722417041 0.23694427370734505 0.0842228157455871 0.23086641669493937
15 0.060172066559661244 0.7345535600741339 0.12034413311932249 0.5308928798517324
14 0.37876496469651744 0.9474007234214942 0.3055875267853613 0.08293656260602233
4 0.7568565572274657 0.634143381143841 0.41127978814615157 0.641686580268481
6 0.5368695653451405 0.7984588964440467 0.19367172808260733 0.36088627730937806
7 0.600142501624853 0.2593815053988323 0.2668637662320544 0.34555560265544505
2 0.9301752804421044 0.6947815773973203 0.12524901055001153 0.38268520677263446
0 0.7078348559302194 0.9195865109673006 0.04413182954530477 0.031203711553685308
5 0.7285323287345259 0.12317950629934055 0.18929214529089186 0.2463590125986811
12 0.9385447082004003 0.41331332258799686 0.11423759821299129 0.2572486971539876
11 0.10714510917663034 0.8809292114971399 0.14047281574558707 0.2334854744068205
17 0.8130357881494469 0.0019807554836503093 0.18642842370110618 0.003961510967300619
1 0.3244567090111793 0.2649304966806937 0.2658273717519415 0.2663889359887784
20 0.4531605872592378 0.5129496528847506 0.34547178165333 0.5053704312077276
3 0.9338295292209932 0.020495950162294604 0.051090941558013726 0.04099190032458921
10 0.22977190584749393 0.6389053805260594 0.2697160308425509 0.3248677725283272
8 0.8148502893705581 0.6772485293606313 0.3017763287312306 0.5075000529873758