18 0.8468664566756814 0.46010342741118265 0.3062670866486371 0.581554400984913
20 0.8588317493634531 0.7141913109658259 0.2823365012730938 0.2605635014275329
16 0.23230506468808992 0.20862889604767518 0.4048351400381801 0.37811496304461567
3 0.11872765408176895 0.8022583857677431 0.20499877204008907 0.39531354176169414
2 0.2629385413749072 0.4063213338570446 0.4246396573838159 0.4990937421232228
19 0.5748840107017712 0.34332508873515505 0.39351802140354225 0.6866501774703101
14 0.547016286083678 0.8176873745839894 0.4921715080362711 0.3600437098558937
6 0.4755390860518613 0.5057206756499937 0.41163167472945156 0.6198179911476007
10 0.85632382001909 0.18087009811126548 0.25152832670272574 0.3560938227915456
7 0.5070767033338637 0.0033296591235456707 0.04540340666772735 0.006659318247091341
15 0.23996576006522424 0.6388069281840764 0.47447712006681514 0.6598861436318473
1 0.09891185669954394 0.322171257222138 0.1512374253659985 0.3219847788167515
4 0.7430794800286351 0.2787834825697304 0.21428396005727013 0.5575669651394608