3 0.4729244766048254 0.3671074637800525 0.44996626280124374 0.5332472555974488
2 0.0673863791227218 0.5866413158885434 0.1347727582454436 0.21421736822291326
1 0.6911816529414194 0.3792258114268595 0.0654877630835923 0.10889894027360279
10 0.262664726887174 0.777926330202017 0.21117823663405888 0.30707689097643304
20 0.3250120794191879 0.6339747443084349 0.05978379465362353 0.12091357887801972
5 0.28504650305435897 0.5685616039030693 0.13171897881213823 0.19916922089610148
18 0.565583142488663 0.49175468846628384 0.3247702997741211 0.3408133960969307
16 0.4162781764071813 0.11671900720379491 0.26744364718563746 0.23343801440758982
13 0.7875770527578928 0.13188627412457538 0.21384821032569956 0.26377254824915075
15 0.13724458183826233 0.850618919509264 0.27448916367652465 0.2946365891190145
12 0.14477854784915684 0.6604288844314518 0.1954930524755442 0.23318950151860018
11 0.27644286070687035 0.23079837580317306 0.32123650512049745 0.22426806977915975
6 0.08282791055157857 0.22678095449296018 0.16565582110315713 0.33810475768074627
7 0.040183718677024 0.7896347018385953 0.080367437354048 0.16120440690262303
17 0.7175867162932431 0.6481279728789123 0.19235264192396553 0.26824214713857936
0 0.6464291370152295 0.2002913424321932 0.30010349971765127 0.4005826848643864
19 0.3816807664203001 0.8517344461470302 0.24135158404557516 0.24920837163657836
8 0.20391687137138836 0.4295233301079007 0.2625124944559795 0.4128004347766404