5 0.45991311150793557 0.481453452926493 0.20821062307124424 0.17548801731419134
19 0.4784466587024717 0.7453094918878173 0.34897293028792975 0.37645932034329616
8 0.15991191394425908 0.4072763906942812 0.20200019586563345 0.2086395270545225
14 0.08906144548264991 0.6788681109316703 0.17812289096529982 0.29431074675139235
7 0.3347698164728677 0.2762656677520989 0.28803543028792983 0.37504109631787846
16 0.6412515515134729 0.36173742208394205 0.4581872439830203 0.40813515259339395
10 0.21152926897378962 0.729671041127795 0.14607156847545247 0.14906979328877365
11 0.46341884330933825 0.48969587446332524 0.3719913232558145 0.2708638852781043
18 0.33868205429125003 0.6819701969730921 0.5234884762458484 0.6302412510777432
6 0.8087919000645986 0.5128729069340245 0.35117578038021485 0.4222926536766295
17 0.06826223935954187 0.5190150974033106 0.13652447871908374 0.2244698051933786
0 0.09484213062938349 0.24359690313940546 0.18968426125876697 0.3919728603878558