3 0.39821794277912487 0.581993175953759 0.6788684829505761 0.8248503359940684
2 0.7617604711893392 0.7722888641376942 0.24381600405718978 0.26243641372995297
1 0.0994136189125677 0.1766092176706689 0.1988272378251354 0.20511489799199556
10 0.7371146217552368 0.3298633342744956 0.22982741639421017 0.38622301024099503
20 0.5514577654245707 0.4420981621108665 0.04286933847375849 0.05535952275351998
5 0.6181719326328551 0.5326531902672326 0.1674989659077429 0.2752407366340589
18 0.3583913782480585 0.24961640358307421 0.49571724350388296 0.49923280716614843
9 0.4667203011383858 0.3571052146334688 0.09094437418757337 0.1506663998870605
16 0.20327976948505583 0.866649035360161 0.32961713636243806 0.25869346625255524
15 0.8577662666423868 0.4734631168861754 0.2754126517837136 0.41057521369230643
12 0.7187253116916926 0.601849400922339 0.15607054220663663 0.2368913541917884
11 0.265793406254531 0.8607537547376624 0.11117505357072241 0.14599382442270586
7 0.8682247053610267 0.688056723920561 0.21807171022569988 0.3228736277987245
0 0.1402198510556602 0.4577686984249302 0.2804397021113204 0.5969626031501396
19 0.8269289184261004 0.12410410921179935 0.2742671631477993 0.2482082184235987
8 0.6009184285756654 0.7774952534072948 0.2811444545436572 0.37147724175455654