15 0.8140155740262053 0.5848063666891752 0.21576216459674596 0.5975457678509762
5 0.9304218240262052 0.5920353109950237 0.13689218610347992 0.21430372318638155
8 0.24031917059260194 0.8318979456837916 0.31051377667402047 0.27497733222857407
0 0.10059081306795059 0.20165530190180192 0.19768844499482002 0.30331060380360386
17 0.7122069791124386 0.7499861028354363 0.21491017824559702 0.26072499751729766
20 0.3592532611631425 0.8748630669968921 0.2732321004953381 0.25027386600621593
12 0.7079068151348652 0.49298553459719313 0.14005572745980874 0.2602340893291893
13 0.5288720167492229 0.07649857319763582 0.1483690334984459 0.09652405128112633
9 0.69915266914486 0.9193451983713817 0.12984166542531544 0.16130960325723648
1 0.5258220612059238 0.5024660292220127 0.12010279238978612 0.18000006175830344
18 0.4032407398658055 0.5416269208687918 0.350167089741971 0.4728483545608713
4 0.4566610306029618 0.26326508298584145 0.352816900743007 0.4148061196559614
2 0.6769949553339023 0.3445094932408643 0.2512544007430069 0.40849898704012044
19 0.21370089681406562 0.42695501654132906 0.31709341645877276 0.32943509732366405
11 0.7956124462331651 0.9862344969649179 0.09825771753501122 0.02753100607016421
3 0.18833067741702753 0.6602854778042945 0.34202064185166686 0.32890428894192236