13 0.45681595282385157 0.15446767403615153 0.2105069056477032 0.2761971266737895
5 0.8405032603583342 0.7488295131075892 0.15927937476889084 0.2176190753743396
19 0.7593334798752333 0.887237160367326 0.21116012351524951 0.22552567926534786
15 0.3627968313536661 0.3165873655085802 0.30593438057487854 0.5720106347176013
8 0.6454826138818311 0.5742924417268827 0.1263926669304743 0.1411640433121836
14 0.4535595383341528 0.6132242854097352 0.2469277904457238 0.37154766194216127
7 0.8355536844149446 0.5935484281711481 0.17098976458147633 0.253545003262761
2 0.3441712003165691 0.1783598494775021 0.20489340314042073 0.3050727869280249
16 0.9225666364473734 0.784335481889396 0.15486672710525334 0.3619510881992021
10 0.5425969577719095 0.7235119993822184 0.13556909012915472 0.2040278013277226
3 0.4670427474927175 0.05088302019434729 0.11533549498543501 0.06364420036020331
1 0.5746843805748785 0.5845239104521441 0.029125210345699058 0.04714286218927389
11 0.8298469051854849 0.7254399610207218 0.22229150329870526 0.387050302959103
18 0.681392684810656 0.7689914431886272 0.4246101727364621 0.4620171136227455
4 0.3557080938900784 0.17057215316747734 0.188950154394062 0.2897619375636135
6 0.9683086969513568 0.907169484308194 0.06338260609728649 0.09128308336160605
17 0.5064428459351424 0.5688592157169545 0.18792120031656906 0.17108468916672143
0 0.5852772366056579 0.39042338401500165 0.40705895988348056 0.48514557385604984