18 0.3771027881846526 0.3687482808272815 0.34938697663298635 0.36033008890613044
20 0.4835924435792361 0.14238727699403098 0.17656511284152784 0.19804343879657788
12 0.3730900482526388 0.19506633961480765 0.16174019984750015 0.2421761620281174
16 0.7300751325057286 0.8609467749646205 0.28881315254479195 0.2781064500707591
0 0.41025228856590223 0.9055690682901951 0.267917464665139 0.1888618634196097
3 0.9171809678961804 0.5485927846928599 0.157709929330278 0.45799252364388726
2 0.7652158115516663 0.7345203220591521 0.32384276918604193 0.4157723850664143
19 0.5560421397239232 0.610520419018269 0.3425590144363893 0.5945563285015413
13 0.30023116365961783 0.3781236246618252 0.1710060970739585 0.23694652808919373
5 0.4002239783454161 0.8826511982026254 0.1381559230620139 0.14187864121893956
14 0.6974360848217708 0.22306233256036245 0.34553462480937525 0.31832330021910493
6 0.6856406803771178 0.4952137246812219 0.33667138392743096 0.5252961454710032
10 0.3971405716196525 0.5212141654748825 0.16442878875333342 0.21751628404847617
9 0.46190832038538154 0.7568218499227755 0.13234233415618063 0.16619839717822202
17 0.25486737832475687 0.15193336950784142 0.17925500816812515 0.2627968331400906
7 0.5725347362292009 0.8957471853659766 0.1869947729857639 0.20850562926804675
11 0.45502058111895777 0.8659962993010211 0.29844141926229184 0.26800740139795776
15 0.8434525271667358 0.5572665838810956 0.3066215144363894 0.5906449252674157
1 0.8947929023573608 0.8446387802475535 0.10458231648875013 0.2733839046514802
4 0.4717229975314581 0.5084587301250697 0.2559292237831947 0.4562063672851882