19 0.874486556994091 0.5796217274664873 0.24437011432745379 0.7605613769163865
16 0.8819965005481543 0.35268407499136967 0.23240579454985522 0.42277001519995516
2 0.3297469427514551 0.809316436474165 0.4462500397405317 0.38136712705167
12 0.727301499830364 0.918650233773173 0.19068454210278443 0.16269953245365396
3 0.31015625 0.30183431702247254 0.6203125 0.6036686340449451
10 0.19445186052962074 0.7232508590929163 0.3889037210592415 0.47837824293700965
20 0.5043080101668009 0.3007626406365164 0.3913442849312084 0.4209627960712845
5 0.4780381429289403 0.5562332965754876 0.19626490870767288 0.2926273838440932
7 0.7012425191524757 0.4663576309172271 0.23293158420556886 0.38333236272483734
13 0.004404724687438518 0.8315194610572741 0.008809449374877036 0.18803892211454828
17 0.8369121128070554 0.9214436399642456 0.26995537985173224 0.15711272007150873
15 0.9092460252277436 0.14951527367305537 0.18074405771188112 0.1166076178365837