12 0.9359928579588143 0.8900518825415328 0.0501011858759707 0.13009135042704212
7 0.21661338677277042 0.6545977245643245 0.18246940097293468 0.223658773089565
2 0.7155145369349263 0.6501345241200159 0.2869580779204517 0.33422960518154693
15 0.4977600211066136 0.5605082641269227 0.43845021428288966 0.5767810554149555
8 0.1952970888807956 0.19248298373185463 0.2562808222384088 0.3760389489920574
4 0.37548996023229053 0.9965397704702705 0.026753414772652383 0.006920459059458987
1 0.3217609882354678 0.9843066878942046 0.020503414772652384 0.015844759856501394
16 0.8067184151829847 0.8800429884180635 0.30836942775829607 0.23991402316387297
13 0.174209472810897 0.489332289494302 0.11388304220663673 0.23188932947268792
17 0.27581465746905176 0.3132022062292646 0.20321827759614006 0.25825353294606634
11 0.3814351862830078 0.1289813716545801 0.18400462743398432 0.22167247256570594
18 0.10659882751670988 0.09940359718707222 0.14305234496658023 0.19414961951936954
19 0.314333866480231 0.5960304254184088 0.400568384737585 0.5452856013209015
5 0.22778884578394973 0.9357278695876655 0.10248980032431154 0.07714046594917434
14 0.5794987650175336 0.28931823793397976 0.4441274699649327 0.5334191866528534
3 0.5755093254914103 0.8688157488269447 0.36782624837514694 0.2623685023461107