9 0.4772220827688596 0.49614568775024204 0.1590894742194024 0.23241356596219104
15 0.35100482078307194 0.34925320153987904 0.29355516395178005 0.6729059352034862
6 0.5368681569428334 0.15354782774145648 0.24188868611433315 0.30709565548291295
18 0.8301479296712133 0.7766549495295075 0.2930284622336149 0.38132411188822934
10 0.2293721602221938 0.32416299245687896 0.16252873473485208 0.31991356596219117
4 0.33397885232942065 0.08696530991840343 0.22061347241038015 0.1683271722585435
5 0.27528336725588437 0.7059819604514055 0.21648589439121899 0.26201656986467936
14 0.13466492706922148 0.1416599119194841 0.26932985413844296 0.23751350949436514
1 0.6718297393730088 0.9497056359704714 0.024010710085908115 0.014765140514925671
3 0.16537161521971944 0.6330296268562166 0.3307432304394389 0.45060741295423357
0 0.7688484972864666 0.09440848256973039 0.2810530054270668 0.18881696513946078
20 0.711833941657001 0.9254442906678175 0.08172803482570909 0.09227269060530788
16 0.9614709300098976 0.47572773290338655 0.04626856965141819 0.18363634530265383
19 0.8200912562200363 0.6351094876505691 0.3300105630926975 0.527399854797019
11 0.9178448400049488 0.23447316251499586 0.12514384215265545 0.1238499435321741
13 0.6629084407524898 0.9581056319370553 0.10788774310259512 0.04249085922321853
12 0.626019188150498 0.18779347919095335 0.1662402329258299 0.255378714543949
7 0.9041807304394389 0.4032777046694735 0.16270579715018094 0.2449378069197368