6 0.23864993042357163 0.25729166666666664 0.4771907765381879 0.5145833333333333
11 0.8113789032962085 0.6985433624308617 0.37724219340758297 0.4315690381150124
10 0.02156242437344744 0.28488090879768796 0.04172493344863375 0.2552381824046241
1 0.8331862464839584 0.37919693438743507 0.3068055536655508 0.5090780347013474
16 0.47497429156530246 0.4945445444590209 0.48258732454639813 0.7018348204443435
19 0.060431044295777024 0.7747377439319699 0.06783291549465287 0.15313430166918587
8 0.520850914709086 0.7994196778488241 0.28577491529826105 0.3429172768323686
15 0.6677465570833965 0.11313946691136885 0.563618114166793 0.2262789338227377
13 0.29267591773414803 0.8056770354542773 0.2639999092481369 0.36413517861449424
5 0.36896622784260663 0.9164586951994977 0.20204428903121965 0.12606957167422478
0 0.1862754059284872 0.600325842338077 0.3700055113146815 0.674348315323846