19 0.5949612038906694 0.9029720550551414 0.4410360306029618 0.19405588988971706
2 0.21252346298689734 0.2901252428841992 0.36059516749223003 0.47238828880803774
12 0.14506821174855225 0.9332711712323182 0.19677230024766898 0.1334576575353637
3 0.6926989605056979 0.3919517682112564 0.6146020789886041 0.701497713989048
10 0.33224311166298975 0.16214502822684224 0.31051377667402047 0.2867180531219515
20 0.6885144205971112 0.5117434348779231 0.40388721091547347 0.7757034655726024
5 0.4706334077768296 0.55454132090126 0.23238877667402047 0.2788247751110833
8 0.05286065353604728 0.20039589405438316 0.10572130707209457 0.32500246030767943
6 0.9941481062863062 0.133893695191795 0.010102746071058277 0.02178052669463752
7 0.5644411040145039 0.8505574500761196 0.3501242402800903 0.2988850998477607
0 0.04423368941324877 0.545597765146847 0.08846737882649754 0.5203621969603607