9 0.45635199599398224 0.552270818420083 0.1724012632423147 0.1411014702842382
15 0.5765065455228708 0.3614159839547209 0.5259335322340736 0.5089880896517797
6 0.7567415581995375 0.4522364527993136 0.2577714181905552 0.2581934402608597
18 0.38945100263838095 0.9171687204380468 0.08187329952888867 0.16566255912390654
10 0.5688197675776392 0.2151557505598642 0.26716554203601817 0.3066441311923228
4 0.7871207082468058 0.252663352860837 0.2568527586241663 0.33890941599606333
5 0.2612827952400469 0.4360902025470664 0.21509590263916634 0.2234722825396832
14 0.7762508502355556 0.16688653916574653 0.40490069641861093 0.2272600226159728
1 0.18047654382592726 0.9372266008613274 0.022226314514629576 0.03090224552725497
3 0.27890625 0.27903916614987173 0.5578125 0.5580783322997435
0 0.8273391477846769 0.6813875334071644 0.27070064514629594 0.313161143324721
20 0.21076963656861247 0.9510182875784426 0.039510850801203555 0.09796342484311467
8 0.9678819841657873 0.21573295804110096 0.06150201093324057 0.22692184865263948
16 0.6083090179069458 0.9959184844715158 0.07597603110277759 0.008163031056968369
19 0.4942458093773161 0.903506738636644 0.27284961404351815 0.19298652272671196
11 0.714558309377316 0.9514354164021189 0.06224572177194432 0.04882323051556578
13 0.10526724109300986 0.9212602333948567 0.21053448218601972 0.1574795332102866
12 0.7022994830344915 0.5994731965793061 0.20577969123481452 0.1998880855420211
7 0.6278299974545847 0.9393347193060181 0.1298227839774997 0.12133056138796382