19 0.5895727822599613 0.9105881713048422 0.42778578243518817 0.1788236573903158
2 0.20087481310566577 0.2929647272997681 0.353102128732347 0.4346632042576147
12 0.1390046997085575 0.9421300131811089 0.19539961733238065 0.11573997363778214
3 0.698766009887357 0.3304610896811158 0.6024679802252859 0.6144028274761963
10 0.3210612629894502 0.13757598093696669 0.29225247402109955 0.2547785230917281
20 0.6797267967620209 0.4694077530525053 0.3730861188449898 0.7265845389090588
5 0.46173091359019836 0.5327779150809965 0.23364229852673174 0.26613606195121237
8 0.04445484034507398 0.21812923518364608 0.08890968069014796 0.31125847036729215
6 0.9892974467816913 0.06419405611886268 0.021405106436617416 0.02193689460070279
7 0.5589508489719234 0.838840505297231 0.3541076178365836 0.32231898940553805
0 0.03488346236903161 0.5627511231937944 0.06976692473806322 0.508835579720922
15 0.9445445055247562 0.9799924723940331 0.015854228964778016 0.04001505521193375