17 0.38667828618453315 0.6302524817999606 0.22632286724456102 0.3297184194047545
0 0.25885515487683625 0.8773394563522335 0.2146533130679506 0.2184514476871911
6 0.3386387766740205 0.24749185797576193 0.35540255334804094 0.49498371595152385
10 0.6483155295695046 0.07967805311810773 0.24350605913900908 0.15935610623621546
16 0.1981892510334573 0.12367137686831461 0.3663271290313853 0.24734275373662923
15 0.07835001757328333 0.8959398363612853 0.08816358767505643 0.20675983919599428
20 0.7721512516526298 0.3728988044065132 0.2207663800648426 0.39345144768719087
2 0.7669734842842343 0.04506960604297273 0.12769696856846852 0.09013921208594546
19 0.6643709466474499 0.6774050773417231 0.44424672952672334 0.5526766557789708
8 0.5234804652586996 0.46061026320697046 0.27396846277750025 0.4905600666795976
5 0.6335767491714306 0.33465414279720895 0.19223465756743252 0.24506719920116687
12 0.5681980756788352 0.9325491650237416 0.03659247146395259 0.02266140323412576
18 0.7853256095915659 0.7949438654166926 0.13456770678164426 0.2429416084911966
1 0.8989041885846791 0.16252525470284282 0.13173380521006806 0.25093481980417104
4 0.17902845202413337 0.6350772323153954 0.33171249627594634 0.584012202035876