6 0.520906091915837 0.5115639805149442 0.22115071406423076 0.21740923701106116
11 0.08093073642488119 0.5960098847397819 0.11620239820967193 0.24201976947956372
3 0.7703125 0.3103634042138534 0.459375 0.5955624231561932
2 0.9011898650516799 0.1593604680654262 0.1336716980251019 0.15086220887330334
17 0.7025053477759332 0.6042330427427622 0.15794980721668547 0.20137131493370972
18 0.9431456300110745 0.2529415546451704 0.08675712523071262 0.11647429870055692
12 0.5032062546234786 0.6141616920952375 0.16023419802510191 0.15148040908951116
10 0.6263505513565895 0.12382997564368019 0.24332610271317884 0.22416834307146755
1 0.16112817858988684 0.6571849383105043 0.1609560888335181 0.10155313852671194
16 0.2934121475913631 0.5031479139585782 0.31555965299003386 0.3631956612526866
4 0.9526120639258032 0.37088625864940666 0.0947758721483936 0.12528037337569617
7 0.4584828423772624 0.7390215054073895 0.18547402991878953 0.1895258798685179
14 0.842013926587302 0.6495543636287745 0.3159721468253959 0.37243811255103126
19 0.5014506809062387 0.12300413148897725 0.32165136181247733 0.2301532456681569
8 0.14685971776485857 0.3603099383105043 0.2760966347914366 0.35395320995434193
20 0.5208233536360294 0.688447307895975 0.27120887569213803 0.3496774491318739
15 0.34475100940384046 0.7270100633088566 0.3728295373200452 0.4831456969665015
13 0.2840314458656335 0.21054867478104622 0.2775590052417873 0.351906241339609
5 0.1340710186600226 0.24035463041013558 0.23523180289774884 0.3155440919893306
0 0.45243908929494336 0.33724727218216005 0.4038792782207466 0.479706324671844