9 0.5121232455885567 0.4681018999204498 0.17157520555093822 0.25602177832815326
15 0.42012013490442224 0.31876420595608096 0.3714902698088445 0.6375284119121619
6 0.6363579471479812 0.17752269865057774 0.2945908942959624 0.3550453973011555
18 0.7986642179454089 0.8030589423815381 0.354416880455798 0.31936091756052604
10 0.3090287846004111 0.19997415136668878 0.17861838441013073 0.3333962100899101
4 0.45382267836490087 0.06347878991008987 0.23264535672980177 0.12695757982017974
5 0.28024584589256796 0.5899970044130252 0.23710204646340918 0.3079167901832735
14 0.2374164283649009 0.07167806231068313 0.3279578567298018 0.14335612462136627
3 0.19111040863041845 0.4650769591960508 0.36872341406762593 0.5323460816078983
0 0.8565829224334018 0.1749995368127241 0.2868341551331962 0.32836773641944483
20 0.6534564887056555 0.9435755756863505 0.08858233893530461 0.04085050399723732
16 0.9722655901896242 0.6466718549826713 0.055468819620751474 0.18958907747406925
19 0.8044513725471326 0.6985754830488953 0.3910972549057348 0.529104098701607
11 0.958982363649884 0.3928933195539026 0.08203527270023195 0.1433219685684686
12 0.712996043003368 0.2281132029270111 0.19134387749004844 0.29051950537518045
7 0.9220699540680635 0.549437290052694 0.15586009186387315 0.2772432428993847