13 0.087272755602674 0.614135570126535 0.1597075340036808 0.37827114025306996
9 0.19434233282500046 0.7514059755376474 0.2268209924005557 0.2850544413190742
17 0.4349783313063891 0.26167252523524626 0.2169732137152085 0.257898385113104
0 0.18150849240055572 0.2847029474346624 0.3512053561920142 0.4297498386633546
6 0.6022742808695487 0.2244338100366581 0.23110844889756965 0.2621741360887261
10 0.8927154832824999 0.25483139980656255 0.21456903343500003 0.1975180798827558
16 0.6730394161281599 0.1166640789662611 0.23001742116215276 0.19967413608872608
15 0.20739688554295146 0.15679611605257324 0.33666877108590293 0.31298620816650524
20 0.7628546370615629 0.6527049502897282 0.22365962480937504 0.28294686702819544
2 0.9738064015948613 0.3866692430270445 0.0435331008736803 0.07741058626019956
19 0.4961554867009726 0.4996149227104543 0.48856119224805583 0.5120543203165902
8 0.5879766979476391 0.3003542719155965 0.22311411094166686 0.25169686702819527
5 0.7111797682361114 0.42212694235382375 0.17409472948277802 0.21798779885290454
12 0.15102613107763926 0.5969241764228873 0.21570165444465297 0.2745529313009978
18 0.3600205777910074 0.663826497917828 0.5617467319513199 0.672347004164344
1 0.9535835141520488 0.639624556324225 0.09283297169590235 0.08616813635058165
11 0.8269645031341322 0.16368521921933113 0.054325130508958354 0.06916209627827599
3 0.03285409327423634 0.36062271480580466 0.05610714247680566 0.17124542961160927
4 0.4091418767092362 0.2135619309082144 0.2866324034947224 0.3105150195124416