4 0.8269759053063858 0.2643975924787043 0.21479818938722844 0.39127245480183814
18 0.47509351635289593 0.9284372917670927 0.18381140036914023 0.1431254164658147
2 0.5252575092561822 0.5334256479003586 0.34236198488372177 0.423905937650639
3 0.19156813386858598 0.6104166666666667 0.38313626773717196 0.7791666666666667
10 0.3888532325765951 0.7780952329328346 0.2917402236249547 0.44380953413433083
20 0.17632731531469176 0.44986811074080924 0.3526546306293835 0.8475072072900695
5 0.2727611698043552 0.34979478500745353 0.328059652990034 0.3852404907849137
8 0.6769911875415271 0.6093063861970409 0.5044194987633823 0.5593073568055369
7 0.3300892157622738 0.10401952989570724 0.2424459207272059 0.15741447625722932
13 0.3064739242801754 0.9322183409333109 0.2653222162236991 0.13556331813337816
0 0.7049914813399774 0.30429467349187406 0.4150170373200453 0.5115658954121274