6 0.26399960995339933 0.26301912971036906 0.3533673340326048 0.4320172549224141
18 0.33798860393011465 0.62007599105568 0.41878069171091903 0.5410318158405109
14 0.30767137405133915 0.7970634285627483 0.4852559514591813 0.39452389278968575
19 0.22550671763171354 0.642175883732275 0.4510134352634271 0.6489815658687834
4 0.536538383398616 0.20253634930786607 0.5331732332027679 0.40507269861573214
15 0.210401935888127 0.2052578965571374 0.27339456888575786 0.34102517797323934
2 0.10316394864803162 0.506425241140498 0.20632789729606324 0.29443786545203493
17 0.46287204999071124 0.4792029541559278 0.33009485477852923 0.3789881507486792
8 0.13398357508631314 0.9329364742937296 0.24413035352912935 0.1277249103390536
12 0.4277185678368506 0.275135502249162 0.25933206888575777 0.3403704135452691
1 0.39714676452214703 0.022071725896837542 0.057529080083912554 0.044143451793675084
10 0.7035623692774543 0.8918715574291544 0.014654495850815153 0.011071431094636826
20 0.75654842716555 0.6587663915499052 0.43764909088108206 0.543988168411138
9 0.5225724784056611 0.923154658453219 0.1650581601678251 0.10742066351699625
16 0.6570517929417413 0.22238421706560826 0.4265214141165174 0.44476843413121653
5 0.5475384348392198 0.8129066392159252 0.2462400730349426 0.3293717340537398
11 0.15312466139400308 0.8977612066595438 0.14100535352912935 0.12292330453393821