6 0.46443193328295684 0.5129773093157391 0.3158442706874537 0.2163510472415452
11 0.8605700419319122 0.7023631294963689 0.2714782947167251 0.502032482976638
3 0.18351719326863933 0.642751542535126 0.18902942138763387 0.5404863527753018
2 0.10594562925686715 0.755406220902444 0.00786704400063636 0.0065530940441512085
17 0.5017421239656379 0.357079875252168 0.17229426535645337 0.23369078349582964
18 0.16275979793923007 0.6033915219492509 0.19391472668681722 0.20537278015278632
12 0.6256517912953654 0.39731573722083885 0.13085110534690844 0.1383646944662433
10 0.1957791939051862 0.9391607545523466 0.0993465666772722 0.10798565162297204
1 0.8567103399506841 0.517775963665463 0.16478975334181775 0.08969830826050872
16 0.5938734379376391 0.6357473131863977 0.32380331604072554 0.41242685581019956
4 0.24724443328295687 0.5045512948883355 0.020767033338636144 0.05287137784812638
7 0.7369443746419557 0.2713810299100376 0.1688783640197263 0.20023621254483584
14 0.4823023279758193 0.2562918307373749 0.3536726293761799 0.43441194651130743
19 0.12714737257323155 0.9229518602971492 0.17298406134627214 0.13375140230465993
8 0.6417644032463675 0.8634110350132784 0.3478578866963623 0.2731779299734432
20 0.6429125639720012 0.30003556804688974 0.27047832137172545 0.3874491496433046
15 0.7928762013049104 0.3100216403612596 0.4136657947167251 0.50754879458019
13 0.38277975457514063 0.9043382526170173 0.22832608935390813 0.19132349476596555
5 0.4011752185710044 0.9456906783229803 0.19011701734563574 0.10861864335403955
0 0.30663597258913994 0.7654097028238517 0.33068966271481604 0.46918059435229675