17 0.610080454766041 0.9199545362536427 0.14416817067154533 0.06131930562250621
9 0.052238493395906214 0.6102129075868639 0.09604084802672605 0.27124085149293886
15 0.02765721140990557 0.7501166417474221 0.044514710693816927 0.27060004983848907
18 0.4766759667409056 0.685316728343757 0.3792715186982713 0.3455257534966376
1 0.48559807542963196 0.9013278311484533 0.1962579293443632 0.12654344061028908
0 0.1444772533418178 0.08180368432206904 0.2233295066836356 0.16360736864413808
20 0.5319821794239049 0.840707405401984 0.32848972135581717 0.25128063270040335
16 0.5576959633593169 0.20341878823767093 0.24660446936663477 0.3498095472149742
19 0.49803170404995223 0.44458984880385566 0.4458055853755436 0.4558110162083614
11 0.35286191800604516 0.04691928662256221 0.17134883601209036 0.09383857324512442
13 0.4465173940960865 0.9028865192705112 0.1494192920114541 0.12633968153048633
12 0.08445791068586275 0.18082058118123742 0.14011811203054406 0.3128199155229769
2 0.6762674340785872 0.7094507522545953 0.13101583203372566 0.343195830373683
7 0.43167835602322613 0.18806276399069716 0.1944056226925443 0.27208541222719124