13 0.13421356926467162 0.79187570115233 0.1859047754638911 0.3376755937360057
9 0.3028039436606976 0.8711237147883107 0.21699553667377874 0.25775257042337857
17 0.398580247584104 0.3105940132834971 0.2040173045516262 0.22614549467728948
0 0.17244792440572435 0.423406501363376 0.3160705075860437 0.3759796693934187
6 0.5446742554600117 0.21442101381111234 0.2127545757634536 0.21609254086360424
10 0.8374997421240924 0.1343325396310218 0.2364154742462447 0.14426701275588188
16 0.581170122729036 0.08489864986277423 0.21546524545807202 0.13306230157442211
15 0.1597569925831342 0.26703526374571557 0.3059941348570076 0.31323719415809775
20 0.8066631698637965 0.5727146437043029 0.19358998758216436 0.23405449634881112
2 0.9326844384905499 0.23778781173434557 0.03714905575957417 0.0721063283187684
19 0.5173935047111058 0.5199244256172869 0.43249273304023655 0.3680260800556868
8 0.5510197213713068 0.2926066326199426 0.21131962152108805 0.21811525538810733
5 0.6974162313732466 0.3668729442234946 0.1545913893989354 0.18266026374571556
12 0.22217608380853915 0.739171901468899 0.19189994182452982 0.2319105442066475
18 0.43639808047455925 0.7121937746106062 0.5308977663800354 0.5756124507787876
1 0.9676333943999055 0.4901630921952776 0.06473321120018909 0.06393255757882071
11 0.7379622566679598 0.07435448288796195 0.04719373545613248 0.057947326647246764
3 0.049360852894334596 0.5516478547549691 0.04158120636839737 0.16996237617660484
4 0.3620369697043169 0.2738437328225652 0.277390902734855 0.27887334107465034