9 0.8033849445936176 0.8114569205771007 0.11174308344622794 0.11257649538185154
15 0.7070422953411587 0.5975105807091377 0.5859154093176826 0.7116575974874058
6 0.38441478007601065 0.45535707722228486 0.3342466044771273 0.31272948614555474
18 0.9545214829258297 0.48044396437203946 0.09095703414834055 0.17752436481320957
10 0.7530983395506635 0.8099978314788291 0.2442899898232346 0.24002247540086377
4 0.31196989201636977 0.42927527345234645 0.10071705223856356 0.1486183509897529
14 0.3938860345985665 0.6164508744575935 0.7627145997274288 0.7670982510848129
0 0.3731043865893029 0.23127738787296317 0.38553686680159915 0.46255477574592635
8 0.0506019448207603 0.3289589001570371 0.05640048620519007 0.08953044699975289
16 0.7318486227944929 0.269372831478829 0.10573210085908258 0.15749848847012324
19 0.8558206320667472 0.34337224662160715 0.28835873586650573 0.4867142626456783
11 0.5033993962002412 0.2677678326101247 0.0672494549975255 0.12812405529382703
12 0.49815637550802644 0.39395257492870495 0.19338258706427283 0.25067429645012296
2 0.9936249265033947 0.42588726314673087 0.01275014699321062 0.06424429569592575
7 0.7414659622336148 0.29441202387592774 0.006659435775648781 0.011145738862716097