12 0.46653387532396096 0.7061625775484044 0.10625184523075966 0.14131898495630513
10 0.22241240934263257 0.3609751357435163 0.030966580083912554 0.05109113855894438
7 0.373604365976684 0.09972270555060365 0.18892263527271586 0.16947116301547777
2 0.4415930749090425 0.7062343432737871 0.2126920219953242 0.20365315967243447
15 0.4982430487645333 0.5234242853868208 0.10663219875988901 0.2577431763876509
8 0.6832934776036904 0.583611376615544 0.37439391951510215 0.7171390917563384
4 0.26424102137062433 0.08196803167023521 0.07743976099766217 0.10070513187285778
16 0.4370822510489072 0.6405790338693721 0.006605197510489091 0.006492475235320919
13 0.4414323286340201 0.19589745790381333 0.3056150730349426 0.3299038608247644
6 0.483176923664287 0.7109657417077886 0.10923513527271603 0.16637960376513541
17 0.5453548471048594 0.5294095163183948 0.25457463652211576 0.4193882503735423
11 0.7522956217994761 0.8411141454645005 0.25151956888575777 0.317771709070999
18 0.76875 0.4454494539444788 0.4625 0.8491931674137515
20 0.8843753386059969 0.9396014917731854 0.05182445435896632 0.1163412787894103
19 0.3522425419160561 0.40966556866318093 0.3318726875617342 0.5450327634375699
14 0.5260650085220844 0.8615349832847836 0.5334081863123343 0.2769300334304328
3 0.21904876577154692 0.21949032550334033 0.2781771572680401 0.36833543679032316
0 0.19770471680652096 0.09081975622386816 0.19268625269929238 0.12596363825079876