0 0.4430765463527777 0.06291931184395107 0.19197190729444458 0.12583862368790213
6 0.8445727371791314 0.7923697723520393 0.04273301386770854 0.03617123732333312
15 0.4612530505337495 0.7320905131002481 0.24804398860083357 0.4530692795479007
3 0.35878723964767334 0.39371647583993924 0.3861258700597225 0.50244220119432
16 0.3112972566495137 0.21109852076617364 0.18306968597979179 0.21471082563641933
8 0.40211378666604114 0.770175564938211 0.2849231267092362 0.2432249154888884
7 0.8968470180486801 0.56692779616599 0.18834037385944455 0.33799202840111064
12 0.3980659855636107 0.5107613725411121 0.10832295269729171 0.13114422733283934
11 0.23689470906246504 0.3642745176874081 0.15207556553881965 0.3150498632738267
2 0.536442073803854 0.2212191210172236 0.21737456363895866 0.3933561866166661
14 0.2868342787822565 0.7638717338984576 0.3085814450978475 0.4372610667927153
9 0.582130554617812 0.5963631413753101 0.1816162887533334 0.22077855758740697
5 0.4739206239563538 0.45305417285518634 0.15196515634451407 0.21939879798950582
1 0.7918536595755553 0.37334542557234773 0.19157317021222225 0.25520549921481434
13 0.5285476936761453 0.8521045849191989 0.06700827488562507 0.176222990009506
4 0.3748057510468398 0.815982455104754 0.20014938962701406 0.2998668394598762
18 0.6615362588337153 0.02431389902574142 0.2675524823325695 0.04862779805148284
19 0.3003428792746874 0.13688944970142 0.2328891544446529 0.27377889940284
17 0.19392922511437488 0.14578422582444495 0.11904355357097236 0.2093211689602466
20 0.6284867162806597 0.08401424272666731 0.25240156743868064 0.16802848545333463