9 0.5401860674153459 0.5050752087240046 0.06495536660488846 0.09909024264796382
15 0.7240079959084668 0.5279966656453772 0.351884970047751 0.5185541496985369
6 0.6444271672300115 0.7780478326196608 0.11766868275429002 0.3260120913006034
18 0.15278772721932726 0.27300060251015085 0.3023760433687288 0.5330319555801658
10 0.6231647477225654 0.5940329796480845 0.16879467313564334 0.31375112481850675
4 0.7005506816579817 0.7983083672695929 0.10503970798203355 0.26049421550387636
5 0.5738715535355299 0.20674563130306192 0.07752977767481432 0.16252478511135748
14 0.8019569250345597 0.7238719669004525 0.2378373390148923 0.39032521899840117
3 0.7153497254052288 0.18491001336901589 0.28342265752654666 0.36982002673803177
0 0.5430134893698628 0.9119927390550001 0.1913541754978958 0.10365423401009034
16 0.05553579282057466 0.7751211135105204 0.058328399089026116 0.26273903351790345
19 0.3363914009031247 0.3120203362126244 0.5040328018062493 0.6240406724252489
12 0.5495164605139223 0.8613252087240046 0.1783482332097769 0.20231917334809946
2 0.03591270734906137 0.08567128624338613 0.06720734736759483 0.06602392144702864
7 0.22654769726707835 0.7573771992617194 0.3149107597034648 0.4759001768426244