6 0.7590194638835139 0.9425124830318702 0.2754521311235312 0.11497503393625953
5 0.45818454999071123 0.5436704729543514 0.14230774440092264 0.15106485502645536
17 0.6616064705314986 0.4867341630614026 0.15298513527271584 0.1747825580903168
7 0.6632747916923415 0.54025968126 0.1492215178461393 0.2179985338255203
11 0.32709864812125583 0.6538900740248567 0.21593726639624683 0.35223843100775265
4 0.6975053138881584 0.7253146041466741 0.3722805095477696 0.2577897285591251
20 0.6344501294499238 0.6330487569336802 0.16456309793005203 0.2690665823551131
16 0.8177595369184566 0.6675524727451734 0.18532403859206364 0.1692528521471644
15 0.479077390447586 0.5213809654485068 0.3195107070582587 0.25950052230835585
3 0.19954417841494984 0.46714154019933635 0.35599727179483154 0.6005524223698793
10 0.5106537414779156 0.8755152447028431 0.2818456863123343 0.2489695105943137
12 0.5461590692867431 0.4737297141626696 0.16119945435896632 0.12780043388704374
9 0.42134371035902907 0.8189514743939968 0.13712333693238993 0.16928083076165923
19 0.5704980636876658 0.3355481945244268 0.1967836020792369 0.2614535430786274
14 0.3250671645175027 0.31667107546450224 0.3899900730349427 0.3505244437553846
2 0.7121956985361744 0.6878409860096002 0.119202131123531 0.1822620913006034
13 0.898604949986067 0.8335624048849546 0.09735044191141143 0.15344317910668176
0 0.6606779748811761 0.8388550555186425 0.34751915311885534 0.3222898889627151
18 0.8560012076597368 0.9337630454411237 0.1475406186759763 0.1324739091177527