12 0.9844348032702304 0.7120804903462788 0.021421561346272 0.12897718449013668
7 0.2676552885900944 0.7776503239501793 0.17834427068745357 0.2206286036450346
2 0.7323279579487751 0.5718135246486774 0.27921697469763485 0.32995217857083603
15 0.507137053946548 0.5727104810656243 0.43608623472308833 0.594374583534185
8 0.12478018197009229 0.3056229899445752 0.23332376670908891 0.4380817528243668
16 0.8723064259230036 0.8197026081172943 0.2454601400381801 0.3605947837654114
13 0.18757798460377564 0.6356999193229657 0.12076812802354438 0.2423217452243892
17 0.23788816195895643 0.4256326925943174 0.20374426002545337 0.2687928307098185
11 0.2861182186505462 0.18513861124501232 0.19609539202736234 0.28681442641874016
18 0.041578425326227596 0.2601833831718225 0.08315685065245519 0.24120009967697828
20 0.18377501599300033 0.0859403412694463 0.03613749466899989 0.026267326405626554
19 0.3443274239338212 0.6826325122403049 0.40145669605345213 0.5620029379867743
14 0.5135523279758193 0.2855746832111634 0.43227034404836145 0.5149165551510873
3 0.669426326583413 0.8404345472149742 0.38130673337045273 0.31913090557005147