13 0.08004342491562683 0.6273049070762925 0.14846832223840883 0.367109814152585
9 0.19428893140844858 0.7658763558333881 0.23830238960884897 0.31091274046617107
17 0.4307529423687925 0.2803142301166521 0.20787850405718977 0.25328046000712284
0 0.17879102191409726 0.2977315128814078 0.3557547167185217 0.45587969242948223
6 0.5973813348203105 0.24539031831585417 0.21560918344033872 0.24739421802266187
10 0.8924153709411626 0.28108812290633767 0.21516925811767473 0.1809458061653186
16 0.6678244740254178 0.13936189205881336 0.23071598620028233 0.2085384007204066
15 0.20041483157389967 0.16028112026135827 0.3195796631477993 0.3167791571611105
20 0.7623064999967047 0.6767693151661838 0.20971373944669303 0.2741865449435641
2 0.9704524163942102 0.4137104907206252 0.04004434740221221 0.07681879007769522
19 0.4939911022701809 0.5185318335029694 0.48310814934808166 0.5221892389478814
8 0.5843143189919979 0.32077722055455055 0.2331785129856435 0.27736115232351444
5 0.7077302739426921 0.4441601789302929 0.15722393912238175 0.20095240870767295
12 0.1493155762955986 0.6107506867479233 0.21615465421934554 0.2890608846893284
18 0.36014002799988193 0.6566997411970433 0.5840275413925625 0.6866005176059133
1 0.95342085206831 0.6659624714833315 0.09315829586338005 0.08360451445624288
11 0.8214949448044244 0.18815821583004516 0.05402502678536116 0.07122355450566549
3 0.030635939933160515 0.37203373478461216 0.053798930193927876 0.173234136235891
4 0.4043444009729347 0.2311971619987066 0.2820523896088489 0.31294978535318985