17 0.5470485816736802 0.27875719156350576 0.23729170199158373 0.35530924891566623
0 0.5849999933765779 0.06011574513203133 0.23000001324684405 0.12023149026406266
6 0.7018451759612321 0.5989154118030917 0.24632445081045748 0.46170470779006795
10 0.5113937576349123 0.8948367505460114 0.18141866950744615 0.1895258798685179
16 0.8635515130772079 0.7148706006574106 0.2451786130615094 0.41795470779006794
15 0.861825388204435 0.0765073106095556 0.20134922359113006 0.1530146212191112
20 0.2088565785936373 0.6707687824696009 0.33107641832631984 0.29919416341696065
2 0.3833133976534457 0.9259254751119484 0.1252579495445131 0.132003114717502
19 0.21645085690142363 0.3509952981622345 0.40732149291324193 0.6465911796501133
8 0.45377475291040686 0.4714367981644314 0.3893849700477512 0.49834723051604257
5 0.38046868376578036 0.6469951791161846 0.17836808057737183 0.25191678571271653
18 0.10855654446503715 0.26307946969796825 0.2171130889300743 0.41134106060406345
11 0.7214135983790853 0.8951540292275838 0.27547620435383635 0.14382746103647884
4 0.7725322205110873 0.2065414583360794 0.3643105589778255 0.4130829166721588