6 0.7407048144014579 0.6918333230589367 0.4163225163362503 0.5223450832779638
18 0.5635851488419789 0.29196203887042993 0.33815984232430585 0.42413661936754143
14 0.6069377181805207 0.1678870008244118 0.4548745636389587 0.3357740016488236
19 0.7813532238801039 0.34932646411960033 0.43569337822784765 0.6986529282392007
4 0.35616616024114534 0.7340508153439141 0.5753702080156253 0.5172127020302715
15 0.7762039436761452 0.847937424437059 0.29357077488562505 0.19358212831303162
2 0.9620550971708678 0.5241841404577301 0.057269598973819315 0.15258937898363492
17 0.4591677929343052 0.46418159984003776 0.48532839589527815 0.6322525107911915
12 0.5216827106779857 0.681424258693243 0.33965091356270866 0.509553286034208
20 0.12578125 0.25833333333333336 0.2515625 0.5166666666666667
16 0.20713643351124983 0.7298265946966893 0.41427286702249966 0.482013477273288
5 0.3827748259880555 0.08011839194044496 0.231325348023889 0.1602367838808899