0 0.11926642289032723 0.440625 0.23853284578065445 0.3229166666666667
15 0.716455474028713 0.5333333333333333 0.5585251607121673 0.4125
3 0.37167303368851534 0.671875 0.3501513733734992 0.6083333333333333
16 0.258958799516828 0.7479166666666667 0.19123647483619655 0.28541666666666665
8 0.6577372187537073 0.721875 0.17629331330995512 0.3375
12 0.49135428815274224 0.6604166666666667 0.0596125535707225 0.1375
11 0.4029524870176518 0.9083333333333333 0.26958757142762996 0.18333333333333332
2 0.31266009253424354 0.3458333333333333 0.2907728246740408 0.25
14 0.7420655799556372 0.8447916666666667 0.45093875730360083 0.3104166666666667
9 0.5393277325501297 0.278125 0.15324555113509036 0.24791666666666667
5 0.47352763433713846 0.5302083333333333 0.17602848620028233 0.19791666666666666
13 0.8457083717552367 0.3875 0.22320349512873605 0.22083333333333333
4 0.8231070742735943 0.8010416666666667 0.29694100405718976 0.24375
18 0.11690903612085206 0.140625 0.20055692775829587 0.28125
19 0.13987320332913641 0.6635416666666667 0.27974640665827283 0.38125
17 0.21032465625453103 0.8822916666666667 0.17877165665497757 0.16875
20 0.18190674472499424 0.18854166666666666 0.17993651055001153 0.3770833333333333