19 0.8705050932843091 0.34551365786944543 0.25555055291593226 0.6910273157388909
16 0.8618748009953683 0.15113846892821084 0.2575003980092635 0.3022769378564217
2 0.3561372195853051 0.7527141905116059 0.4846361080951718 0.45884708137036917
12 0.7579896466545264 0.718280167890928 0.1964323439616777 0.20955443393049342
3 0.3109375 0.32083333333333336 0.621875 0.6416666666666667
10 0.20999471845365125 0.7354331947216672 0.4199894369073025 0.5236655690862951
20 0.4720410170741703 0.21196830684870407 0.4081554952503016 0.42393661369740815
5 0.47208420341564594 0.45404389789444566 0.21294481456303557 0.3130959116559254
7 0.6828313528952475 0.27600011680716224 0.28808865671569084 0.44421464052814746
13 0.021821931818919872 0.9126440203580866 0.043643863637839744 0.16815030951938253
17 0.8498905416115724 0.7148180196658664 0.24682849163225704 0.30460580873419685