6 0.8758785837849123 0.9083820676374045 0.2482428324301754 0.18323586472519107
5 0.5065354415414 0.5154942765107079 0.12999511646291495 0.12999251082136945
17 0.6954917209400421 0.4179019859245305 0.13829893939369348 0.14267433441437186
7 0.7061326498182859 0.4701853252101663 0.12603795680654778 0.18818038528030112
11 0.3986587437799636 0.650357834412175 0.17453741180407345 0.31003193073444707
4 0.7716049208491851 0.6465490021576834 0.3549884724103801 0.17477599891456777
20 0.6935750961093843 0.5677201623315283 0.13910452283992142 0.24260160497717084
16 0.8784447410664301 0.5647377148190154 0.18270403663473153 0.16035921320185126
15 0.5226584085247132 0.4888109550819795 0.31040631275401315 0.2320183906898876
3 0.24177690072279706 0.49164030573389794 0.3281957575747735 0.5654608181790223
10 0.6221825322237173 0.8716369058420017 0.243048394391219 0.2567261883159965
12 0.5803989874483855 0.42875266341476365 0.15228619629109835 0.10137131493370978
9 0.5182486267512217 0.793637458870008 0.124400213703953 0.14651371861363457
19 0.5803403544771273 0.28825493992986523 0.17603131275401332 0.22889102489024848
14 0.33798243611433304 0.3179987104948612 0.3636065558566083 0.2748850930703692
2 0.779383121324155 0.6061421904692861 0.10153592378986112 0.16055158116796092
13 0.9732001014806804 0.7119294529133119 0.05359979703863935 0.13303187121142226
0 0.762285231794176 0.8066020216383455 0.3181988805964089 0.3508411201270884
18 0.9552418571906607 0.8821298506453278 0.08951628561867864 0.23574029870934438