9 0.7681920751350342 0.9431438516379097 0.10301720364722229 0.09122045601156022
15 0.6982276800927774 0.6996536102598182 0.5907432477188893 0.6006927794803635
6 0.3559882415475344 0.5356246381338357 0.3379403303564585 0.3195954943148052
18 0.9394358679724302 0.6341309286208644 0.1042537017473613 0.16205378934489356
10 0.718046604770312 0.9148323996047119 0.2241310970739585 0.17033520079057637
4 0.2846223878240622 0.5008763154179623 0.09131729065319458 0.13608306655372715
14 0.3648411371584721 0.6791666666666667 0.7296822743169442 0.6416666666666667
0 0.3490329927818054 0.30665025569156507 0.36010757750666694 0.42742291885045053
8 0.02567895288791656 0.368051806977916 0.05135790577583312 0.08525423151356128
16 0.7058090164331595 0.393812195588703 0.09622299620027785 0.14894708760041458
19 0.8458696655594788 0.4818768304971061 0.30135082655673634 0.45822865225907683
11 0.4786834719802428 0.3636571748243643 0.06464568787965277 0.12777028062249868
12 0.4710144827138191 0.4892741502698957 0.18993793502986128 0.24360616818526673
2 0.9755194915475343 0.5837360864710199 0.032304660144236406 0.06284347364458256
7 0.7155288553389928 0.4196009078565257 0.0063954703647222996 0.008818694728916535