6 0.2898887535146567 0.2022316066579208 0.48290250702931337 0.39694011168430204
11 0.7957299927612898 0.8917542698168063 0.4085400144774205 0.2164914603663874
10 0.0640860787837163 0.11717160343248825 0.09692215756743261 0.23191639988706053
1 0.8489920415612167 0.6393710550892212 0.2894479135632885 0.4795678943900981
16 0.48530837716935843 0.5550307643198438 0.4327313407754284 0.6112005187751576
19 0.04179812572161643 0.5943464280434265 0.04706339867609244 0.1428595227535198
8 0.46701010318142516 0.8568043612073507 0.2670934164587727 0.2863912775852986
15 0.74375 0.1942163394077335 0.5125 0.31271630110448867
13 0.2521427743977089 0.7498860172565575 0.2697475355653606 0.3616878242344735
5 0.29791765487683625 0.9163572069120346 0.20574919396136276 0.1672855861759307
0 0.1847069096343472 0.49221075417296506 0.3573332344891221 0.6385881750125968