6 0.33057192884856257 0.26259037120922535 0.576768857697125 0.5232170476140262
18 0.2196222652583642 0.7656402759723855 0.3793696977900975 0.38961388527810425
14 0.21612556068300268 0.8477501190460498 0.3301131069408204 0.22408506926115923
19 0.21403391091543375 0.5251789172060876 0.40271935250134494 0.5670245010788417
4 0.7115055825514038 0.5425512489112724 0.5769888348971923 0.903111008652702
15 0.5106200617682835 0.2438920119002113 0.35249012353656684 0.47221992423942855
2 0.10005998416055817 0.04810612824586166 0.07199496832111633 0.09323034956648615
3 0.8709352128732346 0.3118854502085187 0.25812957425353067 0.42277593939154284
17 0.4887382520168123 0.7864788814922725 0.37741371388164086 0.42704223701545485
12 0.5183554241569854 0.5104132196924761 0.30138680942249496 0.3607486807333487
1 0.6538130508725202 0.14734666016725434 0.14740986758448216 0.22191373051823943
16 0.8038237585499747 0.7286752023782849 0.39235248290005054 0.5426495952434304