6 0.23527615579492567 0.7655448278723843 0.44792281743586526 0.46160586260199565
18 0.5449354983263929 0.7444010333147517 0.4941592000092889 0.5056952360076348
14 0.7484399292401424 0.6949268851257772 0.45741806183678796 0.6012013164141019
19 0.5028538194872357 0.7978290452840722 0.42874584233097457 0.3989846578142675
4 0.23203125 0.309375 0.4640625 0.61875
15 0.18404034543125225 0.7286750927685711 0.3680806908625045 0.5051498144628577
3 0.043660739314687835 0.18605229729444375 0.08732147862937567 0.22977269060530786
17 0.46147549335201543 0.48162295681077283 0.27180875809787713 0.3582013970824247
12 0.2756079257156575 0.5642789323484204 0.29070046805592076 0.3333589633064714
1 0.023789007048969905 0.6226136546973461 0.04757801409793981 0.17143935727197454
10 0.8553340823589977 0.32551025879327183 0.2758343298834198 0.429034730415758
20 0.641415137547801 0.21788875149933334 0.35154472490439803 0.4357775029986667
9 0.8385465562144885 0.5109754073750298 0.08922936597668389 0.08607117252039913
16 0.3007076271748388 0.19332578324295116 0.42670974565032244 0.3866515664859023
5 0.6518520396177491 0.47077531863987476 0.14841603444287887 0.16566205594411468