6 0.7890004427568942 0.8813833885822235 0.2559909367187636 0.18255505727067506
5 0.46474097930624847 0.4842422410493798 0.12706229991529536 0.12347826708875888
17 0.664702452927302 0.38809291387451783 0.1489218893637169 0.1596829782702187
7 0.6694130687546699 0.44094512923478174 0.14650952090551303 0.2115844551770613
11 0.34030315045175785 0.6190576038538115 0.1920488050357929 0.32566054420664753
4 0.7131946188817269 0.6170697085433837 0.3635150103821694 0.21584380293779806
20 0.6449143267177648 0.5375665070829082 0.14171560509226264 0.24467531327507358
16 0.8297975609327493 0.5366331782365246 0.19018392619541977 0.17584240063313814
15 0.48462854507714653 0.4574731486767502 0.32351163666229377 0.2642070950993817
3 0.20305232138550583 0.4579981770039421 0.32742340486638366 0.5680100489130668
10 0.5365425716678545 0.8402225877548862 0.2604501945406842 0.28463839060400836
12 0.5495856871422864 0.3987983963235405 0.15785727360693613 0.11427397659869692
9 0.4424355268730566 0.7627612633067764 0.12337585779368573 0.1462130773289348
19 0.5659302949359722 0.2567377073994773 0.18859060509226264 0.24649387753998084
14 0.3205344949500897 0.2860162176480768 0.3629381577089811 0.2740558986534711
2 0.7258612188534919 0.5770620435482388 0.11031441567207594 0.16858417471612916
13 0.9200291768307043 0.6849581454223829 0.088909852532014 0.14279613020133627
0 0.6843577163638304 0.7772933718670071 0.33136891026922993 0.3726616660503754
18 0.8824620164203001 0.8486402121945726 0.13978908404557516 0.23628136113290996