12 0.4328125 0.6624646773720784 0.1046875 0.153148585858258
10 0.19921875 0.3527458502946088 0.0296875 0.05207447459662049
7 0.35703125 0.07816486431520828 0.1796875 0.15632972863041655
2 0.4078125 0.6662949366815131 0.2046875 0.2184696230959967
15 0.4703125 0.47442762174125963 0.10625 0.26992443539843075
8 0.65234375 0.5064994836444381 0.340625 0.7300518664243812
4 0.24921875 0.06696033167573943 0.0765625 0.10951662746847711
16 0.4046875 0.6019299690951924 0.00625 0.006686731494025366
13 0.42265625 0.16218501997631268 0.290625 0.32437003995262537
6 0.4484375 0.664497848637015 0.1109375 0.18066865068561644
17 0.51640625 0.4722483936394894 0.2296875 0.4243832157387647
11 0.7140625 0.7678117601409379 0.23125 0.3474090652789376
18 0.77578125 0.38177088949279836 0.4484375 0.7635417789855967
20 0.84296875 0.8327625064099985 0.053125 0.12037888436588204
19 0.3265625 0.38134744610384247 0.3140625 0.5656957575747735
14 0.4890625 0.8241590939258502 0.515625 0.31936368159042416
3 0.2 0.21102459219118902 0.2609375 0.380733539875558
0 0.1828125 0.08201727046642536 0.1859375 0.1338260952805873