9 0.7851514849791711 0.8226796418499215 0.11073867694751698 0.11436432674176207
15 0.7094722317360554 0.6205377449907533 0.5810555365278891 0.6817136551642008
6 0.37140303611755676 0.46702518627331313 0.33512284253094826 0.32671767527505036
18 0.9501614614435159 0.4940090665879848 0.09967707711296825 0.17032296502533056
10 0.7342747775928448 0.8201226030752634 0.24825804220663664 0.24787189473985669
4 0.29987290949435136 0.4403203319887918 0.1018273271096728 0.14890690825913472
14 0.3812474147693571 0.6215051153155682 0.7543127678536121 0.7569897693688635
0 0.36294783360249455 0.23941006927706793 0.36159561363426657 0.4415485690065008
8 0.039656383926806094 0.34047218069014795 0.05259889448011292 0.08397413498778299
16 0.7201796810047068 0.2811948336039005 0.10031937418757338 0.15292789406758575
19 0.8584903843338431 0.3534273826020511 0.28301923133231377 0.44749293038679666
11 0.49331717207625303 0.2794018913785026 0.06723413879807012 0.1290352627117238
12 0.4855922211827486 0.4063176431944632 0.19055463636243813 0.2508150363192109
2 0.9868529379045656 0.4364188997532504 0.02629412419086883 0.0634759646891953
7 0.729895600241586 0.30636241512127327 0.0063863676947516265 0.010999390099529311