4 0.8171200439553337 0.26364028190821087 0.22200991208933268 0.3810970550551415
18 0.4862813402270193 0.9252261784304312 0.1936870481173869 0.14954764313913765
2 0.5245763888058315 0.5355402121895199 0.35430078038021484 0.44836656321984947
3 0.19028623612033937 0.6208333333333333 0.38057247224067875 0.7583333333333333
10 0.3949029734772964 0.7741826665330049 0.31960440777039584 0.45163466693399007
20 0.1827927136028054 0.4675075366588738 0.3655854272056108 0.8683484066510808
5 0.2675730220561086 0.3619859325127851 0.3364729302879298 0.4009545742843425
8 0.6782230205149491 0.6054934348779231 0.4825049259689932 0.5276624747039054
7 0.31880126233850115 0.11280757151821927 0.24440893892580312 0.1677455651530395
13 0.31824273905500006 0.9325153847894183 0.2701098457733484 0.1349692304211634
0 0.6976796290882239 0.29867536489190855 0.3983907418235521 0.49221226667905166