6 0.9215029777674815 0.13035497776342048 0.15699404446503706 0.21372416835605518
5 0.5710913270339928 0.5623517762235415 0.11762898801910052 0.19670600780497668
17 0.24937006134007814 0.21269253864477283 0.21021828130301126 0.27240899557380044
7 0.39878970798203356 0.24904109316135462 0.18069447241000383 0.2784287064771167
11 0.8070139580668515 0.6792958248863906 0.2187004146981227 0.17874383892521023
4 0.8895089333024442 0.32019284115098307 0.22098213339511155 0.46839989513118047
20 0.5604092542611692 0.2738343505144204 0.26437999164729753 0.3124044251854097
16 0.40081845553496287 0.030074313559036107 0.1953869110699257 0.060148627118072215
8 0.23561516242068806 0.8212561610747897 0.3083283990890261 0.2606725857364883
15 0.4550570992665114 0.5476236916527303 0.2852976707733905 0.5146089633064713
3 0.793601277211478 0.8533935437256115 0.3714285998146655 0.28407407155406783
10 0.9532391058051154 0.4697262027182294 0.09352178838976925 0.22163328493233958
12 0.5249132422802697 0.46998281629584715 0.15184029691210785 0.19072265833797886
9 0.8725074940943681 0.5245897969143334 0.13734128729346082 0.17394690736235663
19 0.35348467558271396 0.5181971292002442 0.41721730416850206 0.42190132448093415
14 0.5280655572485449 0.7991919046382188 0.36187503974053176 0.3964771077238853
2 0.4876661803072194 0.09446371923200426 0.26908236061443874 0.18892743846400853
0 0.8917807614327454 0.3055973873388769 0.2164384771345092 0.33087565417363485