6 0.322377067057431 0.7895833333333333 0.4245337534184725 0.42083333333333334
18 0.6280088180073615 0.7541666666666667 0.43827025151861143 0.49166666666666664
14 0.7982764586812154 0.6677083333333333 0.40344708263756923 0.65625
19 0.5946521105604171 0.8125 0.3768586664125003 0.375
4 0.2126318590418058 0.32083333333333336 0.4251182477188893 0.6333333333333333
15 0.21830716289711855 0.7802083333333333 0.4139235617390975 0.4395833333333333
3 0.03367040444465295 0.27291666666666664 0.06174019984750014 0.225
17 0.49679126633625026 0.4875 0.24982338772715304 0.34791666666666665
12 0.3268983000555906 0.6010416666666667 0.2471698599917363 0.28541666666666665
1 0.06080248100138933 0.7083333333333334 0.09360714247680565 0.17083333333333334
10 0.8700767638677084 0.2625 0.2598464722645833 0.4
20 0.6262202739356946 0.20416666666666666 0.32744054787138915 0.4083333333333333
9 0.8742616496950003 0.45 0.08099673328249998 0.075
16 0.28236117116215287 0.19791666666666666 0.37402460714194463 0.39166666666666666
5 0.6819468631258683 0.4427083333333333 0.1371389369297223 0.15833333333333333