6 0.5514811091817904 0.23325806638298588 0.47621585938667826 0.3911838815567137
11 0.5873734898703148 0.7530297736074871 0.7571106025622527 0.49394045278502574
3 0.26852736807313055 0.12118180266285586 0.2848202638537389 0.21759785942905177
17 0.7987050196447072 0.17897378736040123 0.18972177956950453 0.12566935546099528
12 0.845993088503626 0.2837084152524098 0.20818498924663303 0.20837616404315182
10 0.015040533293558232 0.44450744340187176 0.0032705492142117154 0.00445802838309793
1 0.8286577694398194 0.712656560631753 0.237260367244561 0.3273737244412686
16 0.45762613957986453 0.5192141404684488 0.5531893899896401 0.6330105059848689
7 0.963381795699555 0.2664366391894754 0.06508565260503403 0.12443155347041022
19 0.011164324235602333 0.43292532986947996 0.022328648471204665 0.08668399307229321
8 0.1764789551290145 0.7203153412694463 0.352957910258029 0.536464015872226
20 0.8047345417706137 0.23074385831814614 0.2890368829603268 0.24913922114548306
15 0.8022023930945211 0.37054571293880295 0.3919564834556649 0.520380072638422
13 0.10046226468230841 0.612135312550213 0.20092452936461683 0.3826039584337593
5 0.010415153433603394 0.71856051782347 0.02083030686720679 0.3037877023136067
9 0.73919920140947 0.9636787531605021 0.3357620256405632 0.07264249367899585
0 0.18014126426802363 0.29286780579057387 0.36028252853604725 0.5482356115811478