6 0.2848532097575511 0.3232579921079283 0.5300715439906485 0.44693649497496524
18 0.2789890989789591 0.8563360620087207 0.42756000539858474 0.2825661676975358
14 0.33283707200925744 0.9186024430163139 0.3167390593379881 0.1359254743590301
19 0.23271498237757524 0.6507024042326672 0.4192542883915711 0.5735951915346656
4 0.7237334979254075 0.38401460887768196 0.5525330041491848 0.7680292177553639
15 0.43921955581350325 0.22149296443754787 0.32843911162700645 0.44298592887509575
2 0.033194698759888924 0.2521259345445141 0.042709563487173065 0.09574813091097181
3 0.8359375 0.1165618828114332 0.328125 0.2331237656228664
17 0.5711281321724382 0.7406911367413052 0.34640693901162667 0.43936929577379835
12 0.5207217000092887 0.4485141151268285 0.29609836307689896 0.37385079880175026
1 0.5491963618274991 0.06964393776570875 0.1358927236549981 0.1392878755314175
16 0.8442137865174713 0.5434773900591211 0.3115724269650574 0.6671328731478492