19 0.31855933984087087 0.22964681459378553 0.2910063203182583 0.4562392685368195
4 0.5855168829197209 0.02746790644586194 0.1524037341605581 0.046996899295524405
18 0.7668397586268494 0.7836498547970191 0.4010697351689643 0.43270029040596186
2 0.5012575893366679 0.42697702705556256 0.2723334579295561 0.1895362404338344
12 0.45675846236903156 0.1577725091015817 0.1273815908492771 0.16550448972006795
3 0.40402840219023195 0.803343863125707 0.26294702229572964 0.393312273748586
10 0.500651665935987 0.6322641435009192 0.25268722946898114 0.2914256461068026
20 0.3639382697747142 0.5863937542234713 0.11190941015912906 0.22785904397479395
5 0.46716681260146264 0.4809012841467728 0.13769637797604234 0.12393478688358381
8 0.5403143715197546 0.3230709506825116 0.39872099530842303 0.24674375825688746
7 0.38624994837117516 0.42921117186576 0.11647694183801276 0.1362651001807644
13 0.5722485244662912 0.8318588019698259 0.20476318169855415 0.33062112411940536
0 0.5885547655873402 0.14837396265183223 0.2697654688253195 0.28947563803997023
17 0.4631120051957801 0.05152856934096812 0.08002598960843983 0.09641511631442887
15 0.2934618788092216 0.5889733326786942 0.1633405062041863 0.3448772045258726