9 0.20354453101724665 0.031428560074133784 0.1539640620344933 0.06285712014826757
17 0.5754731507430071 0.3675957986827431 0.18783825599585596 0.2416997676907312
0 0.5747902923897861 0.16254956322380404 0.25895558477957226 0.3250991264476081
6 0.6583735037195444 0.679874224939784 0.22745302770747777 0.393300302959103
10 0.5515306523956369 0.8246592978953254 0.2199273180303493 0.31183204814977944
16 0.7984591563245783 0.7922948354694046 0.21037253556536067 0.35090612026135826
15 0.7529602959044428 0.3186407401268991 0.29104464681406556 0.42746036708341534
20 0.18528695243841814 0.4431481177294695 0.21967045285270292 0.25982146641955406
2 0.4018046341986718 0.8618881609285622 0.2693793544242794 0.2538161843856706
19 0.3316439139775734 0.2536540865112763 0.3507878279551468 0.5073081730225526
8 0.5065626389561828 0.4334059966241483 0.2783220148871962 0.3311905241314352
14 0.06873526902102539 0.8252281674540841 0.08507282092583346 0.15787699842516503
12 0.30445421360606983 0.054378283608718624 0.09015842721213971 0.10875656721743725
18 0.21554157092583343 0.15354827804025029 0.3779581418516669 0.30709655608050057
1 0.15112392989822687 0.6972321201482676 0.0892937481379732 0.27871033175849835
7 0.36888512634078896 0.9051553628636008 0.1528767510334573 0.13399473562857503
11 0.6709399319651415 0.9276090125986812 0.2436087588913402 0.09662041354526897
3 0.533287688998964 0.048693745921548806 0.23845037799792798 0.09738749184309761
4 0.7013657167064418 0.4097287129023391 0.24325781017246656 0.35451723725995554