6 0.9387911921650056 0.1762661254363715 0.12241761566998868 0.25478632896085285
5 0.5739297648025113 0.5410072523762023 0.14312584361388012 0.22386387758137188
17 0.2928662253229977 0.14862785052039837 0.2377560255998529 0.29725570104079674
7 0.4376768800110747 0.20144307553277033 0.2129562846991515 0.31594955826863796
11 0.7969841378737555 0.6968279406024145 0.24030123226282818 0.23688321573876484
4 0.89581195018457 0.3616695039979687 0.20837609963085982 0.49642641941738064
20 0.5953682665005543 0.25313397105564306 0.28144546884459276 0.3477277551627438
16 0.4633708875692138 0.021709786673265046 0.20174177513842756 0.04341957334653009
8 0.21270926742340493 0.7397456686271174 0.3523587461424887 0.36514098447052895
15 0.4609396090347002 0.5060509030618189 0.35153433065707007 0.5747933710226512
3 0.7593723187799943 0.8112888029571721 0.42112973010335963 0.3055800633184868
10 0.9492955004614252 0.516727351126112 0.10140899907714954 0.2565421136736672
12 0.5385546668696946 0.4410529850762425 0.1710505845145814 0.22166250263781936
9 0.8787069023717251 0.5542007749159732 0.17115071406423077 0.22374583597115252
19 0.36307380551864255 0.45958605834570526 0.4895955351605769 0.5636773134313817
14 0.5036241640919175 0.7580885036951118 0.4013760394795135 0.44539062113554595
2 0.5439385695551866 0.10400588270828819 0.30350213911037327 0.20801176541657637
0 0.8926566718069401 0.3452757945150679 0.2146866563861199 0.401139000451579