0 0.8021225062200366 0.5967177673534263 0.33900934757972223 0.3344085362728372
15 0.10541289942383081 0.654007522383098 0.21082579884766162 0.21456206458743404
3 0.46382132406243226 0.49660097490631816 0.45592460990419426 0.4925190119125728
8 0.14088843509828025 0.5806699538661185 0.2542935108541339 0.400488067223656
11 0.6266256184990798 0.34119459741626973 0.020142081637205676 0.036435338605776954
2 0.5004980512225108 0.7336800730560055 0.2440376843053107 0.2585667325722118
14 0.31520343962083597 0.4100860177449224 0.3376925090451115 0.340573646944578
9 0.07849021229141531 0.7874876396453933 0.15698042458283062 0.24075760476502903
5 0.3928836250578005 0.6948306593674819 0.15054663387576941 0.18072648486651205
13 0.06985717972698412 0.7304506409635041 0.13971435945396823 0.08115093150780789
4 0.21789467039895913 0.5255535994430108 0.10235479534115868 0.18434491569047726
10 0.923038114542351 0.7533409537669691 0.10282618611433314 0.3153402477056995
18 0.7199640241987179 0.8225825657816082 0.41500528154634875 0.28448633601912976
19 0.7883952781554469 0.3906145512823882 0.4053580438708206 0.43572077606987136
17 0.8957717661696591 0.23718007827887433 0.1580315852552502 0.17281759817447467
20 0.6092755076903744 0.8421089300905477 0.32216268430531086 0.262811198985171