0 0.5802196236895532 0.07313070879664071 0.19581075262089379 0.14626141759328143
15 0.3445525200535238 0.7428286705714248 0.25796600092285066 0.4711516219004708
3 0.38159594926171947 0.344977443296444 0.3884149645256561 0.46161565880757593
16 0.4044395712532297 0.14529755067290753 0.17872338217054295 0.18425293678025156
8 0.28779138032484164 0.7240945757170146 0.29841412091177605 0.24270296973302408
7 0.7945141448228111 0.8326667647172045 0.22265265730897052 0.2552100593149904
12 0.3735750933093383 0.47943733262470317 0.10863212523071271 0.12018602899843979
11 0.28992768584348416 0.24190724831518032 0.15484339605020364 0.3034733728766603
2 0.589698345930232 0.2952303852995644 0.2253351711886312 0.3758736139918054
14 0.17558127699335413 0.6917498300132687 0.3207058328165384 0.5119623057025791
9 0.49823752699335416 0.6742201837277463 0.189400066315984 0.2118456060831401
5 0.4580502228589876 0.47276997556537365 0.1648005845145814 0.21882071016432636
1 0.751341543032483 0.5960545578729428 0.18697597316352949 0.22625916075995503
13 0.36523765500184396 0.8798847739935556 0.07061049352159499 0.17214557313036755
4 0.23836307680878396 0.7797662555647904 0.2083083574935407 0.3458580540425468
18 0.7950342928755996 0.11264773974745948 0.2839511027131788 0.22529547949491896
19 0.42551233729235866 0.09433895452517398 0.22397532541528276 0.18867790905034795
17 0.32673367828534505 0.05394562778239513 0.11215764342930994 0.10789125556479026
20 0.7386248041343666 0.1635046784305153 0.2648797301033598 0.2907505151830627