6 0.3077966834403387 0.2375 0.30647173701106123 0.375
18 0.36895592045139997 0.6125 0.3879592905817836 0.5125
14 0.326138949265356 0.803125 0.4614046988616143 0.39375
19 0.21961443952612342 0.603125 0.43033770535443605 0.5270833333333333
4 0.5844585949665803 0.18541666666666667 0.46891718993316045 0.37083333333333335
15 0.25760972280760164 0.16354166666666667 0.2256660219140972 0.28958333333333336
2 0.1386217637964224 0.44375 0.17374896590774286 0.2625
17 0.49795189934808165 0.5 0.27736488960884886 0.3
8 0.14800604098552544 0.921875 0.2207955154212755 0.15625
12 0.46938874837514694 0.2875 0.221114889608849 0.3
1 0.4487238721589786 0.021875 0.053670470779006864 0.041666666666666664
10 0.7220844691508584 0.9708333333333333 0.014144320616851048 0.00625
20 0.7902463137136968 0.746875 0.4031479139585782 0.4791666666666667
9 0.5423424220729578 0.9666666666666667 0.15399775324641088 0.06666666666666667
16 0.7062750937487643 0.240625 0.3688001874975285 0.48125
5 0.5674457877391146 0.8552083333333333 0.20691602191409722 0.28958333333333336
11 0.17673896712226353 0.8489583333333334 0.12609094155801365 0.08333333333333333