19 0.8713555451310843 0.6166649474939482 0.2507420783841652 0.7666701050121036
16 0.8879844186463339 0.39735992832769534 0.2196666084715549 0.4229582363742164
2 0.3216952112701358 0.8023806822252394 0.4464109648980455 0.3952386355495212
12 0.7158567367386719 0.92800664324835 0.19646112602253202 0.1439867135033
3 0.328125 0.33467114547100324 0.65625 0.6693422909420065
10 0.19185121621819373 0.7037193539492687 0.38370243243638746 0.48660537456520386
20 0.5155471289920329 0.31088201356149003 0.4043143931112908 0.4555254355753833
5 0.47950902593075445 0.5627741571963255 0.20622858260730728 0.3071844759696274
7 0.7057736607287751 0.4934279121570666 0.27766096489804537 0.4375838270841868
13 0.0032767980340782307 0.7970237604045889 0.0065535960681564615 0.18988085414251116
17 0.8234873803121812 0.9311421216338733 0.2781203029821363 0.13771575673225342
15 0.9150961510953568 0.19565914630862966 0.16817098997087002 0.134693133745681