17 0.9471931733370453 0.10556726506705888 0.10561365332590925 0.21113453013411776
6 0.5594355647676317 0.9446057783314857 0.07045795066836362 0.02267443964562593
18 0.6646186727004985 0.31085694838808825 0.37451348273390617 0.6217138967761765
1 0.9347840800047724 0.20245503907960796 0.13043183999045524 0.3882978428940573
0 0.23270833808081445 0.7744583734342309 0.20301810136854384 0.36292210980681766
20 0.8438061860279987 0.2195342350436803 0.21177603071290713 0.4390684700873606
16 0.25107269867918125 0.11844421344899699 0.2927703973583625 0.23688842689799397
19 0.48088965738381584 0.45511398314260937 0.5211532200827236 0.8564234957795023
11 0.2558078413828614 0.46496385667527906 0.27705558537554353 0.43794689491817496
13 0.9302062153484993 0.4060473103113048 0.1395875693030014 0.38714905202411765
12 0.4921207954328136 0.9357632058447135 0.10508748933799979 0.05477823976867266
2 0.4767534040022271 0.003451162864524911 0.09100680800445424 0.006902325729049822
7 0.31624535471036164 0.4024654534268477 0.13030676002545336 0.2609474974283258