0 0.5212728221293907 0.09927125830016154 0.1762043557412186 0.1510044927751774
15 0.39780887543852 0.7963921571351501 0.2020505672236558 0.4072156857296998
3 0.3699663542211628 0.4155471074260383 0.34790689528454566 0.4099178722423922
16 0.3604215523577272 0.21573988081011308 0.15895318874502423 0.14798737683099303
8 0.337030542929006 0.8019011014945393 0.2787218606841345 0.18777229911202464
7 0.8643278719784788 0.8576770277794784 0.18732753954332715 0.2597622727498068
12 0.38389224996281895 0.5488150013676857 0.0918001808363588 0.09442202504410702
11 0.2615118670727441 0.32826996511963585 0.12578254448624282 0.28761669961943925
2 0.5696108685556188 0.3356181627866961 0.19338122136826907 0.35576538473965846
14 0.22032054540046392 0.7712639601519327 0.27813290615896047 0.4574720796961346
9 0.5398318907615592 0.7211002688450487 0.16271485870696817 0.16899048882084458
5 0.4666238369209573 0.5303550244346263 0.12546952669174588 0.17528647827595759
1 0.7796212440313198 0.6078768907455195 0.1634788626613009 0.19399048882084483
13 0.4391740216744678 0.9292417846128048 0.051904692699356936 0.14151643077439027
4 0.29758869954507705 0.8536661462607351 0.15617038144438117 0.2926677074785298
18 0.7443919871484187 0.12182709890789219 0.2610886917107738 0.17225518316784028
19 0.36709731669218326 0.12532710413076104 0.20018036661563351 0.22094294337080603
17 0.26301465315602995 0.09984785247072873 0.10209569368794007 0.17609647168540302
20 0.6971058102663925 0.18394864172170905 0.23193970258518865 0.23930739660265649