6 0.522583648303842 0.4532873842827281 0.3145668052783328 0.4393052779116791
3 0.3873509029219903 0.2730566649859897 0.2543907229032401 0.4688947102497198
2 0.5743150777569441 0.10365921018415156 0.06615126324231468 0.13247352508731228
17 0.6522651290292591 0.025168794777992606 0.14820234561740725 0.05033758955598521
18 0.5348821393968517 0.05877134651647613 0.19476427879370348 0.11754269303295226
12 0.6438640345431477 0.3130708730508294 0.08335788708777762 0.18170131947791976
1 0.6215158916594431 0.8349820506132595 0.1163262119699997 0.23446925578401714
16 0.5268876053728692 0.7704420332939923 0.23683278454314766 0.39064593005066117
7 0.700231611734444 0.2617016671053015 0.20019265551388835 0.32925329869479936
19 0.34274705122583216 0.7792262008009975 0.09517438190398124 0.17245009967697816
8 0.4809585336481931 0.9329782108564224 0.07189412384546294 0.05432662442815494
20 0.5940205679549996 0.2841808058930733 0.1241975005656478 0.21242667426664424
15 0.6816749757779622 0.4940004722236046 0.3132585835063882 0.3957009587698946
13 0.4274337009902765 0.8719421578902152 0.09720577360990709 0.156074794726743
0 0.40040372634361 0.7235446473305873 0.24075886691824025 0.3558119868168573