17 0.3852004423356189 0.6143881686179108 0.23639147635429064 0.33081198681685725
0 0.2412047564474919 0.8445812544394755 0.22864890871793264 0.249270625100426
6 0.36674090456874775 0.23062396055307105 0.3491068091374955 0.4612479211061421
10 0.6875018452307595 0.10873516895404617 0.27429329544054093 0.21747033790809234
16 0.23625865394404783 0.11365830841408876 0.3881423078880957 0.22731661682817753
15 0.07409976682045413 0.8339817587436673 0.06579371120744357 0.2278698158459986
20 0.7868319520838811 0.42614694333630354 0.23045005228901835 0.39035456833423
2 0.808488851454537 0.07395265079444072 0.13889932448483505 0.14790530158888143
19 0.6570413987691777 0.6989974227212509 0.45895540581814753 0.5277079168675186
8 0.5332100446153485 0.468642923225454 0.31688630498831055 0.516534292103228
5 0.6513195819580123 0.36338413542641784 0.1971621103776066 0.24219034126944633
12 0.5454205049975994 0.9460685580451693 0.03844719336130424 0.020163007263842302
18 0.7675546915104263 0.833205326508126 0.14105382033565023 0.21209151123189873
1 0.9278452705454316 0.24021374051849362 0.14354020290907385 0.2558415112318987
7 0.8814760655617654 0.031127918365809238 0.1448640593379885 0.062255836731618476
4 0.18927171308154334 0.5802964212742098 0.34326047345450555 0.5977404907849136