4 0.8929681053102307 0.18562039775795008 0.1981813769810999 0.37124079551590017
18 0.5140761545710228 0.8563370935123518 0.1880416181871082 0.20671689415027003
2 0.5803558903170194 0.43597185775019137 0.3442911024352927 0.4265291737534396
3 0.21724985456132456 0.5426028618090125 0.41664330305381414 0.8731276097153082
10 0.43448476517208734 0.6867364446269112 0.27783692607271426 0.456546489305547
20 0.21565591940475448 0.38307824181806427 0.42193683880950894 0.7661564836361285
5 0.3338959942501242 0.23839428160025244 0.32924018728260196 0.3835020190053379
8 0.7293830638046599 0.5193696086521115 0.4852028869830395 0.5225744816390457
7 0.40149859818322886 0.034694509083855754 0.24049719636645772 0.06938901816771151
13 0.3455972215404847 0.866285318773302 0.26447657242947364 0.21296655031572626
0 0.7715235400077587 0.24064750402649332 0.4326517139544411 0.48129500805298664