6 0.5672743239539498 0.19101870676848018 0.4766270205032381 0.367664958306784
11 0.631820462791357 0.7623560089115141 0.7363590744172861 0.4752879821769717
3 0.27985368030721935 0.10013624893908861 0.28783236061443873 0.19605442849563398
17 0.8107316580747008 0.12399133259065993 0.1888293762235353 0.11330143825587727
12 0.8625967476377474 0.2257966152662353 0.20819942431676958 0.19690143114787706
10 0.04251740453132173 0.4306931688945452 0.003234127404661713 0.004215150222787874
1 0.8660243703179036 0.6548420730425989 0.2411061827542902 0.32027869159769506
16 0.4874132422802697 0.48132783386375366 0.5480903366526396 0.5915997796519955
7 0.9751289747722567 0.20051929439841615 0.04974205045548672 0.11332422045406017
19 0.029717304168502025 0.4190409013367271 0.03979167549789595 0.08808180267345425
8 0.2010640584296713 0.6997112880330894 0.378883979666398 0.5119225760661787
20 0.8197718413771451 0.17098754148096293 0.2823462524470706 0.2251241280500583
15 0.8132366099814666 0.3146890579248417 0.3735267800370668 0.497484693401209
13 0.12252734146196305 0.5933272284638174 0.2235565842055689 0.36582112359430136
5 0.04031753138782927 0.7045060515595148 0.051716300540304946 0.3048454364523631
9 0.7899604112395616 0.9337968462762399 0.34121033175849824 0.13240630744752005
0 0.18904268574951497 0.2705325004773924 0.3776488618803831 0.5243983342881182