6 0.5012203387173613 0.5171934478746835 0.20961245202099904 0.21431230157442205
11 0.0660811753659985 0.3232883950909581 0.1271817600254534 0.2548495047064193
3 0.7990829373408633 0.47993454464558677 0.4018341253182733 0.6177229860115356
2 0.9569232566836355 0.442276734933026 0.08615348663272897 0.14720527210332388
17 0.6332890460693605 0.7055884517453419 0.15490677068745348 0.21010730993203025
18 0.9691510840229081 0.5468980426659195 0.06169783195418397 0.12129598997087025
12 0.4480140700588609 0.5953104323033734 0.15283519334818116 0.1517133577898669
10 0.7516090480187718 0.2134720282385159 0.22436584269572588 0.29402453752056096
1 0.12009706070972528 0.4274327679245197 0.16193747334499947 0.12082707064284813
16 0.2969135520369074 0.3738963360600854 0.28254196936663484 0.33793410011394653
4 0.9485164126949306 0.6595910460089627 0.1029671746101389 0.13953874566712302
7 0.362013482733906 0.6742377550799616 0.1686783693507265 0.17731954587816906
14 0.763322538749178 0.8216917651090916 0.3533090027052708 0.3566164697818169
19 0.6332403086807721 0.16306197483849932 0.32273061736154424 0.2895101891435328
8 0.1936147346833174 0.17099778015278636 0.3247294693666348 0.33957080795236305
20 0.43694075739972427 0.66881412457048 0.2608487827020893 0.3579187701236565
15 0.2621492953930427 0.5964301273859081 0.34308057471354336 0.47357094818282897
13 0.39416871801399933 0.15274563042080574 0.2664624360279987 0.2852445786923108
5 0.24774770401018137 0.10957777179517816 0.22674540802036275 0.20872910847155476
0 0.5026817466979531 0.3266896854923439 0.38535898138127056 0.4856243226879123