6 0.4876484282822723 0.48031737242570227 0.2830317103796052 0.42142862189273866
3 0.3304449823406067 0.3480819510062575 0.16429989109776438 0.4200661667232121
2 0.4899886748644267 0.1229893299574817 0.041143150467538095 0.120641541680803
17 0.5522301205115048 0.014801543986510367 0.13928975897699053 0.029603087973020734
18 0.4379767229708328 0.06153435971393049 0.16779655405833438 0.12306871942786098
12 0.586831337726801 0.304900688096577 0.058557909444528634 0.17352514264832217
1 0.6415354558024189 0.8355785879164753 0.0651442527304745 0.2508994823940867
16 0.5370388533430909 0.7967029453246984 0.16092945140261464 0.36367066351699623
7 0.6347784792173486 0.23601509753512223 0.16380901170746504 0.30756616672321196
19 0.35713772990471976 0.8540277130154297 0.0803965480082102 0.16621033175849836
8 0.5121201456939602 0.9582472618395362 0.06734203610435348 0.03854498560030232
20 0.534555765419898 0.2917128668006886 0.09771131303532492 0.1961772660593508
15 0.6486041090004315 0.4686572906389314 0.2560874152982612 0.33269184463990603
13 0.45294058841417206 0.9162201560909663 0.06773292154477702 0.12812831893363588
0 0.40587975693388695 0.781980746652421 0.19038969242562426 0.3129696106427114