6 0.2528588039810548 0.7415822099565388 0.4566547435038829 0.5168355800869224
18 0.5598491436726294 0.7433107169898798 0.5052558847375849 0.5133785660202403
14 0.754925864451636 0.7040623041101434 0.47978432629559864 0.5918753917797133
19 0.5144724139651687 0.8079304150418136 0.4082524253226639 0.3841391699163727
4 0.2390625 0.2962251666644698 0.478125 0.5923048744545378
15 0.1925442357965405 0.6982955898250566 0.385088471593081 0.5507578463167798
3 0.07088346996822789 0.13710762608158775 0.08893758928453739 0.23116672618969158
17 0.4842975389635211 0.49475185497387564 0.2752762840889618 0.38545776298454515
12 0.29678785633396126 0.5508229377677882 0.29534332223840876 0.36718050432635085
1 0.03751581655966124 0.5696954826836117 0.07503163311932248 0.18939096536722347
10 0.8708174659110381 0.39954909144222067 0.2542194902574721 0.44744865692413877
20 0.6679163827122855 0.25832697997222803 0.3719251874975285 0.48975934415250605
9 0.8575071680223585 0.5805445384120176 0.08705571509696383 0.08741672618969147
16 0.33352379180289493 0.19219341449909744 0.4079524163942102 0.37813209739891696
5 0.6731827609603439 0.5126936525911973 0.14598643019392785 0.17417888744457505