9 0.0758157420913346 0.17595697999612067 0.1516314841826692 0.18558604000775863
17 0.5144803581754955 0.3125661367413051 0.2096482085166876 0.28652120364647343
0 0.4610900558177683 0.1558468357492293 0.2778198883644634 0.3116936714984586
6 0.665338568137877 0.5484299442080981 0.2449728962731287 0.42325575718339437
10 0.6007601204956041 0.750640565423158 0.22393088441013057 0.34621502506124197
16 0.8235357287082806 0.5696253878364679 0.21850855536065775 0.3726181143538575
15 0.6715845454376449 0.20770737231022285 0.33451024015134934 0.4154147446204457
20 0.16208623414548815 0.6073562561525253 0.2283982085166877 0.28856193576862593
2 0.46568744213070323 0.8390540846217388 0.2737452006080224 0.24366376607400753
19 0.25516902517168993 0.338712931097749 0.3743659190105418 0.5806106379977448
8 0.46470850984865064 0.4124596337133532 0.26717154844057556 0.3343100666795979
12 0.17952172083679635 0.16422277029374344 0.10177735870696818 0.17096044929778825
18 0.15213816155898693 0.2677090210024207 0.30427632311797387 0.4729152913284919
1 0.18904402908884155 0.8463232472619121 0.10795837452429895 0.2713005713181469
7 0.44277918273916306 0.9007249082591604 0.1529286818249421 0.11215919031055392
11 0.7420735285945499 0.7892466496584115 0.2539765286689121 0.20828970061852156
3 0.3939290721293907 0.055697903427368474 0.2402668557412186 0.11139580685473695
4 0.6432420281374395 0.27778780057326263 0.2433175543720747 0.3690890905167277