9 0.4945952925991831 0.5852202556639398 0.0770762303552928 0.10815646509484847
15 0.6572172630296785 0.7025943024568767 0.3707364549196175 0.5233516548532433
6 0.5146936610865984 0.8674094018751002 0.12425094499481996 0.2651811962497997
18 0.20135267659296718 0.21862439198926834 0.31604464681406563 0.43096697368735676
10 0.5465515907799376 0.7111929381479372 0.19387424028009032 0.3265987180729918
4 0.560295105462246 0.9050986304681916 0.12482883374611511 0.18980273906361683
5 0.60778030500518 0.3252403959931758 0.0948844685684687 0.17150535837744046
14 0.6758130976043631 0.8648750823819313 0.2496148180303493 0.27024983523613744
3 0.7489489605056979 0.36213199153142855 0.3209504706353833 0.43747164167213437
0 0.3818768529810466 0.9524087114824373 0.19611732878371627 0.09518257703512537
16 0.007692567825461544 0.585223893282592 0.015385135650923087 0.2621144532318505
19 0.36504699545188607 0.32770755011300157 0.5699060090962279 0.6443794875523086
11 0.12604638399829324 0.9179488221541782 0.13321491439185817 0.06338070357377176
12 0.40382678164092833 0.9062128261085107 0.19001718610347992 0.18757434778297863
7 0.15057142659296718 0.6616988221541781 0.30114285318593437 0.4942309776416894