6 0.49486329383515465 0.5197421475990089 0.32477004307885 0.21878973889133596
11 0.8911216627570191 0.6764121950179163 0.21775667448596173 0.4694643286088279
3 0.23172914532809347 0.6737500353249171 0.19951794284641897 0.5350860096751923
2 0.16780839298230496 0.7923512131850657 0.008140281930985215 0.006613758015538925
17 0.5137939742732011 0.360598633986729 0.16884782500983525 0.21776457858055523
18 0.20632495374218224 0.6351587612783 0.20100476114786484 0.20679236224581932
12 0.640831721675311 0.39041347137024085 0.13144637797604233 0.12873679491529125
10 0.2758772551189055 0.9593915505120323 0.09688570767745457 0.08121689897593545
1 0.8830299293527656 0.491055048375961 0.16865144703379292 0.0951389183263198
16 0.6363184563400723 0.6312798704027216 0.33115071907742094 0.39989423568512045
4 0.278768400271772 0.5304630081003571 0.024497255447881637 0.05101852244350932
7 0.7365816282281439 0.25459007717535614 0.1722241972858944 0.19298283338987865
14 0.4836587240210995 0.2615179416703374 0.3637118468013618 0.4263492677472766
19 0.20658095190059683 0.9464649535381463 0.17610331411407198 0.10707009292370746
8 0.7132737122921571 0.8605622140290287 0.35646779333095147 0.27887557194194273
20 0.6465793411013786 0.29196439925866213 0.27704237328446535 0.37867068117945496
15 0.78515625 0.2928076805616734 0.4296875 0.5325066908546472
13 0.4594656512801782 0.917509947969678 0.22345891535490914 0.1649801040606441
5 0.4806358109351042 0.9494874640007559 0.19674359604505706 0.10102507199848816
0 0.36731672008582716 0.7811574231073706 0.3265067777436112 0.43768515378525874