17 0.9148918053005323 0.12424614506767889 0.15146638939893542 0.18253902612805506
6 0.5547696981541339 0.9940572890380098 0.07222568636451818 0.01188542192398027
18 0.6179695236277233 0.3309521645983234 0.3703109527445534 0.6254118062808414
1 0.8917734275705265 0.22045433817054627 0.12244805334367825 0.37054627043180216
0 0.21618517240037866 0.8493492242454873 0.19231427212991123 0.3013015515090255
20 0.7927141742365464 0.23958232928532283 0.20832165152690701 0.4237590672998049
16 0.1926342969655825 0.1536531596724345 0.2794635857653932 0.28726729321681393
19 0.44588774528889424 0.5195304033598903 0.5221919303247781 0.7892614512177267
11 0.2198355572573863 0.5535702470304992 0.27710360243529264 0.40148691369716566
13 0.9110341263528798 0.4175000476804845 0.15293277879787084 0.35925864660840695
12 0.4882996752753166 0.9919603666750902 0.10216827787978708 0.016079266649819603
2 0.41077813227193377 0.04412836553118375 0.0922511439408634 0.05553860543665709
7 0.27723334013814316 0.48583961986406066 0.13848789940087514 0.25062221923092237