9 0.4801706239563538 0.4941975919473143 0.16628092306201406 0.13217479609861135
15 0.5991414423449651 0.29894265628416594 0.5050940756068059 0.48625319199388944
6 0.7788640035153817 0.3808178021815732 0.25926981648875014 0.27040388981657437
18 0.41642955338354104 0.880342481384768 0.0848503915268751 0.20877148632185202
10 0.589968423727604 0.1534729988626382 0.2613778303564585 0.3017023799381484
4 0.8073371084731249 0.18108362690305466 0.2494960794065279 0.33673112563222246
5 0.2852594738801039 0.3878073472656478 0.205090156344514 0.20833855901638904
14 0.7965645690542014 0.09219178400580984 0.3924083183886111 0.18438356801161968
1 0.20854431820118 0.8909583342207869 0.020821646276527783 0.02979703824712961
3 0.28984375 0.2583090882725463 0.5796875 0.5166181765450926
0 0.8514442522811108 0.6065667862244435 0.2807824469977085 0.3397842613970373
20 0.23950337747173553 0.9066551984559719 0.03146951196784729 0.10300464564324065
8 0.9799030927055554 0.13616638019657298 0.03830269984750032 0.22606678267462968
16 0.6361231511230897 0.9536894625153696 0.07590918977951393 0.05441085916888895
19 0.5212079723614925 0.8718853099059717 0.2585788322563196 0.23082055648324104
11 0.7412477154276382 0.880673202764027 0.06177395459715278 0.0498077814080555
13 0.12036117249333309 0.8822881828779628 0.24072234498666617 0.18038414538907452
12 0.7263000883371524 0.5292444860719436 0.20668902393569458 0.2104703824712966
7 0.6558368922893745 0.8978992477231474 0.12158667211208343 0.1661852492396297