19 0.7605551840378089 0.2962183359714094 0.4381100958200285 0.5148293143303041
16 0.7381625544511179 0.23492269657670425 0.2386635659621909 0.2758807256088634
4 0.8406905732888615 0.8942718969819493 0.24010789129415605 0.21145620603610146
18 0.1943922902095701 0.9347819220547741 0.032885222872636934 0.017939661652101792
2 0.47573825986075324 0.7446213315731357 0.2098851018701529 0.48306230157442204
12 0.768076271666414 0.542385072753309 0.14652151775758906 0.2827208825545457
3 0.24977169926131534 0.4201762948883356 0.4023907644379395 0.5634350817272085
10 0.3322155188377437 0.6869610678274202 0.2626192164297292 0.39554000774131687
20 0.4367631600337038 0.3649202425435494 0.27646354781181853 0.34608557702078924
5 0.4837558138208918 0.5188524495462051 0.18067834913967826 0.23405449634881112
8 0.515159308163551 0.8308577306234284 0.22029536104353492 0.33828453875314324
6 0.09567507260149047 0.27875836614747496 0.17458288524403182 0.2692286877801569
7 0.5797319100337038 0.37046686355151653 0.1402260659621911 0.2720617406525581
13 0.17152748283158603 0.8026226399223204 0.2685328731437834 0.3186991496433047
11 0.8936201305686499 0.941306459575335 0.1147170058537327 0.11738708084933004
14 0.0893755965073997 0.11077724817440555 0.11187380698520062 0.21888726876028045
9 0.9426439587292851 0.8273296887467112 0.06000223477649343 0.1460535147355491
0 0.7403365701656035 0.7928393394031287 0.40189988504764 0.41432132119374265
17 0.892958096998379 0.5743179107930617 0.21073855386194254 0.32062292038325235
15 0.48999322004396656 0.1638259726393625 0.3637635599120669 0.30364689698194935