6 0.7926453407799376 0.6231602819262728 0.3780780740262054 0.5605287275731238
18 0.5154279851128039 0.2819553716283648 0.3152055847795724 0.3670148107935625
14 0.5174528655919313 0.1380946374194529 0.4338442688161376 0.2761892748389058
19 0.7654108684874152 0.27760422282613173 0.4691782630251694 0.5552084456522635
4 0.41849290322871563 0.781273698177188 0.5474744292790543 0.4123405427391669
15 0.8491243190683159 0.7688475584227726 0.25342902274507895 0.29411586160032166
2 0.9611728246498871 0.32770322026537974 0.05502144789030439 0.14724385195220271
17 0.4522280101341945 0.4848442884079263 0.45613029941909955 0.5639045379151073
12 0.5630477320124319 0.6589472395616177 0.3399573358130297 0.4955175214824782
20 0.08130350392894142 0.3598928991409174 0.16260700785788285 0.6593808683848319
16 0.23653885173819234 0.8227736001817141 0.47307770347638467 0.3524875079134577
5 0.2761386608772015 0.11093678049176227 0.2108391083532209 0.22187356098352454