6 0.3005080183467643 0.2697830723022865 0.30162717427525154 0.4008873914440708
18 0.35981379889197296 0.64942295910603 0.3504919211519937 0.5033201647154226
14 0.3160450972929666 0.8029645569342636 0.4689419393023663 0.39407088613147273
19 0.21489322609409078 0.6294789584337593 0.42978645218818157 0.5881245835341853
4 0.5780426658874364 0.25189142463556374 0.48766466822512733 0.44114008023839946
15 0.25003584055547134 0.19421511107694464 0.22941583098930565 0.31710273863281774
2 0.13005864207972295 0.4643933658525555 0.1746010659621911 0.28283724192860354
17 0.48922456382089174 0.5458166299088208 0.2747465117074649 0.3254941501877383
8 0.13816956128680896 0.922217301486382 0.22569086729005097 0.15556539702723599
12 0.46202223526747294 0.3317360411276059 0.21221015027114642 0.311333582525779
1 0.4420829608705844 0.06518601620836134 0.0533158975406721 0.04870314917933198
20 0.7803439466290367 0.7811795155360906 0.3880101018701527 0.43764096892781884
9 0.5301616185665973 0.9869672457285923 0.15342498184962744 0.02606550854281551
16 0.6973557472695255 0.3130360102890607 0.395913505460949 0.5325449096036763
5 0.5579871575978169 0.8766962599201412 0.20282605991206673 0.2466074801597176
11 0.16657636241827714 0.8721292135455054 0.12694429508134392 0.09930014951546724