6 0.2342613397334433 0.23645833333333333 0.4685226794668866 0.47291666666666665
11 0.7930844779631832 0.7067561416818539 0.38791650329870536 0.4124837818797355
10 0.024326398588074206 0.26009626583944184 0.04865279717614841 0.26314080165444964
1 0.8228103965430101 0.3806854359043937 0.28183163935036715 0.48159846932952255
16 0.4603043848645276 0.486212714152208 0.5005769423325035 0.7161400802383995
19 0.031170297407257613 0.7538900671577561 0.062340594814515225 0.14720253927886137
8 0.4893768047645028 0.7974453877465815 0.2755241518867795 0.33547377427975794
15 0.6771415100291298 0.09787383595684825 0.5582169799417404 0.1957476719136965
13 0.2633826060972863 0.7925274455211837 0.2813482545523465 0.3879941501877383
5 0.33257522380654814 0.9087427927099305 0.2056709899708701 0.13560517823470092
0 0.18461302922945974 0.5793932970141225 0.3692260584589195 0.6995467393050885