19 0.7365665657455871 0.22196904795248704 0.4230785844132733 0.4439380959049741
16 0.7084046095770768 0.15362604964994528 0.22498418344033871 0.2409423324846042
4 0.8960427516215578 0.8403973367282498 0.2079144967568844 0.29491506492678615
18 0.2589123133066598 0.9753485866221233 0.032948867694751714 0.01092574400593899
2 0.5126434650936686 0.7192774807978224 0.1621956314911742 0.4565908444727261
12 0.7748047256469756 0.4505730451941882 0.13951033360249454 0.27502570135793825
3 0.25051779179959965 0.4534978284001839 0.3674558758091312 0.5035165173986637
10 0.36467356939573975 0.697609995491215 0.23585922808260743 0.355671116486301
20 0.428169459007884 0.3548888114789126 0.23633078652459377 0.2723620249310284
5 0.49252405965650714 0.4955858070231555 0.16829780681713338 0.2067362951410895
8 0.5647202081938099 0.8174479563441863 0.19049218100470675 0.35080143825587745
6 0.07959559131313229 0.3498780613197582 0.1498478157455871 0.2293620604710291
7 0.5684399030015296 0.32562371812012597 0.11577282467404082 0.2517454080203627
13 0.2213384009696394 0.8509061475175168 0.24570578652459388 0.27250747559939204
11 0.9480620833989761 0.8333715998303108 0.10387583320204782 0.14118329068533247
14 0.051346086038126515 0.16173638399109133 0.08605805113509046 0.2492014809038781
9 0.9768086463051893 0.6901541891577051 0.04638270738962156 0.14244240356460552
0 0.7851321197200513 0.7619344114152792 0.3637308579522237 0.4576347005092091
17 0.9068557463465521 0.4495056771695833 0.18628850730689592 0.2675408302567257
15 0.4531989123370204 0.12276975641842544 0.33139782467404083 0.24553951283685088