17 0.6315361398579775 0.3649042101484862 0.2695781448589473 0.38232808662436685
0 0.7232139725792549 0.1572785675567093 0.24167680121764637 0.20652781899018108
6 0.710473309262732 0.7508202253921467 0.2831302039525013 0.476441844639906
10 0.46584594866166745 0.9042956635169964 0.19700203000581898 0.19140867296600728
16 0.8499990974343229 0.8725695033193063 0.30000180513135427 0.2548609933613875
15 0.9365113269714016 0.3048910403886946 0.12697734605719688 0.28750663786727143
20 0.2286976665298166 0.5289583686582504 0.3735003703131401 0.3747024440325902
2 0.3359990809336012 0.8819180401625133 0.1402737978836665 0.1789550497246149
19 0.3062811772806623 0.2947090465749445 0.46881235456132453 0.5827249456639706
8 0.5027252268313187 0.48770511154321966 0.43201398516626827 0.5415410770622654
5 0.3963154722893908 0.6073942445163497 0.20551590273485498 0.27755294397604474
18 0.199680748792052 0.15679236224581924 0.324361497584104 0.31009264754246363
7 0.28002001896510925 0.9218981883793037 0.04110323212215263 0.035152123411028434
11 0.66217868578479 0.9754596979979505 0.2762115557595742 0.049080604004098895
4 0.8372607550009699 0.3763857318611233 0.3254784899980603 0.5528505882557474