12 0.37195677931927673 0.6712401491738441 0.1197718413771451 0.16371695196331118
10 0.2412995786784553 0.2542394624259209 0.03261409255827141 0.053538365395489444
7 0.4621800522695855 0.0934822261230189 0.191264895460829 0.15248019237293692
2 0.3487648159797655 0.660773875127227 0.22157244355406328 0.2371230545622107
15 0.45659965254758716 0.5156118567338962 0.13371034500534212 0.27880954651839907
8 0.6159349578123975 0.6242774844474487 0.45143856986241654 0.7514450311051026
4 0.3641617037208643 0.043029165992339774 0.07792659255827142 0.055648161885615915
16 0.3629017270496912 0.5988558879520894 0.008030754809323425 0.008697091348872258
13 0.5002678401112007 0.19224876780382194 0.31196431977759864 0.3516138110029147
6 0.38652771080762244 0.682347956070035 0.13152779691210786 0.19547621318506572
17 0.49977673367311315 0.5395239016209149 0.24668654935917864 0.42140215873594566
11 0.6041641001931837 0.8668122140290286 0.26383435462398896 0.2663755719419427
18 0.7604786206964217 0.5308037102050315 0.4770784653232457 0.9356812982345976
20 0.7024527780533323 0.9965046924294823 0.05728671034428619 0.006990615141035524
19 0.3506175257758976 0.3511078687147958 0.39556553737827904 0.6239286395551973
14 0.3733233279606651 0.8427844038700769 0.5240278101589517 0.31443119225984617
3 0.2788293497298475 0.16525137349584657 0.29234130054030494 0.3174074584322877
0 0.2961929537208643 0.03986447125715014 0.1919890925582714 0.060959028912485884