9 0.4986669174172877 0.5622714845469451 0.07779495850815117 0.10639721225907409
15 0.6831127723963096 0.580517563953473 0.39678729254075584 0.5322285119032413
6 0.6022618236364206 0.8326234004532415 0.14960187137526865 0.32698983687888916
18 0.1433589136923101 0.34096791463972237 0.2867178273846202 0.5444358292794448
10 0.5814309506107668 0.6483202646884265 0.2122202705454317 0.3310127750751855
4 0.657505430690035 0.8520773781632415 0.12874399710021506 0.26187311220824083
5 0.5336259483356817 0.26387078761171356 0.09517263527271584 0.1651669566865742
14 0.7591755970816374 0.7707087657008341 0.2934003381817899 0.41463879103231516
3 0.6749380325687792 0.228603075098473 0.33762393486244163 0.42432984776972255
0 0.5000938271609056 0.9539788028106021 0.1982258576783142 0.0920423943787957
16 0.026297316487204413 0.8424433795590277 0.05259463297440883 0.26255023201592614
19 0.2944674373380195 0.3545381811030559 0.573565125323961 0.7061669549116673
12 0.5074453084895737 0.9072735182361115 0.19105382033565022 0.18545296352777713
2 0.016097674065272304 0.1558144598530093 0.03219534813054461 0.06996225303935191
7 0.1839737649231324 0.7917160277354167 0.3409857332027678 0.41656794452916657