19 0.7377717116592313 0.3220883850088896 0.4809936191051921 0.5411960204819901
16 0.7192606987823537 0.25262061661656715 0.23303512485506808 0.25032098217874516
4 0.7985034648240333 0.8949996381338357 0.26007585697722035 0.21000072373232873
18 0.15178809042800728 0.956884606752037 0.033705320303441734 0.017131480660145117
2 0.4406427805855472 0.7615823804530895 0.21463529546777044 0.4768352390938212
12 0.7397015181677116 0.5598207920056288 0.16240363152302778 0.29045131911397587
3 0.22346159211924305 0.4412287856488799 0.4469231842384861 0.5966171854418242
10 0.29813628725350694 0.7076415258848362 0.2561853245555056 0.3744510523343697
20 0.41288353983858084 0.3847742836596987 0.28188695516044937 0.33705184528116094
5 0.45526274528889427 0.53877851517326 0.1986601248550679 0.2476514945030376
8 0.47696317573435854 0.8392369435931516 0.23574527879787102 0.3215261128136968
6 0.08282068113402721 0.29980674374373756 0.16564136226805443 0.267271424347413
7 0.5562349271114844 0.38962692558366435 0.15044576546195146 0.27293527000503864
13 0.14068162324842112 0.8194658243285897 0.28136324649684225 0.3338559014056607
11 0.85304757255016 0.9497925819152198 0.11999324879205205 0.10041483616956057
14 0.07332618757246602 0.1229156946348003 0.12209762485506796 0.24170581740714345
9 0.9060606154328564 0.8427676128264372 0.06661315727678314 0.1482395929091446
0 0.702887818008232 0.8039509189445667 0.41259456334561795 0.3920981621108666
17 0.8688948105913662 0.5907860444717613 0.21603881455356594 0.30291022430976633
15 0.47348568423848614 0.17701683096768725 0.37177863152302776 0.30671092586601295