9 0.48984375 0.4571025399754309 0.1625 0.14268634505865557
15 0.58984375 0.252254167971236 0.496875 0.504508335942472
6 0.77734375 0.2810196474357582 0.2421875 0.26385945657780396
18 0.4625 0.8486202743202367 0.078125 0.2105863838423024
10 0.56640625 0.1308364433223419 0.25625 0.2616728866446838
4 0.7859375 0.12389606473064471 0.2296875 0.24779212946128942
5 0.28515625 0.39604719897559637 0.2 0.22385114263629405
14 0.76640625 0.055337168470506716 0.3890625 0.11067433694101343
1 0.25703125 0.9053582971588253 0.01875 0.029124065455485966
3 0.27421875 0.2635416666666667 0.5484375 0.5270833333333333
0 0.86953125 0.48765271450184144 0.2609375 0.3388168553666233
20 0.2890625 0.9154137131168146 0.03125 0.10548455353692106
8 0.96875 0.05393493876425013 0.053125 0.10786987752850026
16 0.6921875 0.8861213058238678 0.0734375 0.07882620081176413
19 0.5671875 0.8195178533048849 0.2625 0.26607024971013593
11 0.7875 0.7809559175362589 0.0578125 0.04379225737663717
13 0.16640625 0.9141801690825627 0.2296875 0.16041563516303559
12 0.73828125 0.4394378393569094 0.19375 0.2044208985955765
7 0.70390625 0.8192208482475224 0.10625 0.16364748202553112