17 0.5231512312040687 0.29799885930242354 0.24786264152496745 0.35318955086373244
0 0.5522960815133293 0.07752917315509471 0.23603283697334126 0.13447591558233285
6 0.6881233005894265 0.6064383804046435 0.2831302039525013 0.4705107824652072
10 0.5053115742171498 0.9012153116862005 0.2080670757634536 0.19756937662759905
16 0.8491248313441515 0.7113710719615586 0.24282419728454166 0.42380469588546293
15 0.8279497857556949 0.08603087932140804 0.21597542848861018 0.13816984090719364
20 0.19576071528307523 0.712855468612536 0.3684302330402365 0.36015630086263406
2 0.38101320482209367 0.9397440681801206 0.1407203369733412 0.12051186363975883
19 0.21484381446897696 0.39359636255212965 0.4296876289379539 0.6850366623337251
8 0.43512558847115324 0.4962351704503015 0.3930153869830395 0.48138964610057233
5 0.36771533467813144 0.6772177072473519 0.20382585697722053 0.2710304328987211
18 0.11191019757440568 0.32038114015046665 0.22382039514881136 0.44909561363426664
11 0.7166157360358607 0.8950111396033568 0.28584138939893544 0.1834835238070132
4 0.7436867428729983 0.22280885713595272 0.4095015142540035 0.41936238744237814