6 0.496875 0.48635268615172245 0.209375 0.20903953895912744
11 0.0546875 0.3706022348489841 0.109375 0.24629553030203175
3 0.796875 0.3939539935137688 0.40625 0.6094548268361177
2 0.95390625 0.3277993392944233 0.0921875 0.13131218506409337
17 0.6390625 0.6507518300924146 0.134375 0.18021069913297225
18 0.96796875 0.4316387234936858 0.0640625 0.11399095346261869
12 0.4484375 0.5739383257616699 0.1515625 0.14311071103757722
10 0.72890625 0.13928585877288854 0.20625 0.26938347618859315
1 0.11328125 0.46507189123480047 0.1546875 0.08276677380811155
16 0.28515625 0.3808634388554173 0.2875 0.34210777488915006
4 0.9515625 0.5476455530389905 0.096875 0.12100461255322822
7 0.3671875 0.6685376244622269 0.1671875 0.17264102489024868
14 0.77578125 0.7642365838815416 0.3328125 0.3556623517285632
19 0.6078125 0.1155604491362676 0.309375 0.2311208982725352
8 0.16875 0.17419761039115106 0.303125 0.34038808874182125
20 0.44140625 0.649101966995372 0.2296875 0.31784561363426656
15 0.2640625 0.6084376958898567 0.3046875 0.4216744534604217
13 0.36875 0.13248930681933016 0.234375 0.2649786136386603
5 0.21875 0.10589162500054922 0.196875 0.21178325000109843
0 0.48671875 0.2970057234892921 0.340625 0.4120941753215655