19 0.3300131219764556 0.24928898225507762 0.29934875604708877 0.47854408304098667
4 0.5927505739974547 0.057215500074362095 0.1504363520050907 0.058149375512882115
18 0.7924643845878672 0.7902995290232272 0.3992578493793616 0.4194009419535457
2 0.520518848623502 0.4524387029642911 0.2609385946849082 0.19325829515769197
12 0.4681949219844098 0.1786342431418862 0.12174882535009016 0.17111981160929085
3 0.43443370858532193 0.8074897108233817 0.25819649737427086 0.38502057835323644
10 0.5257592372692756 0.6580290382747908 0.24318856802990768 0.30682295655191516
20 0.3878961579408209 0.602599666057186 0.09883858402290802 0.23026313835206977
5 0.48802397461809316 0.5038234717349778 0.1323408800127268 0.13213070357377188
8 0.5565841653007743 0.3501820461834562 0.3864658533577262 0.26046610808509374
7 0.405675098623502 0.44619933733724076 0.11055678668045381 0.14135891964480993
13 0.6029473512492312 0.8396664038522664 0.22022378270208928 0.32066719229546714
0 0.5995085566518188 0.17847328004899138 0.26035788669636234 0.3056734058294328
17 0.4706664886616821 0.0745524658034787 0.08054202267663584 0.1022460224078853
15 0.3183558172740482 0.5998637576163187 0.1608851453691802 0.3606571554875115