0 0.12077448197804645 0.5936597909169999 0.2415489639560929 0.32481958183399995
15 0.7219268072883657 0.44729662905664325 0.5516010520369073 0.36675428804926113
3 0.4172285745942306 0.7130306182002091 0.3097055480585428 0.5739387635995818
16 0.32637576058245843 0.8296710555513312 0.1899908426957259 0.28687112411940535
8 0.7029484459341394 0.6523716371234756 0.18268742003499838 0.34514385505887474
12 0.5294473112667303 0.6583179306463587 0.0637181493475449 0.1400681524842464
11 0.49983998524032247 0.914990063880019 0.270259050684272 0.17001987223996196
2 0.287706348623502 0.426218802624465 0.28170562802354426 0.23341956570033537
14 0.7955893845878672 0.7801821991831782 0.39882149737427086 0.4051498144628577
9 0.4898239266390922 0.2746512841467728 0.15688744135899882 0.2532832607318428
5 0.482818306612048 0.5402399227104543 0.17676358935390812 0.20344082695588953
13 0.8087011959739103 0.26254052848309545 0.21907835868872638 0.21835141321608909
4 0.8645671985996394 0.6650844400097962 0.2614113093570899 0.23534533280962222
18 0.08015057666295472 0.2662492046568004 0.16030115332590944 0.3866650759802675
19 0.16798200525145832 0.8055241602892228 0.3219862773710892 0.37330591100298943
17 0.3089604465706862 0.9435931282837494 0.17912497334499947 0.11281374343250121
20 0.12764155263368335 0.32497039331086414 0.1798896840388164 0.3826196141013291