6 0.25552617505646974 0.35205170021401083 0.5110523501129395 0.38667307467074546
18 0.19823528974488755 0.8804265216449362 0.3964705794897751 0.23914695671012776
14 0.23267484804680091 0.9524417083327841 0.3120897472985769 0.09511658333443193
19 0.18005297909448695 0.6700251309506549 0.3601059581889739 0.5150502619013096
4 0.7050544371422864 0.4376701980453432 0.5884350415286775 0.8212064437178939
15 0.41710565806191696 0.244320750537224 0.3220386838761661 0.47576839068988747
2 0.01520850007058717 0.24316289231583899 0.03041700014117434 0.09049245129834466
3 0.8252513580054472 0.1745725459880747 0.3213722839891055 0.31758051623095596
17 0.4864662479338614 0.7967993641758843 0.35717254707269797 0.4064012716482315
12 0.47025523193708435 0.5135382196924761 0.2715542945124493 0.32058351190240797
1 0.5450780105939309 0.107573865254726 0.12546897881213823 0.19231068722836733
16 0.7992686267742346 0.6619634518322733 0.37397915742663235 0.6642866028107001