0 0.17099647895735054 0.6477395959271568 0.28561773304023647 0.37464585852098037
15 0.7245533319723714 0.4770377904515836 0.5508933360552571 0.5001455171650074
3 0.48054669320165566 0.7140057443952262 0.40197554092584264 0.5719885112095475
16 0.4072523275996214 0.8593849974283257 0.21667654334173853 0.28123000514334845
8 0.7560411586539088 0.6832210374184841 0.22688046182840935 0.3799892946720815
12 0.5842617535031578 0.6954851974037178 0.07911315727678296 0.14975777297895926
11 0.5923924732074747 0.9265305295065837 0.2814089809142047 0.14693894098683274
2 0.3149223378914251 0.47248178284730014 0.30331567394668235 0.2828984495139667
14 0.8254457654619515 0.7889342011074209 0.3491084690760971 0.4221315977851584
9 0.49398847137130686 0.3126611032238235 0.18663835697722053 0.28121882788236807
5 0.5227505554697102 0.5793541517534162 0.1858094384905499 0.2169025066814328
13 0.8072698503092608 0.2886544149624735 0.23590503333979881 0.24812452806693816
4 0.8873877850067888 0.6870631379721944 0.22522442998642234 0.28426148879045243
18 0.09360570516044937 0.32300820481112363 0.17241610243529265 0.4043497429555806
19 0.2483716641139206 0.8167598015626923 0.3663255991013127 0.36648039687461537
17 0.4081608654813481 0.9610142504614253 0.19049719636645773 0.0779714990771493
20 0.14282432622249547 0.37798830043066367 0.23711633122346534 0.42024015833641026