0 0.8424216997971851 0.7091926753335369 0.3151566004056298 0.3408283149293555
15 0.14693084772955928 0.6393604756397356 0.230376429463857 0.18905272861787903
3 0.5124714921258375 0.5481058024320892 0.4541728174358653 0.4815930092763509
8 0.19314207428434252 0.5754102674773631 0.23310145560836615 0.3740449486432496
11 0.6680567960652409 0.4215600705685078 0.015956886722608487 0.034097337287666105
2 0.5629837454498298 0.7928090349795137 0.2327444128671175 0.2307193952845457
14 0.3588360840326048 0.43487542757826264 0.3330296780139645 0.32339764430835616
9 0.1269870458647483 0.7680832457285333 0.17613921535662844 0.22141337946721482
5 0.45371456661067266 0.7339115606578888 0.14853443361304192 0.17422181688173452
1 0.21675105333792546 0.999738242433256 0.03328609668065212 0.0005235151334879618
13 0.12294981868526511 0.710749134397737 0.1510422817435865 0.05389781951795622
4 0.267099792540756 0.53373651122873 0.08927783278320493 0.17307935574121866
10 0.9694766634918175 0.8671564598719798 0.061046673016365106 0.26568708025604054
18 0.789145348978959 0.896456687122173 0.41025410622842173 0.2070866257556541
19 0.8192962968904336 0.5003500060306485 0.3614074062191328 0.3996249947771311
17 0.9270020531142109 0.3653277016957549 0.14599589377157826 0.16848115285128956
20 0.6779118510535516 0.8887750659055449 0.33283950124939976 0.22244986818891022