17 0.32584098449363125 0.6116709800715275 0.24104033870851377 0.3482062373519528
0 0.1627672880510692 0.8450869366464887 0.21879715756743262 0.2463118506293443
6 0.3445375963615088 0.23675606362083484 0.36404980727698233 0.4735121272416697
10 0.6748843759310134 0.10659066140174371 0.26854460049533807 0.21318132280348742
16 0.2264297593056249 0.11341488215695689 0.3815154813887502 0.22682976431391377
15 0.014680968363580812 0.8336956860295295 0.029361936727161624 0.22844196127427427
20 0.741237006205253 0.4202312705144691 0.2513999499572188 0.4219122318197062
2 0.7972687981807545 0.07219766056881047 0.1379452638537387 0.14439532113762094
19 0.5876089303170209 0.6952505015012421 0.44508148345566473 0.5286718301662248
8 0.4858945347413003 0.46471335682989967 0.27887428659881797 0.49527141411651726
5 0.6126068920610639 0.3584919775727278 0.20709767824559702 0.26796559281427207
12 0.45442178701761193 0.9422547463186314 0.038082196856846905 0.020455440111883404
18 0.6850403943373754 0.8255353073070048 0.1430694114963739 0.21790097040557727
1 0.8980221612914863 0.23312224395349337 0.14296240363849116 0.25940977151202677
7 0.8735423538051069 0.027981219073865415 0.1426284557481871 0.05596243814773083
4 0.14926579177061364 0.5781213095384808 0.2985315835412273 0.5979240475897051