6 0.7977356015755652 0.6478989763237851 0.3601305415653025 0.5701939713310781
18 0.5467351411959601 0.2666903741140629 0.29047150565734087 0.354377953549852
14 0.5608016654946528 0.12878480302148637 0.41847833098930565 0.25756960604297274
19 0.7968886355386194 0.27914674139925105 0.40622272892276107 0.5582934827985021
4 0.4160316045024315 0.7644788933126435 0.53291353571157 0.4390707434609894
15 0.8616986285065366 0.7972615054115201 0.2634544877033598 0.24732024971013591
2 0.9821544907284221 0.3775766856073491 0.03569101854315591 0.14366479757763848
17 0.4709862283335859 0.4614816969461859 0.42408395725634696 0.5521664727484327
12 0.5687429931643089 0.6530212476483978 0.30508851756119737 0.4829918359747998
20 0.092737987605164 0.30520833333333336 0.185475975210328 0.6104166666666667
16 0.23324183040013052 0.7895843648369644 0.4609567224798535 0.41249793699273785
5 0.3215119065176624 0.08358894060041794 0.19302381303532484 0.16717788120083588