6 0.5029663204105708 0.5314614524369151 0.2693601575265465 0.3973574463727631
3 0.35942959681944064 0.3519921990603533 0.17168654935917865 0.4204110460425378
2 0.5366865228654907 0.18100485469746316 0.05165675843752062 0.12592468376037544
17 0.6080406784931208 0.07623891314750081 0.14253472958158006 0.08164961951936954
18 0.49089038402808366 0.10016293603217782 0.1755307680561673 0.15025694237552575
12 0.6162525156939147 0.3897805798141674 0.05759922359113005 0.17413244885546555
1 0.6231350097882828 0.9008962718482135 0.07486113466105593 0.19820745630357284
16 0.5239236942718535 0.8370092462076504 0.17328376569391465 0.3259815075846992
7 0.669494077582147 0.3379683948124408 0.1735367368379741 0.3123688111376278
19 0.34146585833700405 0.8573432095375305 0.07435021397248338 0.15853314309301822
8 0.4857739082443368 0.991369978493266 0.0683333377489479 0.017260043013467907
20 0.5655977512659444 0.36167552991098423 0.1018948606144388 0.1976827008540842
15 0.6631052122432027 0.5705254656699784 0.2760268197775986 0.35409261042013557
13 0.4312575338349 0.9390297799822863 0.0817807680561673 0.12194044003542738
0 0.3953795428205747 0.8014128742738743 0.20187999164729753 0.3224487350415018