9 0.04232905110243039 0.6526526334731877 0.08465810220486078 0.26363860027970865
15 0.020053354389062295 0.7911464484102532 0.04010670877812459 0.26979289682050644
18 0.4669224754956245 0.7797147269867312 0.3704982572181947 0.31610720775753026
5 0.0007201665094094388 0.9248265939145289 0.0014403330188188777 0.045486521162391116
1 0.47798399601284663 0.9680445255943807 0.19400587955902787 0.06391094881123867
0 0.1257253921924652 0.1055743764910486 0.21729921561506957 0.20704424841644573
20 0.5241511344055898 0.9182968644599606 0.31759015634451404 0.16340627108007885
16 0.541711455262743 0.30621567996263577 0.22547669794763897 0.3180923773239819
19 0.4851854322769789 0.5405105170286875 0.44288370991548637 0.4419611579673116
11 0.33242998708222216 0.10037096377307415 0.17576502583555564 0.15085641051746088
13 0.4397209298084369 0.9662135311266272 0.14872974715020834 0.06757293774674551
12 0.0711995867216318 0.22528588022376686 0.13964830072118076 0.3156597715120268
2 0.6664315130146871 0.8280465186945539 0.1292199469977085 0.34372137925717183
7 0.41545807978777766 0.2757202362516959 0.17903680262104177 0.2489309427443449