12 0.9435275900131188 0.6728087086255657 0.03818181043863902 0.1257202940568476
7 0.20994852154079754 0.6638818188384389 0.16380343671876346 0.18626727328657608
2 0.7064055635635852 0.5062691610188236 0.2694611734939967 0.28869516758951735
15 0.4847426661661863 0.48473552848529416 0.4171537628012437 0.5337770347483709
8 0.15936875277201026 0.19413812564291855 0.22501249445597948 0.3882762512858371
4 0.3895394980750358 0.9536438196628507 0.027108531570031145 0.014769603125384615
1 0.33425275859837944 0.9542166183462519 0.019296031570031145 0.014102072794389168
16 0.8193018637612293 0.7726720090562293 0.2853437787274338 0.3315633888519758
13 0.15808916090451444 0.5147216296542383 0.10156104195220043 0.22246019123908004
17 0.2479391581325041 0.3109043142118854 0.19585707352223153 0.24297055521102565
11 0.3403527132388843 0.1024606631721418 0.1817945735222315 0.2049213263442836
18 0.06328510263789464 0.12433406642057317 0.12657020527578927 0.2350129549649321
19 0.3032504714843278 0.5770385533653244 0.37516368387616605 0.49905587702719456
5 0.2377340743692776 0.9365190808170287 0.10089464206513996 0.06466088217054278
14 0.5475744080619169 0.21922206148640275 0.42672618387616607 0.4384441229728055
3 0.5845173400837059 0.8020729189860936 0.36577473137238703 0.31975570429432876