17 0.8917444896198766 0.05607926136738101 0.1508860207602467 0.11215852273476203
6 0.6173653472638996 0.9505700064994123 0.07145850593149898 0.03913641233702047
18 0.6155772845632301 0.3032786374478703 0.4000954308735398 0.6065572748957406
1 0.8754708907987403 0.15403229275264813 0.1365582184025193 0.30806458550529625
0 0.2661158650583967 0.8463247976217152 0.20585204646340918 0.29833195454365724
20 0.7784858028520187 0.18468991288193337 0.20240339429596244 0.36937982576386674
16 0.17402113733869914 0.18123472402761454 0.2954875494291588 0.3191547435038829
19 0.4611550869209572 0.49307542749352845 0.4953681215957305 0.7797321450173368
11 0.23955465954463953 0.5658930037902254 0.2861072322426839 0.4209471590884128
13 0.9116882806088974 0.3118781493590659 0.1675827253226018 0.37446980519337864
12 0.5499231792791219 0.9604670227325651 0.10309050790866543 0.052363706709029616
2 0.3808534105704037 0.030456701570801156 0.09247134288963732 0.06091340314160231
7 0.29031600490573484 0.48872403084694477 0.13576503954332697 0.25298190692523714