6 0.899371933288038 0.08645833333333333 0.18250613342392405 0.17291666666666666
5 0.531655647498655 0.5583333333333333 0.12767652179152655 0.2
17 0.20943571211693007 0.2520833333333333 0.21398536238870208 0.26666666666666666
7 0.35934287696763617 0.26875 0.17793860174504034 0.26458333333333334
11 0.7685275807866929 0.6447916666666667 0.21967835149293896 0.16666666666666666
4 0.8685539860021436 0.271875 0.25852160224924353 0.46041666666666664
20 0.5208977360021436 0.271875 0.26239001139996637 0.29583333333333334
16 0.3601508961612727 0.04479166666666667 0.1982296863901311 0.08541666666666667
8 0.19622697384587257 0.8614583333333333 0.31856360174504034 0.26458333333333334
15 0.416030647498655 0.5583333333333333 0.27923829383515475 0.4979166666666667
3 0.7553506015698133 0.8364583333333333 0.3806701178365838 0.31666666666666665
10 0.9235696319113147 0.41458333333333336 0.12095662822814397 0.22083333333333333
12 0.4853540838887861 0.47291666666666665 0.14834965471124734 0.17708333333333334
9 0.8341357913141392 0.48125 0.14522465471124732 0.17708333333333334
19 0.313725102326118 0.5427083333333333 0.4091664584337592 0.38333333333333336
14 0.48980201122473943 0.8052083333333333 0.3657442403647444 0.38958333333333334
2 0.449333728460575 0.10208333333333333 0.27945754307885 0.20416666666666666
0 0.8668657998641139 0.259375 0.2515289210548925 0.32708333333333334