19 0.29609375 0.26145833333333335 0.29375 0.4979166666666667
4 0.521875 0.015625 0.15 0.03125
18 0.81796875 0.7197916666666667 0.3640625 0.5104166666666666
2 0.51328125 0.41875 0.2625 0.19166666666666668
12 0.4203125 0.16770833333333332 0.1265625 0.17291666666666666
3 0.4859375 0.8020833333333334 0.259375 0.3958333333333333
10 0.54921875 0.61875 0.25 0.30833333333333335
20 0.40703125 0.60625 0.115625 0.2375
5 0.48984375 0.4791666666666667 0.1375 0.13958333333333334
8 0.5328125 0.30833333333333335 0.3984375 0.28541666666666665
7 0.4 0.4479166666666667 0.1109375 0.1375
13 0.65625 0.7958333333333333 0.2296875 0.36875
0 0.54921875 0.13645833333333332 0.2578125 0.27291666666666664
17 0.40859375 0.059375 0.075 0.10625
15 0.33828125 0.6260416666666667 0.1640625 0.35625