6 0.45549102033360206 0.5207970364722228 0.3517708642426358 0.31691782674629665
11 0.853410165161459 0.5529536841402788 0.2793204892850447 0.5311599873342596
3 0.20886401307720787 0.7371865561041204 0.24198418039203737 0.5256268877917591
2 0.15574395836055172 0.8899271189202317 0.009593254809323427 0.008624274062777696
17 0.46214530281773963 0.3562864383212505 0.20375002649368792 0.26860975531833353
18 0.18203861824935103 0.7218559806222689 0.23187502649368782 0.2694825775066671
12 0.5889806213293939 0.349797471502084 0.13819445916315995 0.1500034837887038
10 0.2781794643510015 0.9861951214533797 0.10561508293962456 0.02760975709324048
1 0.8345287343060853 0.3782679989833343 0.17191469473518986 0.12607026646333352
16 0.6029910137101802 0.591052843082547 0.3503026226801563 0.43968902304824103
4 0.24479656779386408 0.594531938575417 0.031160719962933126 0.05717131230990731
7 0.6722519675158625 0.18557955597490813 0.18207343393541642 0.21589605040453724
14 0.42383926016680107 0.26648402849365793 0.3951438967267734 0.4827134131189819
19 0.2094567462021669 0.9835290357139816 0.1775446466419554 0.03294192857203673
8 0.6987151975607786 0.8087520314705328 0.38827384863353914 0.38249593705893453
20 0.586912179041275 0.2496520011373618 0.3060615493591786 0.419581299644167
15 0.7342956105296208 0.2646509842927786 0.5064087789407585 0.49865621175074126
13 0.4538267942954011 0.9033960504045372 0.25378474282842395 0.19320789919092551
5 0.47711796135577655 0.939540068894815 0.2066170769491748 0.1209198622103699
0 0.3537846434770945 0.783190475810139 0.3755754411918105 0.433619048379722