9 0.4794090942945942 0.5115639805149442 0.14187078453190338 0.21771069913297225
15 0.3743663374701687 0.340232085494312 0.31376732505966265 0.6692638376596843
6 0.5825320560386372 0.17827464988640399 0.2443108879227255 0.3345850097381342
18 0.7942912698541041 0.8422297792176979 0.30844616252983137 0.31554044156460415
10 0.2593620756833444 0.27500473159927796 0.14514564185166687 0.31146069913297225
4 0.389640388751295 0.08204421103538045 0.22071922249741008 0.1508516645001959
5 0.25665433685099615 0.6658842846294811 0.22523124813797316 0.2800183311668626
14 0.16796444189444812 0.09356527002008296 0.30782111621110375 0.18618505735655416
3 0.1630371933421902 0.560177389608849 0.3260743866843804 0.46618811255103126
0 0.8181613409848254 0.17020587336910556 0.296596825888232 0.2671077748891501
20 0.6560763323028822 0.974230528135561 0.08201628742738745 0.051538943728877955
16 0.9573114623677249 0.6185976471772171 0.050154165425315256 0.18435154545414606
19 0.8099034613342674 0.7400918988064639 0.34773560256225267 0.5198162023870723
11 0.9348308025239807 0.36682868613854136 0.1105437018192454 0.12538946753149743
13 0.6012967870176119 0.9984486866856511 0.1068321968568469 0.003102626628697654
12 0.6639061805219086 0.24376182899819493 0.16185795285270288 0.25356374242284446
2 0.9209371989282706 0.9994874469654031 0.030488020678164317 0.0010251060691937634
7 0.9072429958661707 0.5298612467448017 0.1487029813887503 0.23452282467404081