0 0.775372801331963 0.7353541710801931 0.3595155573378241 0.3652028667663397
15 0.10181321490529731 0.5508423732747113 0.20362642981059462 0.21418474654942254
3 0.46461566794759646 0.5224770472226433 0.4816054160447923 0.526528569340968
8 0.14191033840383202 0.4960097747833354 0.2702912312541007 0.4103332123308493
11 0.6450472672630244 0.4228110548966921 0.019832338935304606 0.03556211241194056
2 0.4649154623966584 0.7683709829498407 0.24845604053191012 0.2581165537310149
14 0.33516027270023196 0.3860240796209002 0.33167971741393626 0.32333015196053505
9 0.06653228950614594 0.6745401163144289 0.13306457901229188 0.24074689929552448
5 0.36795689076155924 0.6936429992144331 0.15235036167271776 0.18030599167131195
1 0.07882677068588458 0.9237469194626051 0.033512836958138295 0.02317119672089613
13 0.060586037034688 0.6172060279720574 0.121172074069376 0.06357872261078133
4 0.22405167635055348 0.4674733730128556 0.10722886266130087 0.1862044977869002
10 0.880036443613578 0.8865876818838365 0.14306820357377176 0.22682463623232701
18 0.6635346931192865 0.8883309473037345 0.42256470258518863 0.22333810539253088
19 0.7833020009514021 0.5270329582256327 0.4160785751323214 0.4781149630446157
17 0.9126486027382882 0.41134199010017825 0.1556026956651067 0.18449689929552437
20 0.5550682771116752 0.883915810822225 0.33375687056996634 0.23216837835555