6 0.4851875453759315 0.20583087366047045 0.4543885599120669 0.32124636665017076
11 0.6577149677062756 0.7497875026378192 0.6804066801289841 0.5004249947243615
3 0.18136765378718792 0.16480313809682146 0.2620737948849522 0.2786502065422247
17 0.7014670512296639 0.07089811020434479 0.1845658975406721 0.05663357907374763
12 0.7723062711754347 0.1341992642822164 0.19288745764913068 0.17384616010794599
10 0.03476380191703506 0.6297037222974854 0.0031431807181592332 0.00438503241367935
1 0.8627029704367501 0.5510577204857569 0.213763559912067 0.30443220413019506
16 0.46819444633444907 0.5182807115920738 0.5006646379745063 0.5452460033151879
7 0.9092750060501242 0.08646109904735412 0.12207498789975162 0.054349597466827534
19 0.0191569826351943 0.6244452268957554 0.036301114363184714 0.08584453942397895
8 0.21058543765204624 0.7970933657470127 0.4173976200205254 0.40581326850597466
20 0.7208210392276115 0.11288789612317399 0.264607921544777 0.1434519056225708
15 0.7874767532214538 0.23945775968394642 0.4062964935570923 0.3970283642381409
13 0.12090531411547936 0.7680550384437537 0.2373737767345796 0.3456532805661233
5 0.05397636846840133 0.8797125810341984 0.08542948165323568 0.24057483793160325
9 0.8485712509819585 0.9017040713090121 0.2962760780624394 0.19659185738197588
0 0.15274320491865606 0.4221582549369542 0.3054864098373121 0.49431650987390846