9 0.11520850007058717 0.10359567220884681 0.14525085779368574 0.14706174065255814
17 0.5241530476373952 0.3980574411885969 0.18657307878390342 0.2360165920644839
0 0.49924259485126765 0.18005716072766492 0.23901481029746474 0.32956244180488814
6 0.6383843346808599 0.685259231370513 0.22437545762427646 0.3872289682410889
10 0.5492623795462448 0.8489186298931906 0.22338981029746474 0.302162740213619
16 0.788369653153181 0.7630748746358768 0.185798805035793 0.3254180689713266
15 0.6947910423051363 0.3076383443290176 0.2864960260260105 0.41667643511880154
20 0.1458775872411085 0.5659824501624963 0.20679457352223155 0.23472130324594384
2 0.4036999795885971 0.9051111424296028 0.26039001038216936 0.18977771514079436
19 0.2703601897025353 0.3318659565404373 0.3064136838761661 0.47984324201593415
8 0.46270033717052134 0.4791478785952113 0.24602367349399668 0.2757594879912029
14 0.05433410032470097 0.9556023555907299 0.10866820064940194 0.08879528881854006
12 0.2211931895613609 0.1317063939470517 0.07953485253201391 0.14243241734835468
18 0.1605734789533126 0.2145770706428482 0.3211469579066252 0.3958208079523631
1 0.13849918479379925 0.8244673305179053 0.07763769454068407 0.27754598997087027
7 0.3769330822617854 0.9640809732556537 0.14123121572854574 0.07183805348869257
11 0.6813321559251913 0.9445119301042365 0.24296031570031076 0.11097613979152689
3 0.4462078710890397 0.06843926480094598 0.23570925782192056 0.11105491704020908
4 0.6535675318523798 0.409338802321507 0.21512228398910552 0.3182364930057678