17 0.7106149825534249 0.902972984313957 0.14653980925276536 0.0971319188298421
9 0.08223661242304121 0.8176279659099398 0.14419783360249455 0.2761894913407076
15 0.08333941640080075 0.9123650854987058 0.10536143019392788 0.1732334047609631
18 0.521704261367381 0.7168026623425126 0.3855864926931041 0.34012299133851065
1 0.5823127045502476 0.9194965579058608 0.20018300649282175 0.13795165259559095
0 0.07593520860414218 0.22113479545524445 0.15187041720828437 0.2577304090895111
20 0.6167519342577081 0.8541313831226177 0.33156146590774294 0.27013659090609515
16 0.4866527459428102 0.2323496607187579 0.24167285145940198 0.3242774372272689
19 0.4857236712687694 0.4822951136408572 0.4830263287312306 0.5048412391731383
11 0.2412368802766534 0.1266369529242962 0.17572847727182858 0.17903648376465028
13 0.5454439500860209 0.9318094621263048 0.14832049756436802 0.11383495021510916
12 0.05077552151035545 0.3935734485935515 0.1015510430207109 0.3128531028128971
2 0.7200287130716643 0.6611608587728885 0.14030126623205436 0.3364970638515728
7 0.36123000608907996 0.2675505048734608 0.19074555113509054 0.2522804328987211