19 0.6151481185088259 0.5023994553527467 0.3511956761334428 0.5954448767570758
1 0.4631004232973643 0.40821643449429174 0.04683981818121907 0.12018553678464486
5 0.45804909010190686 0.9135461081765209 0.06062958279171564 0.10044426659137382
18 0.44497594034349286 0.5381923608308858 0.18739445454365716 0.3641968208208084
8 0.7674025450526012 0.815701843433154 0.21409332223840885 0.3685963131336919
20 0.4940543685088259 0.49299557831332225 0.059367091720169365 0.12323959290914459
13 0.3594611801972231 0.4992269749749502 0.13246940097293472 0.22257124895835123
16 0.31326188474088024 0.14528341363583677 0.1728216655834313 0.2048927646963087
6 0.5958821010589554 0.7793110518637886 0.05265344155801373 0.0873375648468946
4 0.4736266404229232 0.20153146957210405 0.17149671915415365 0.3421500839985171
17 0.8214429829571668 0.57472705158144 0.23994671022569988 0.3245723926832657
0 0.5491513770335378 0.8579159997176513 0.23386035145940198 0.2841680005646973
2 0.8707905978125445 0.8673942901105638 0.23134327759614023 0.2635490242721199
7 0.5856149825534249 0.9432663733434107 0.12227619480442442 0.11346725331317865
14 0.6735096379872912 0.10652502721520384 0.3686057240254176 0.13684831532384606
3 0.42077437581242655 0.17657256437631358 0.24595124837514692 0.3063077540788488
10 0.44093727678865646 0.6077413467997609 0.1530546363624381 0.24498200682733012
9 0.8858173543053663 0.7350923497428448 0.18904668344033873 0.25193950151859995