19 0.594900271300833 0.2617155900431951 0.40085561979296236 0.4532073156012967
1 0.4384717799249992 0.5749619612445375 0.04052654665416657 0.09481678267462955
18 0.40928185739911954 0.6291520020248152 0.1936487125356475 0.4322232862201853
15 0.39299743576819435 0.08392479521115785 0.16099487153638864 0.14845354179268536
8 0.7918414962303234 0.5183578657516675 0.25235933119731424 0.47146893059685197
20 0.463364473186064 0.5622203815838431 0.057440644580648126 0.0911835073452778
13 0.33251288878472113 0.7899782218833338 0.1380645109332404 0.22674738627101856
16 0.24355238477870328 0.2778401559007873 0.1666187378889811 0.2816898948828706
6 0.5882543323286098 0.875150696047778 0.2547243306316663 0.249698607904444
4 0.4330837764846292 0.26708928406615784 0.2275753617344439 0.331400696047778
17 0.7852819720547684 0.16886701202819532 0.2215017275213885 0.262602205926204
0 0.5896029273803693 0.7750866703371765 0.22665670216805509 0.4124567355614817
2 0.9036703870877776 0.594354526085464 0.19265922582444475 0.4400249701105558
7 0.6593767680968041 0.9486986052420837 0.1624794590952776 0.10260278951583264
14 0.4985249743638425 0.06432970187231538 0.23767494872768502 0.10509320465962987
3 0.3300072946279163 0.30027453419324107 0.23907878972694388 0.3878931466556484
10 0.42813774707879515 0.8095785409052318 0.14779082544786992 0.25615650354555586
9 0.8947929645618977 0.257508271779538 0.1699980161170366 0.23813385536916687