18 0.362328841292327 0.2864679137522689 0.32506949890369174 0.5492328675265744
16 0.7687523898488975 0.9193761583047232 0.12718254809323426 0.08721254305925943
3 0.6464533593484945 0.1555885572414822 0.5039682813030112 0.2862531919938895
0 0.36791906534679336 0.8096191925022223 0.48821928493120825 0.38076161499555544
13 0.13598089541842004 0.30758609118481495 0.2719617908368401 0.3227781638793521
8 0.7151338604448028 0.6905583614478705 0.5505258558899333 0.6188832771042588
17 0.19532232433246804 0.9553546746452315 0.2899008029025577 0.08929065070953707
10 0.06492805163661329 0.6209563005316204 0.12985610327322658 0.30024593439657415
11 0.5679637715995465 0.19693829622356546 0.41719745680090714 0.3709892550641671
6 0.1833134307705555 0.6134741571673613 0.3426389448200077 0.5643495921972227
12 0.11724694275145509 0.8074163757593058 0.16307046279135698 0.2652656788240743
20 0.48205352033360194 0.521621368538982 0.2574802056197808 0.47219628242046324
9 0.557921594287552 0.34153600240393583 0.1854365361123346 0.2846945405261113
1 0.3078719758685649 0.4849404749226855 0.097514895460829 0.14665940729444457