18 0.5399837384366912 0.6191310989708043 0.20915136181247734 0.238326890976433
2 0.20890702575673642 0.17161468799570273 0.06051599784053172 0.06073959290914453
11 0.32396272440014706 0.2716464811307262 0.25742817550756786 0.27113376810997375
10 0.3981733775470645 0.3956057864959259 0.08872014342930985 0.12934770515814406
4 0.1660488972868213 0.20503854057477475 0.011938795496493215 0.02168271577560391
13 0.6698936790605374 0.7501804851090886 0.20254041640826922 0.26272018923195406
5 0.45289235348837104 0.48786985323788556 0.10943316162790725 0.13925846302712278
1 0.44256492520302604 0.42744291287016656 0.05905362739018098 0.06270158589358203
0 0.4047564397009955 0.5663280531814158 0.20672726866002264 0.2526675436119748
15 0.5920492813122908 0.7666034990460973 0.4583083574935406 0.36975598540417776
3 0.5491584793373926 0.6225697235440961 0.1463929410852714 0.09854197174951765
14 0.13075414250645928 0.3240106738704616 0.1754562846991516 0.3145813892696006
6 0.8589783605850849 0.8807856046559992 0.13283108883351816 0.10786657527612226
8 0.2724478940476188 0.12933937552082436 0.3113542119047624 0.2586787510416487
20 0.5054468545681052 0.5118086112009805 0.031089313695090583 0.03147213329568679
16 0.45679620836101814 0.3256732041101251 0.35223763263196833 0.4300121609814718
9 0.5004985387135464 0.4852106392632303 0.07481832973421945 0.099210315700311
7 0.39483882403100684 0.44879145667037385 0.008313147748246586 0.01102336841114564
12 0.7643550778885182 0.7604870571597783 0.008313147748246586 0.01102336841114564