10 0.22562495741251504 0.660813452880244 0.22343604195220051 0.23120696113205785
20 0.8957561759130712 0.49693608882392554 0.137680552475544 0.22869990860945547
16 0.33537720193908166 0.9480820179153711 0.2103606473268118 0.07447159973647453
6 0.933741086782292 0.24238582574033304 0.1325178264354161 0.3045492910517261
15 0.7030094208631608 0.2462712143511201 0.40914384172632146 0.4925424287022402
18 0.7048049522214304 0.5222169482303276 0.4418653364646497 0.5616858801707406
8 0.44969543408792756 0.15852756162146214 0.21189086817585512 0.3170551232429243
1 0.08252740479579654 0.6510220912964283 0.10279034200867018 0.14293976829820612
12 0.6875543519673165 0.8810150955571392 0.17090330517696728 0.13369541031628812
2 0.4622702997741211 0.2818419865335724 0.25391176820408995 0.32285308039661964
5 0.5103955285862594 0.4683311409700629 0.16791408404557515 0.2435053752384756
17 0.5841166657426633 0.04663523539780749 0.19010833148532652 0.09327047079561498
0 0.088586230948864 0.8794504421686677 0.043976784130279854 0.11553350872239511
9 0.3205833287133162 0.30434229161642345 0.17160052616718496 0.22095272961849635
13 0.38263454963294674 0.48661438291285175 0.21917274715740262 0.31185025938757877
3 0.16583491553090174 0.3508513265060033 0.3278476100715858 0.6607973469879933
19 0.9234044918251435 0.7942059309737701 0.15319101634971305 0.17289417520082917