19 0.5305363540269014 0.8795443051999693 0.41780937697836434 0.2241108896066521
5 0.22122654681149667 0.051049845240135186 0.07112472749876278 0.062016714285086615
18 0.5215386488022331 0.43328750541617694 0.30755570895425455 0.556654743503883
15 0.7511896907524898 0.9451774837734378 0.041116322930778534 0.013445482683611705
8 0.1841017673013129 0.8168384864738372 0.3655652035271876 0.3644320616851019
13 0.4918112844870248 0.1966966233811883 0.1580116530976463 0.2867516168817759
16 0.7818542718238687 0.6416161071502323 0.21087770352718743 0.36083195454365724
6 0.21719970884271284 0.3123627196990667 0.23987688602347595 0.5425910606040636
4 0.6486246127333286 0.8539002846382685 0.2906670228399214 0.24612898268141498
0 0.33616771483560665 0.38348460498156467 0.49627072817613127 0.6713624469654031
2 0.1062721749215149 0.8740832440487959 0.2125443498430298 0.2511062175303991
7 0.12112697026267358 0.19491657738212925 0.20520755766563056 0.33572286038785576
3 0.684579802127022 0.7136078392922264 0.2969524016273084 0.5251865551922802
10 0.39780897896910083 0.1655815378824826 0.11404256784239593 0.12129553030203173