10 0.8339107208739774 0.4259034835678848 0.23273288144438098 0.32674144177774994
20 0.3380901793906651 0.6395751737311178 0.16618736859279987 0.23901895380883786
16 0.6452607618629981 0.13996167802944584 0.19801568874502423 0.15915866280028665
4 0.8562339788198239 0.9558639471763346 0.233027358706968 0.08827210564733079
14 0.22889827422028777 0.17577870789119193 0.3890465484405755 0.3446113311328197
6 0.22423987950439583 0.838755154219112 0.3369747124710204 0.322489691561776
15 0.5395001235728968 0.801377858927714 0.24774506920082223 0.397244282144572
18 0.48906774756572313 0.559291598079195 0.4165534190105419 0.582080250082312
8 0.7982185489720482 0.8688207731778932 0.2740582184025193 0.26235845364421356
1 0.9466534599995626 0.3687566022438612 0.08203786167271758 0.18690207911731752
12 0.4122201101898429 0.21091564510329033 0.19246070851668778 0.2832114694389824
2 0.7180880385919248 0.8356602308531111 0.25492621642535307 0.3286795382937778
5 0.6572420860067363 0.6084748796891197 0.14692803262324466 0.22045790041956295
17 0.694865397298893 0.9599025991794518 0.20263952174882985 0.08019480164109656
0 0.9397774244105683 0.2489649355771945 0.12044515117886334 0.12497137925717183
9 0.8181106018240669 0.7244193012710736 0.1527960306460784 0.2085893626604322
11 0.05379738691876966 0.8683876473038038 0.05576983893530465 0.04094196127427428
13 0.7577859140676259 0.5854028077699152 0.21921420950527093 0.29214518396267763
3 0.8728565212545382 0.5888149181475217 0.2542869574909236 0.4911047474498507
19 0.19982488095008957 0.32030126501318523 0.3978670860067362 0.5822691966930371