18 0.8426463219077421 0.33112968183606495 0.3147073561845158 0.6322946931327933
16 0.5066577255337088 0.798313105324151 0.22907476684784794 0.35893276261238755
3 0.9428696510665141 0.7022226752195333 0.11426069786697184 0.28334482161480495
0 0.5111438576971251 0.4803364957295789 0.34725632031825826 0.47425245822788337
8 0.6276968452118779 0.7897513959232125 0.26199652749150976 0.36305378494468504
5 0.5938078002914425 0.9057673992314783 0.07569912252816077 0.07738017590249248
15 0.22235986314500672 0.5484331146965687 0.28728075075630466 0.31063370884855884
17 0.34725632031825826 0.43408087510545007 0.23771779333095155 0.3158619922787089
10 0.5730275905971756 0.052693942102342045 0.24605518119435105 0.10538788420468409
2 0.20877297452530263 0.423869762339204 0.1368987024816745 0.1455537231863815
4 0.2656956918380128 0.13158387069242486 0.2845163836760255 0.2631677413848497
11 0.9119579586858608 0.42618388062323453 0.038122712873234835 0.04389842128457957
19 0.2283756443196873 0.2596231717686634 0.41139522997318434 0.5093837706068624
6 0.6097841814464526 0.19455611042314164 0.39422987328446535 0.3891122208462833
12 0.5322822582978732 0.0949670638282242 0.2003491972858944 0.1899341276564484
7 0.12295653478097679 0.07884987400069066 0.15841306956195358 0.1576997480013813
20 0.7906346157428967 0.4891063223097888 0.27637610174504046 0.28088484532504554
9 0.8849416266386602 0.5835754521697436 0.17950110174504053 0.27486881113762773
1 0.7554680220436281 0.25197163138050205 0.1992780062041863 0.3550058058990393