10 0.2078145835233885 0.7150788839474268 0.12939765027114652 0.2926605459260382
20 0.8076403040583344 0.4176981060471699 0.38471939188333126 0.2925770915902208
14 0.9167277269192506 0.9095761865845647 0.16654454616149864 0.10755901170746493
15 0.7434192436552882 0.28027360695099157 0.4462134873105764 0.5605472139019831
18 0.7639675721105111 0.6326208127861422 0.4720648557789778 0.6515891717348322
8 0.3438596051898025 0.20290648412819107 0.3064601200205255 0.40581296825638213
12 0.7890423785065366 0.8845344594166562 0.19611245159900648 0.18484839317993645
2 0.3699999243734474 0.28359790034294696 0.39679422852997775 0.3426498144628577
5 0.49522315905174513 0.5128426556138408 0.1652896984757483 0.2825226502711465
17 0.5696312439498759 0.020959209344855647 0.12988748789975163 0.041918418689711294
9 0.17649081888905732 0.3403091730441104 0.24201582493918156 0.3206165537310149
13 0.3150498457218328 0.5819509042454353 0.23566583098930566 0.297651405149257
3 0.11934243598271652 0.6720136909980913 0.23566687275099998 0.6559726180038173
19 0.9877782977136226 0.8923519778943483 0.0244434045727548 0.1127181686179109