18 0.28104170199158374 0.36899781999010245 0.523655821043543 0.6999585843493862
2 0.6519594142347865 0.8964765814857774 0.3328373257680484 0.2070468370284452
11 0.4309053258528664 0.7017955367090924 0.04840278366526398 0.061608819538523346
10 0.5519643595181304 0.7684813598656606 0.3489583774894797 0.46108350067736836
4 0.8334648083448533 0.7863608872294908 0.33307038331029337 0.42727822554101824
13 0.05446184382421576 0.38227837856159724 0.09582839908902614 0.26455675712319443
5 0.5020759430059092 0.5310492394074832 0.24601193756361345 0.341595796772963
1 0.354905821043543 0.6881668340107018 0.261889908707673 0.2927968083815327
0 0.7456200679635001 0.331797241065077 0.4545387440943681 0.5620395703287867
15 0.27446183057737183 0.26664152947300324 0.5270486611547437 0.5317544987169178
3 0.46022322658635506 0.15381099050060323 0.47982145317271013 0.27683241067241976
14 0.981855179126093 0.60886429594146 0.036289641747814017 0.27619215287185667
20 0.7476736412844778 0.3506564239385834 0.4521577885594056 0.5306803874552803
16 0.09747032167651519 0.8334203693650573 0.15543652286549076 0.1585074053967811
9 0.29371037149902995 0.5549604010243009 0.24088792794496658 0.32460158148577745
7 0.8000050115175634 0.5622652434771067 0.23441967313564332 0.31583151665841874
12 0.04849704210278446 0.18430712045817738 0.0031795637023308565 0.0023016990803460167