9 0.7183599470303456 0.4793701271053991 0.191533594568919 0.23682264220431423
5 0.27151024992941286 0.10103093520348617 0.1805204998588257 0.1992499193316773
17 0.14755462336693975 0.44578554592603825 0.21588114718563745 0.2578377827192399
1 0.6946571365211194 0.45523604682985985 0.2193855787839034 0.23079081082222502
2 0.28771980787839035 0.0251407745214798 0.07543961575678067 0.046402995835656054
7 0.5477373629141832 0.34579974992819956 0.21660918927901207 0.27450444938590657
12 0.5534042630130053 0.20734898685232903 0.20825065770898127 0.2619438469920425
4 0.5472052838479312 0.5124058142010021 0.31704880503579286 0.3211013728819278
18 0.4682821652485531 0.7592787306776135 0.40392572070786914 0.4814425386447728
19 0.094700452080256 0.7733893653388068 0.1331596524473093 0.2592787306776136
13 0.5355349525743662 0.08433535635547978 0.20544490514873245 0.16195596747081528
20 0.05136216282947864 0.46065907624212316 0.07050846302712273 0.18381815248424627
10 0.1685511208772782 0.24705750168938853 0.2300346524473093 0.26003020036152863
3 0.7688135152909054 0.7010854773579639 0.4059880206231643 0.5978290452840722
6 0.9160015155026668 0.9051740554204033 0.16799696899466632 0.18965188915919337
11 0.3458486392225425 0.3546468145937855 0.2811868997458862 0.35831048139138005
16 0.22293259691740622 0.6338067265132695 0.3309740681193853 0.4253407624212314
15 0.17838187620953722 0.1502915859983439 0.29426375241907443 0.3000983528457749