18 0.41870797716007857 0.2661703231293399 0.2657090456798429 0.494497850563634
16 0.6474505370890166 0.9985247121568247 0.12663774310259512 0.0029505756863504947
3 0.7363735119857877 0.19400725116704304 0.4834210888732951 0.32305390846129195
0 0.2799055902320914 0.8124800499031832 0.4384228493887446 0.3750399001936335
13 0.19973997116718473 0.17843333085063093 0.24641905585660825 0.28131862089731263
8 0.665543197084068 0.7505509128743171 0.5690730630926975 0.49889817425136584
17 0.10845547263752278 0.8972974416865542 0.21691094527504556 0.19042821670644183
10 0.05911164914091736 0.4394435282598575 0.11822329828183473 0.2955537231863816
11 0.6476452046588413 0.21982341383647236 0.3734595906823174 0.38065087951246296
6 0.16948814789772193 0.48981745354167444 0.28873046585165946 0.5250229765629432
12 0.06640849276391077 0.6438299547830257 0.13281698552782153 0.25219185442427944
20 0.47471455845860006 0.5348775508653385 0.19014247964646938 0.435770641851667
9 0.5897807157401178 0.3968781808618852 0.17298155585660807 0.2767580788520122
1 0.3193520290599579 0.4228968709656086 0.08961577792830414 0.13857310504495501