18 0.30760513214921625 0.4935996923399644 0.22561899710021507 0.28129156970754976
2 0.3525210101492476 0.9173463949555687 0.3343302236549982 0.16530721008886265
11 0.30746861927745434 0.9428990072800156 0.1473504419114117 0.1142019854399687
10 0.40345839334737105 0.7849257212344568 0.30341395560836626 0.39328104284246784
4 0.5316309375385122 0.7421122602113462 0.43317507843352737 0.5157754795773075
13 0.2997334325641347 0.4937910539557342 0.22720480788809566 0.25454835839457507
5 0.4139842640979398 0.5858823573960338 0.08163035352912935 0.12482959515527696
0 0.5300632404522304 0.28617953437066806 0.4617485190955392 0.5016136885067138
15 0.3013220111981548 0.3136890517330809 0.2700094597575511 0.3792930949620343
3 0.5363150856829899 0.14850947336048867 0.3367448286340201 0.21470941779415717
14 0.6932340562144885 0.5471503606172284 0.60832232408385 0.9056992787655431
6 0.37309303526807147 0.12969643113007673 0.13856743776222674 0.17036506384488856
19 0.762534966181821 0.12386986448280672 0.3343050676363578 0.11713287314784925
20 0.7167586796643497 0.2792484307435913 0.27583248465266036 0.3178134610231105
16 0.285120945212182 0.9030597228450541 0.057245660167825105 0.10561201333591962
9 0.3704235182471247 0.5916223462827674 0.12613921535662848 0.22491445374309482
7 0.47246053754315653 0.5251678260856454 0.23302967801396446 0.32971841940475455
12 0.3903980118228548 0.19865892143416503 0.021473180913749522 0.04995739878881924