10 0.31013088862545135 0.5413590951484474 0.06400031551854841 0.07506462240869473
20 0.6650193139357029 0.6749206157452288 0.2907399749271754 0.3203981986262271
6 0.8554577604913483 0.44988461407936226 0.28162836553118364 0.7601704785702854
15 0.7281775096334184 0.2960328998539532 0.543644980733163 0.5920657997079064
18 0.36522756558505554 0.5170838005408397 0.6987824247815261 0.9436715186945539
8 0.6240165100291298 0.09211857205286636 0.2863419799417404 0.18423714410573272
2 0.6800391894960164 0.09434300026732355 0.23955790815498582 0.1886860005346471
0 0.10198290258010712 0.7869605507568136 0.20396580516021423 0.3346322594809389
9 0.5905842329112412 0.1565198882238505 0.01474446159934022 0.03267079004195625
13 0.3798560184089071 0.382566475505876 0.19422868778015684 0.3272772005594173
3 0.31428014568508034 0.23738875601554402 0.5214397086298393 0.47477751203108803
19 0.1402513314866801 0.9316565139642781 0.19602320533113407 0.1237419961336201