10 0.1719294974681113 0.6409555389724001 0.21801093393541643 0.22526553746352843
20 0.8524999403892023 0.5299739137672305 0.113105179126093 0.20961695160527044
16 0.24809266026731747 0.9486013304697245 0.20794147477225655 0.07899547263616948
6 0.9308407391154088 0.27807650158593894 0.12756947241000383 0.28549041459332114
15 0.6943873731434925 0.2562707078253069 0.404975253713015 0.5125414156506138
18 0.6611755359426986 0.5402238157717566 0.4358433077966993 0.5628127091800439
7 0.7616815444650371 0.007939456506397302 0.19226191106992568 0.015878913012794604
8 0.4510763719623661 0.1550431200065984 0.1947222560752678 0.3100862400131968
1 0.039940447962082605 0.620573664254637 0.07988089592416521 0.1356084562035406
12 0.6057241109929569 0.9007363772068601 0.1619940577118811 0.11113665309764637
2 0.4472569127992062 0.2817148590395698 0.2453026094333124 0.31451246343962963
5 0.47426830218476745 0.4711432767993565 0.14769843393541643 0.22035230815574328
17 0.597499993376578 0.04782819161846726 0.18312501324684405 0.09565638323693453
0 0.016949364705971963 0.8474887939093544 0.033898729411943926 0.11512038896415219
9 0.3050421309480408 0.29269216719531305 0.1582539880191005 0.2065332549369542
13 0.3469245521847675 0.4800416809901229 0.2075297909216581 0.301475407808811
3 0.14172370853018773 0.32756435851092347 0.28344741706037546 0.6240379496448197
19 0.8772915761465667 0.8339310734235974 0.20198414065150558 0.14928289160197133