10 0.8090418865893028 0.34423458521486217 0.20579405585660818 0.28487677394362254
20 0.36140440524535283 0.6792380511830307 0.1401823439616777 0.19988287294833001
16 0.5877799609904194 0.10150532183086751 0.18805992198083885 0.11094034126944632
4 0.905815067276569 0.9228785478872451 0.18836986544686204 0.15424290422550987
14 0.18015224672063965 0.1870039085952701 0.3540544934412793 0.3734250937576776
6 0.2791285730423202 0.8864071509112587 0.3215894742194025 0.22718569817748271
15 0.5849005382166111 0.8107579975445527 0.17131059249133962 0.37848400491089457
18 0.4953489580497433 0.5619953142308899 0.38346975576575115 0.5276936399642457
8 0.8504812726127788 0.8399241789069715 0.252649123699004 0.320151642186057
1 0.9092632146084639 0.2601723622862026 0.05811347241038014 0.17147413498778305
12 0.3733633361597616 0.23096432082246132 0.16213258706427275 0.2434433907718
2 0.7556767056748941 0.7886477728327168 0.2281603787873868 0.2994163059586415
5 0.6645936030067892 0.570510020680621 0.11937852103089916 0.1854890217915265
17 0.7603309854122206 0.948396054646884 0.18294969810012063 0.10320789070623183
0 0.9029922031885033 0.14023501476132033 0.1453810990500603 0.09450695809762386
9 0.8350189676606817 0.648670712938803 0.13960913387576931 0.18529953961499643
11 0.10711413217828876 0.9824516244281551 0.08799132293077849 0.020658128060076327
13 0.7576951498182859 0.5231465530317754 0.19510886137453215 0.2506693554609953
3 0.8829596641789227 0.4944454827463013 0.23408067164215468 0.4350805330234253
19 0.1773215750784851 0.39223414258776057 0.3431789484388049 0.4928016185088545