9 0.5999390226045144 0.8157201028085034 0.21566528685347244 0.2757425703443945
1 0.6334223634102087 0.7207049756436802 0.2318358007211808 0.3073562175303991
8 0.10344522910152827 0.7812576379861927 0.1855063145888891 0.33751527597238556
7 0.6705560746568754 0.521650458327292 0.1822709053945836 0.24164557792045163
12 0.8264781131258683 0.46176344587997087 0.19422669794763897 0.30023346428398817
4 0.46983002925402817 0.5648760762945002 0.33914438012770876 0.6388865909060953
18 0.24368510334222254 0.5387880411234013 0.47886019034819477 0.5900760822468025
13 0.9215308143045486 0.346418819255667 0.15693837139090264 0.3745425346305795
3 0.43475108690906306 0.8744205303020318 0.4060357137152085 0.2511589393959364
11 0.6000389804327085 0.19514132250537317 0.337577960865417 0.37020932034329607
16 0.27200424620027785 0.14793958062524487 0.4002584924005557 0.29253360713924803