2 0.29067440808847866 0.8445746244847745 0.30228522868809904 0.26635290046681726
16 0.0455518438900784 0.1515467808108558 0.021630959092057745 0.061678093189834846
7 0.4063385797043134 0.10335609374221454 0.29080215940862686 0.20671218748442907
3 0.2958092228156043 0.5062983620089786 0.5895270967265652 0.9874032759820428
0 0.542546796647423 0.8790008585641209 0.2960519490629279 0.19522846870506047
20 0.5244259678010394 0.5505134215637756 0.22442831630997126 0.4882934948980032
4 0.8530581185006847 0.7309841326218531 0.2938837629986306 0.45186659994295825
8 0.1641283476510021 0.10939782216718467 0.2626316953020042 0.21879564433436935
17 0.6807501756394558 0.6159071734258024 0.33010400329870515 0.39707209208507543
11 0.7957350149771878 0.4001508301676716 0.20001934969606605 0.513824303279745
6 0.3346477846397361 0.003767047147297113 0.10679556927947216 0.007534094294594226