9 0.7429659821538607 0.2648573885166708 0.12133331618646537 0.21891049108937252
5 0.25939277509560194 0.4616672768323687 0.1422844336130419 0.17698059632280957
17 0.3874073408578601 0.7635162591052301 0.17059961037760657 0.2372553752384756
1 0.7020925284195941 0.2522668692709321 0.10194469875988901 0.26096172620483143
2 0.11422752074592439 0.2684755261671849 0.22845504149184878 0.3286177190010365
8 0.9394317821445718 0.7844137320909991 0.056727287142171436 0.2864881824046241
7 0.5691956728158724 0.3538966343437057 0.16449132033565023 0.21189135419178828
12 0.48798248422845314 0.25028724497998894 0.17549875269929238 0.13185475768074628
4 0.6574750775851129 0.49885906580079736 0.3313254680559208 0.35551806977915973
18 0.7740445031002777 0.6983316375691383 0.40976088922140813 0.5586523714483458
19 0.4798288713520467 0.9481265821975684 0.2576959460605966 0.10374683560486322
13 0.372169152694648 0.16177737144834575 0.22898079544054095 0.2791236277987244
20 0.34131174562710054 0.8792963366528821 0.19941169461070407 0.24140732669423576
10 0.3009980894079676 0.6270691715048156 0.175974194610704 0.27708138926960046
3 0.847888435263427 0.4069272269705016 0.2921464141165174 0.48729452597895245
11 0.4718209975012003 0.5346622449799889 0.15850327469461659 0.3255039647339553
16 0.5474685024755777 0.8052416518826119 0.28778895560836626 0.3832491996611817
15 0.13718467375292234 0.4959527296184964 0.2743693475058447 0.496619129505557