10 0.18608197169497706 0.7218922324222076 0.1440013672470434 0.30645555390042084
20 0.799182679929105 0.4814644789030416 0.38845004922121246 0.2821063716545801
14 0.8884758828194637 0.9583806452965246 0.17276756175762492 0.08323870940695079
15 0.7384390597125607 0.3254028003812548 0.43874688057487854 0.5848232903198655
18 0.7413976090002802 0.6658648643490769 0.5041111192921075 0.6682702713018462
8 0.3423967854976659 0.22674961703666713 0.3230189290046682 0.4299202613710365
12 0.7600242738856904 0.9285661101439456 0.19283602084968265 0.1428677797121087
2 0.3656918814993154 0.3064271419882587 0.4159505750854599 0.3982422299395049
5 0.4816936515575751 0.547280518055864 0.15747283386094857 0.28024551585235763
17 0.5761760550937073 0.053513440029415174 0.1288978898125855 0.04337335704357374
9 0.17006949294037102 0.3443465572086864 0.2507969365265156 0.338053784944685
13 0.2990569963055833 0.5995663788234914 0.2456547954602888 0.31692935318292825
3 0.10957592531025148 0.6697916666666667 0.21915185062050296 0.6604166666666667
19 0.9644617212992657 0.9592468376037544 0.0336141335443795 0.08150632479249112