9 0.6665307688718245 0.35956739400201754 0.16257362282516113 0.2078810432469177
5 0.20404611472728415 0.14261456285356422 0.15611013527271586 0.1761940006722708
17 0.09931060922845306 0.5277103433887581 0.1986212184569061 0.25110639803564233
1 0.6409746618182103 0.34433563525835015 0.20691561867597627 0.22237677394362254
2 0.21483117199067986 0.04389973538828178 0.06818316016782511 0.08779947077656355
8 0.6465777408532156 0.9157664542320668 0.09396348755244546 0.03984517063472311
7 0.49025353401867167 0.2889663735550325 0.17649441286711748 0.23404649011264286
12 0.49037377841959423 0.15011144451277741 0.18298121120744354 0.23879588021217218
4 0.4973062495757928 0.45202005787710153 0.2792409045687477 0.26434907922999334
18 0.43095550869935506 0.7307130191024435 0.3755742207552132 0.48263251224030485
19 0.05694320393475906 0.8789557691352275 0.11388640786951812 0.24150573829668243
13 0.4661093294592126 0.05640378991834791 0.19590634108157476 0.11280757983669581
20 0.01565719833568166 0.580565397027236 0.03131439667136332 0.18470253927886132
10 0.10816308443359013 0.32562701005542477 0.20942531203728051 0.23918912146850482
3 0.7301518705268542 0.6074916844245685 0.3361117468997222 0.6633873914440708
6 0.886849388573486 0.7628100063579354 0.14555298880184536 0.2912581778985654
11 0.28988575849886244 0.3687804950235373 0.26413796805592077 0.35412189473985645
16 0.17933473172965336 0.6868235060873682 0.2978743506293443 0.4007855119041694
15 0.12016450103729621 0.1828125 0.24032900207459243 0.365625