19 0.5000875458560001 0.4938261764113914 0.33674645988348056 0.4742668928541614
5 0.034370302982136156 0.2138924036799247 0.06073892319868044 0.06388185930681724
18 0.292199523356965 0.1411082857149134 0.3093081185006847 0.2822165714298268
15 0.7746195667721898 0.0460755167780658 0.1586141335443795 0.0921510335561316
8 0.3450339844940868 0.588105830630737 0.162086126022532 0.19950616991197923
20 0.3828843593294846 0.17347322240605675 0.16483069279472176 0.2537092012972462
6 0.1420918747688908 0.20721657142982677 0.18129076708875883 0.22077587986851785
4 0.5895518964765032 0.16026120400643315 0.25722879295300627 0.3205224080128663
17 0.5646621743858147 0.6590746190526404 0.14342705423577726 0.20323645995544032
0 0.18120115353613214 0.4949945790058839 0.24391043903379805 0.2992774372272689
11 0.2705270441401405 0.9348066450239275 0.1525914540774928 0.1222410129856435
12 0.21064592728880854 0.8413604729454776 0.11935305674305985 0.17352432250976665
2 0.349566023290458 0.7599626482714368 0.22109741316955062 0.18422136255212962
7 0.07105561223247847 0.3547772288966816 0.11572795157021036 0.15053492640589922
14 0.8440000525864247 0.283666428574567 0.31199989482715046 0.567332857149134
10 0.1876734962390763 0.03993670643986826 0.1673071719450392 0.07987341287973652
9 0.5074239873970807 0.7583731450261243 0.1230858105039836 0.12988341666556807