19 0.6329636917107738 0.6050644129198944 0.7340726165784524 0.746081184446908
1 0.3684886507217531 0.39566903660637265 0.13794035178688588 0.1281481883597889
18 0.39035301634880337 0.5985006426110483 0.3517614071475437 0.4955039769656712
8 0.873835383915839 0.7468973545219609 0.2523292321683218 0.38177763725852193
20 0.420734241634224 0.43924675612156866 0.07611151384016442 0.09377478511135753
13 0.27616849954288947 0.5017295733111841 0.1527960306460784 0.20629957022271483
16 0.057492800912033494 0.31780306498092764 0.10218853558899428 0.23314387003814477
4 0.25372581376361475 0.3824983127722399 0.5023582678316781 0.6808367077888536
17 0.8764072855889943 0.6215372074935371 0.2471854288220115 0.5139621797219155
14 0.32937577669174567 0.16681416204011315 0.5681265533834914 0.3336283240802263
3 0.1514192144481868 0.28993428130921567 0.17543503460041113 0.23316865514950225