9 0.5650750106968992 0.7583775465831365 0.2098807223375921 0.25335006562828327
1 0.5966366604613436 0.6574076456418525 0.22089613477870335 0.2787137784812648
8 0.08029592686120421 0.8438855158794555 0.16059185372240842 0.3121077306234284
7 0.62970131310051 0.4503999105314745 0.18378711404351833 0.23571349802033267
12 0.7841536587179172 0.3529744570259349 0.18652113477870316 0.27738016468699933
4 0.4295653205933805 0.5433636188975063 0.3316940996234251 0.6134190505845883
18 0.21294091446736135 0.576717867599527 0.4258818289347227 0.5007309314676126
13 0.8955196771440281 0.21150392504755408 0.19851257832259214 0.36512263992232036
3 0.4025661573037976 0.8717007847284121 0.40199030989648127 0.2358667979232332
11 0.550509264985741 0.16304381639864732 0.342731470028518 0.32608763279729464
16 0.22103637846361135 0.14170812298763436 0.37640384099925883 0.2834162459752687