18 0.19650337734722662 0.1501061925216253 0.34300675469445324 0.2967185330910479
16 0.7872498400699968 0.7420914367531679 0.21824311203054414 0.3150672365438742
3 0.15055453067313607 0.0740232225232749 0.22610906134627212 0.1428056671182457
0 0.49032829205122497 0.5370808736604704 0.278853348026726 0.2818253686106215
13 0.09277839334022694 0.07415012287020716 0.1136817866804539 0.14327783355912285
8 0.651102160049316 0.5295767096316231 0.3665715240292714 0.3129396095269762
5 0.8932356633911336 0.6297787969216854 0.17703630935709 0.24556181516604306
15 0.748906050087496 0.8803381117132164 0.285266980028635 0.2393237765735672
17 0.4754765460693605 0.7140594534886539 0.1595579080203627 0.21102747022413978
10 0.15854993869349876 0.2744599540173002 0.1727487986950896 0.29106759987885733
2 0.5832623214114964 0.8079968136571712 0.17465674403245296 0.3307601160856969
4 0.2986680507240428 0.5840680468858578 0.23913741470399827 0.3831532805661233
11 0.31443521733768165 0.06465409090810684 0.1163704346753633 0.09349619930613552
19 0.5083350467456782 0.8080913255685978 0.33444991470399826 0.3838173488628044
6 0.26838856269890765 0.3352277551627438 0.32845445337363455 0.4185433710226512
7 0.39077482940799657 0.7601923202158919 0.11673406134627218 0.13516286597280214
20 0.4131368940165447 0.19126968716891948 0.3168987880330894 0.3469457575747735
9 0.35006418200986317 0.12127737222866605 0.09387836401972631 0.20019178953687383
1 0.27124938602004456 0.21570904567984295 0.15000109468490824 0.1895390396497686