19 0.6387029916342241 0.5321578361904842 0.3226760850181529 0.5660534482102667
1 0.49170597482831013 0.4125051972346447 0.042564184790691684 0.11822535478872448
5 0.46251847091115844 0.910436626108832 0.051047846843970034 0.0899327732713516
18 0.466683411596168 0.5368934346909886 0.17762888737588015 0.35725451849574097
8 0.7760742935348407 0.848071841941717 0.18837538638729717 0.303856316116566
20 0.5177856551703773 0.5011487434412127 0.05519151878308026 0.12355746832111644
13 0.3832514876798913 0.48341185630133376 0.10885502965749527 0.19711493664223265
16 0.35358259783255325 0.12437201933607935 0.15815469269935695 0.17886005743846672
6 0.6056689516337865 0.8022556267811028 0.05248301285158128 0.0859117874629007
4 0.5135597757031626 0.209919119349193 0.1583695514063251 0.33883968153048644
17 0.8422219224705829 0.6404611598045281 0.23879188045579802 0.3193317528243667
0 0.5549142179454088 0.8709999442422103 0.210666880455798 0.25800011151557956
2 0.8770120524320892 0.90963562404077 0.22224636760421673 0.18072875191846005
7 0.5869892303026986 0.9524756039811701 0.1215168557412186 0.09504879203765976
14 0.7196877588972486 0.12319035435008965 0.3675005177944971 0.14644363996424567
3 0.45944793726214944 0.17267430350319435 0.2282708745242989 0.2809576676750728
10 0.4594094224705829 0.6047693495416946 0.12980419961943918 0.21984212113236948
9 0.8988141151699398 0.8098519614589779 0.17693386760421675 0.23254588021217207