18 0.7844022710772388 0.2051287170218469 0.4311954578455223 0.4102574340436938
16 0.6210453156676035 0.48280524875815767 0.18383062021691715 0.2461077295335746
3 0.925903969847575 0.13066433363619015 0.14819206030485005 0.2613286672723803
0 0.48583452351312584 0.47974956731645574 0.29517718637549994 0.3476097135525246
13 0.5318863251355733 0.1331135285698452 0.33564765027114657 0.2662270571396904
8 0.6996561289975158 0.4095831803127544 0.1775715298578376 0.2435876647062159
5 0.6509868248409856 0.3598428493914508 0.11290906615858276 0.10161116689245613
15 0.2840094448615111 0.791860007538946 0.14296927088084707 0.18910230815574328
17 0.3834594781371942 0.6588306369678739 0.20738629488495217 0.27482880596950304
10 0.3359839935570924 0.34538486506964416 0.3691146561248789 0.46732464194065565
2 0.30394014978016715 0.7029406301833636 0.12011355386194271 0.3207978983864815
4 0.1388236890077786 0.651959423338282 0.2736658007386847 0.4294144866567692
19 0.21575434855050313 0.7309844625364718 0.2486658007386847 0.4276675606806677
6 0.48458512002052545 0.37251249208654225 0.28483965007475476 0.4843454334379802
12 0.26863793315404616 0.4928426534005031 0.001571590359079611 0.002192516206839675
7 0.06071284542724518 0.8397648251170188 0.11488063231716561 0.19547034976596248
20 0.5947590298578376 0.1897605080675924 0.0031522710772389217 0.006468365747012683
9 0.7971664123713949 0.19020465928185523 0.12706246974937904 0.12342714608734653
1 0.5926243581166688 0.23784094904451855 0.09604881908544911 0.17541015528388648