19 0.5695197930207109 0.21602015701805904 0.37129789610167074 0.4320403140361181
1 0.3957065974055075 0.5416322018222517 0.03875458279171564 0.09816212076072071
18 0.3637065750843732 0.600864524678408 0.18061834902377 0.44003434132780794
15 0.3763891761367381 0.06293513440957187 0.14719437418757347 0.12587026881914373
8 0.7530611757329962 0.43513372126207106 0.22324222564697535 0.4759875605169521
20 0.4216651254086847 0.5264894937992561 0.055887535713815065 0.09506281499827338
13 0.2786985551988708 0.7737155969138885 0.13583986282348776 0.23949778880533046
16 0.21582204870275373 0.26970022360216933 0.1568069277582959 0.29075921532849874
6 0.5293201181050841 0.8299683145884978 0.25044783360249456 0.288247850563634
4 0.4067743311701578 0.23286222084628327 0.21524671915415378 0.342266095945721
17 0.7646743802766534 0.11174496926044626 0.2128387394466932 0.22348993852089252
0 0.5361934553610267 0.7223370330886705 0.1974512930174157 0.414018368898694
12 0.9707672784135095 0.7994315459119581 0.038555759739232795 0.2022317546179129
2 0.8811219460255357 0.4917118478137601 0.22930131087432315 0.46179235842151684
7 0.596320657472347 0.8997057207096913 0.1594489123370204 0.1348003137569222
14 0.48219884537361735 0.035473644886749006 0.23247730925276536 0.07094728977349801
3 0.30233624716062624 0.27993990267633595 0.22064333116686258 0.3967238610408111
10 0.3730661639651688 0.7803451119406827 0.13772964529089188 0.26459482161480496
9 0.86907946225759 0.15939735897990875 0.16089440990138834 0.2452169804235888