5 0.3993679435833132 0.831811226005685 0.10912162986961631 0.10418269780928663
9 0.4979791728870319 0.48301871795622237 0.1397909772718286 0.1803344551770613
19 0.7902524476437983 0.4185276913005521 0.19586942775829588 0.28870611348611963
12 0.882681860794893 0.09083766785491111 0.17613758035608376 0.18167533570982222
16 0.30234293911908633 0.8241112588198266 0.05876707386326192 0.0751595625933857
10 0.49590024999670473 0.6227535983116314 0.11503643912238157 0.19811455423577745
1 0.017441833599199253 0.9143711675024275 0.011264782467404078 0.02542433166181155
15 0.7199869918823252 0.14160742632225412 0.25241943668674943 0.28321485264450824
20 0.07405429788538428 0.8204616049090419 0.1289625714276299 0.18824345684858296
4 0.30583613189491593 0.8521150212021662 0.05564207386326192 0.07503832497572513
3 0.7101127544609316 0.6259071548352216 0.2125387305182393 0.24978958704991902
11 0.46693767856907475 0.44045078472841215 0.08113299756436802 0.11350822591700904
0 0.1511077215864904 0.8549912832763601 0.28317851298564356 0.2775174334472799
6 0.7724279736183807 0.3108308554599363 0.3000035486994584 0.36979028820224896
14 0.46696850080748364 0.8010493078215696 0.2019012394466932 0.2722819220547739
7 0.26139065665168226 0.8006873478494129 0.04160684740221221 0.0765760890295861
8 0.6429177516215578 0.329403883259513 0.2819432954530477 0.3024568146384496
17 0.4487665568171334 0.19871097387194495 0.3350331136342667 0.3974219477438899
18 0.3770882000794302 0.3240840807606541 0.4754865641207339 0.5327689759824058