5 0.406536553252003 0.8766884525249055 0.12577281570031093 0.12686661691066567
9 0.4701642266754125 0.5118028267557534 0.16664001038216938 0.20453175291745324
19 0.754068060791575 0.3838261965838724 0.23892380503579283 0.3222408160407254
12 0.8080253316265008 0.07924814948011447 0.20269933674699842 0.13638779736896808
16 0.3097147611586282 0.8918642498408454 0.0676117052052021 0.0822439129004844
10 0.4813453794050705 0.6495694863144199 0.13070251038216937 0.2039741920220597
15 0.6540133948371502 0.15086715123060054 0.29822321032569976 0.2856862453850885
20 0.07944343223355048 0.9180477182261816 0.15875191567207608 0.1639045635476369
4 0.31556294275689417 0.9190566711754516 0.06962923151356133 0.09268482134521155
3 0.695157250423523 0.6049375805749637 0.24675171558737147 0.2869696000424222
11 0.4341658134929981 0.47684602408229926 0.0993923262236546 0.13062117335030218
0 0.1590777243269253 0.9013810515595149 0.31802049985882563 0.19723789688097024
6 0.7249335686134956 0.2812216650222363 0.3576275733810572 0.4302604658391488
14 0.4710386690087837 0.8318247903139958 0.2381047576807463 0.30349081604072553
7 0.26655629535949527 0.8776438133884824 0.05685621572854575 0.08624088712072696
8 0.5985761949642071 0.32825277699975247 0.3479949681476203 0.38847259028217906
17 0.39169613438439366 0.24999225785060272 0.4291077312312127 0.4938271040738148
18 0.3335280476373953 0.3825134916189062 0.5700351100715857 0.6459118969870258