19 0.6203125 0.4654784599510466 0.3671875 0.5981290422044397
1 0.46640625 0.383771535168902 0.05 0.1199136709952145
5 0.475 0.8891798744545378 0.059375 0.09721519264015038
18 0.4515625 0.5146760703421976 0.1765625 0.34785921320185126
8 0.78046875 0.7702475102742598 0.20625 0.36105014285525977
20 0.49921875 0.46578519425951154 0.0609375 0.12225155735875101
13 0.365625 0.4824676774858394 0.134375 0.21771069913297225
16 0.31015625 0.13326006330885665 0.175 0.1999061818165841
6 0.60859375 0.7443723912282099 0.05625 0.08880912986961628
4 0.47265625 0.1766253273766371 0.1703125 0.33521375432744943
17 0.828125 0.5213566341915736 0.240625 0.32018349999780316
0 0.56484375 0.8448198528117987 0.2296875 0.3103602943764026
2 0.88671875 0.8133453111390907 0.225 0.2469031861451318
7 0.603125 0.9271517031901622 0.1203125 0.1456965936196757
14 0.66640625 0.07175955248309335 0.3703125 0.12111843830830743
3 0.4171875 0.15554271319965438 0.246875 0.29741229220553833
10 0.44921875 0.5844131899309636 0.14375 0.22834555411124172
9 0.89609375 0.67710516611736 0.19375 0.2545092251064562