18 0.4567413656156063 0.2645205826872791 0.31035773123121263 0.5009590465749444
3 0.7625910052616718 0.21050278231661018 0.4748179894766563 0.3637831540114402
0 0.32484297838861526 0.7848974928001513 0.4658040944277446 0.43020501439969744
13 0.23573934990117795 0.14923615232351442 0.2621036998023559 0.2887235898305826
8 0.704814844568919 0.7444742412535887 0.5903703108621621 0.5110515174928225
17 0.15211810993041147 0.8408002852966445 0.24089655773721602 0.231600570593289
10 0.08866547077845614 0.3877215737429591 0.15676375241907442 0.3046098141525849
11 0.6831372656438413 0.23555898340768572 0.4100245312876824 0.42659398571339313
6 0.21069936547443202 0.4505787380473731 0.3394683785580245 0.5605291571611105
12 0.1038794890531333 0.5932209134887237 0.16771666297065296 0.2697751603107808
20 0.5157277706937515 0.5261145065820673 0.22719662073610394 0.45342596321333845
9 0.628744439208425 0.40039362841826065 0.1921552208490432 0.2937831010240645
1 0.3589324681476202 0.3992659344139432 0.09837585779368574 0.14595901125002725