18 0.8338194972222228 0.7077630306660047 0.3323610055555545 0.3790374876949495
16 0.17568203192137438 0.5997242955482279 0.3089091347914366 0.3797180755702108
0 0.5141251657899604 0.4518942066420976 0.3752140576781109 0.4656871826440527
8 0.28551571174787893 0.7280836022097221 0.43535052128091634 0.45565289537438197
5 0.11873802436323525 0.8038268884808517 0.13252830505721716 0.2672613644504788
15 0.18009491748800338 0.20134004706220388 0.3169218938907353 0.3847350472877744
17 0.4641986096530091 0.23010406522991542 0.23433063695090492 0.31564526910195934
10 0.9450399946013291 0.3301700300539487 0.10992001079734166 0.3155181531375045
2 0.35096862199151013 0.17610599827661744 0.2048224120893325 0.3522119965532349
4 0.7720425855943156 0.15100044079366065 0.3940851711886312 0.3020008815873213
11 0.8696077143687726 0.8383327866252871 0.016125647748246763 0.012117276768460528
19 0.4781621776670361 0.18095299494263756 0.40944935533407223 0.3619059898852751
6 0.8083014582041347 0.4293403379395548 0.3833970835917307 0.5805254355753832
12 0.8589487075858259 0.2897571765234933 0.16153588217054288 0.19166597899757926
7 0.6213836466685125 0.01014147796671013 0.19901729333702498 0.02028295593342026
20 0.6679765607604298 0.7608021405745559 0.3132962461424887 0.37397825860074885
9 0.6894393530177205 0.8642248333010055 0.18529475478036198 0.13622368283729547
1 0.8741592477620899 0.6163303268262884 0.2516815044758203 0.24612982263888014