18 0.1953060378416722 0.13273458755888892 0.3531379243166556 0.26546917511777784
16 0.7546723058337494 0.6028893775673476 0.2293750926374553 0.32968419352839456
3 0.1539939871797184 0.062122714671666725 0.23263702564056316 0.12424542934333345
0 0.46839881968748837 0.44539797009049503 0.2924915227450791 0.3100738502045671
13 0.09618148717971842 0.06230498272067906 0.12326202564056317 0.12460996544135812
8 0.6298457419372294 0.41204102770889056 0.3808648180303493 0.3452808609492583
5 0.8673778211352305 0.4725134148276566 0.20277405128112633 0.28093457141086375
15 0.7077351856937043 0.7660528141995081 0.3165839942090317 0.3315578709397523
17 0.4433902034763847 0.6267518533453098 0.17788105913900912 0.236533884009012
10 0.15046011062953246 0.2366169923340745 0.17025264970954979 0.28544027571493785
2 0.5465472826743857 0.7028992926791372 0.18620728949430204 0.3412473548227157
4 0.27346515529563026 0.5241580741435193 0.24391278163641913 0.38947567125382654
11 0.31960187055432987 0.027488951240802802 0.12329625889134022 0.054977902481605605
19 0.47132895885306814 0.7178981590317297 0.3574316261359012 0.43176563744938173
6 0.2570889462376743 0.28019936292771674 0.356960745242489 0.46283336940036945
7 0.356523750209397 0.6856437953498158 0.12511562406898663 0.15153463977395015
20 0.41058428143153136 0.15190295469666698 0.3382064371369372 0.30380590939333396
9 0.35055861807313055 0.07787993050561767 0.09888276385373888 0.15575986101123535
1 0.26674223614626114 0.15976975808950689 0.1497902923897862 0.18968532717580205