13 0.06021462539781521 0.6316361790782407 0.11144767202418068 0.24089430851018534
2 0.5334334020528158 0.5023360938471754 0.18381356802990786 0.29937485410259274
16 0.14697028540736023 0.7227192223916664 0.2498749200349984 0.351411439208704
18 0.9086852040101814 0.39995223936546187 0.18262959197963724 0.46197183434574096
7 0.311628938017181 0.15912471086754595 0.09494996801399935 0.1404094072944445
3 0.298040794716725 0.48255052381074043 0.43841235073199697 0.6550984303426858
0 0.7115396733768161 0.405117308260277 0.2697158000477252 0.47699332066759287
10 0.4094446554344044 0.9802706171495829 0.018804544000636268 0.006831881458888963
20 0.5683425620225899 0.20429733092939753 0.1484215080362711 0.360759581306389
4 0.7510721513367271 0.017820413691920906 0.10666817067154533 0.03564082738384181
8 0.13262433271004345 0.42204123163680535 0.08702838001272668 0.12766695668657418
15 0.8909577374283593 0.9059364146439804 0.21366360534690837 0.13992798986740762
17 0.6353658826782267 0.1042445568020136 0.20663290268936266 0.2084891136040272
5 0.4008503580919503 0.8909297344241198 0.17667268268618094 0.19709756028296302
6 0.21910508334659032 0.12785656243699065 0.1350851666931806 0.2557131248739813
9 0.9438155503659985 0.7052324369339805 0.11236889926800302 0.18895644554157418