18 0.5640173735357157 0.24849332244249978 0.3967847470714315 0.49698664488499955
2 0.19111702030313613 0.649898665020972 0.3221083992388783 0.42626771073833375
11 0.3708496467674204 0.3899131837654162 0.05238485376405224 0.13066986043546294
10 0.3667590074515549 0.5631207911615274 0.23531405338349137 0.34448257750666683
4 0.36685580243208926 0.8477624868301847 0.2180337114824372 0.2898310096242597
5 0.5037523300752371 0.49109683700810136 0.19370487353571592 0.2599369911339817
1 0.3775652203796858 0.3281881547634255 0.12291221247102042 0.29312311220824083
0 0.6722489565767024 0.7590432662134252 0.3071837361970168 0.44869947618925937
15 0.6508952910262018 0.252368177432546 0.39866558205240354 0.504736354865092
3 0.842598676882026 0.41453731459314724 0.31480264623594784 0.6328086514677781
19 0.9075710553606576 0.8117500035498139 0.18485788927868468 0.2855673627144448
8 0.03612713688158862 0.33774157966069446 0.06435956623507269 0.42035017401194447
20 0.6695550380976332 0.747657668062453 0.2546954061589606 0.46788414538907425
16 0.13315735129259432 0.10951698657601837 0.26529603064607843 0.2017993601812966
9 0.4524259575281045 0.24453789374550877 0.18863537155854931 0.24729152076925942
7 0.5182273014435061 0.8368089450374996 0.16181820357377177 0.23813385536916673