18 0.5160149081361268 0.43786896427113287 0.634563272774594 0.7137422026213234
11 0.6285016847906915 0.07091018393079901 0.1344333498097196 0.11333802804119888
10 0.5644736768820261 0.049570688226212155 0.26957235376405214 0.09914137645242431
13 0.701872789580508 0.7296979662315836 0.2650015533834914 0.3552968083815327
5 0.45150810326976065 0.11359038971858791 0.2497638725471326 0.22718077943717582
1 0.6406952786689121 0.1368671619196745 0.2263263725471326 0.2632022689575537
0 0.21255569121648216 0.15449864465554214 0.3844863824329643 0.3089972893110843
15 0.4632321008354838 0.6064920639242006 0.4065311146756482 0.7518589868825586
3 0.22289891950483334 0.5303795273638303 0.4386671354358949 0.8850742786056727
16 0.9244389258934429 0.27302751319450874 0.15112214821311412 0.452475771143794
9 0.594625386387297 0.2945822719752971 0.2307883794672147 0.30717063470456635
12 0.49207597832553224 0.8842393532352849 0.22696835969555132 0.18217063470456624