13 0.0814059217308338 0.7260666382346661 0.1275834053945835 0.23941510046678688
2 0.540196427430417 0.5207422045406016 0.20865287385944456 0.31981809781454373
16 0.18582197121774358 0.8016249289199986 0.257635887727153 0.3518195929344221
18 0.8954586235751043 0.35554508460635614 0.20908275284979147 0.47410597337151344
7 0.2771469943004168 0.2167423111606038 0.10250936379145843 0.145301473795878
3 0.30464078713781284 0.5389566960534521 0.49503201063666713 0.7074907094207231
0 0.7028217543684031 0.39621637879266086 0.28968728115388914 0.4876968533842401
20 0.5372850605048265 0.21973690054102585 0.1784211664125003 0.3776665955866652
4 0.6930778527735416 0.01700122856987302 0.10803070554708327 0.01417268268618092
8 0.13381914086128505 0.5071476755781809 0.10247299620027786 0.1432181404625446
15 0.9176655043684029 0.8735079566093257 0.16466899126319418 0.17984689603224097
17 0.5901178133546181 0.11433536277314663 0.2177356267092362 0.2137377902609679
5 0.4571716007767714 0.9057915955866652 0.19869468597979179 0.18841680882666953
6 0.1798537670018404 0.19128098758751372 0.17707556553881965 0.3005832622533319
9 0.9531289192622918 0.6532564259494467 0.09374216147541645 0.20368329068533247