18 0.5491896447158918 0.6346828398495258 0.2150068705699663 0.24670694732513876
2 0.21711722133108796 0.1691532707230656 0.06284750988583172 0.06581068380210837
11 0.3323973700384936 0.27624334844203396 0.26621654349765966 0.28900673916276615
10 0.40651134927824695 0.4032488820290745 0.0850063527754692 0.1273309117361445
4 0.17400654988626926 0.20165361591939704 0.011574169961943914 0.021427558631147647
13 0.6799210384803818 0.7721315796217726 0.18681820357377177 0.2430956060831401
5 0.4620809169590133 0.4990238655526883 0.11201452174882984 0.14335736364988397
1 0.45149092684484504 0.43720298017876175 0.0596588428896375 0.0635575718122567
0 0.41375882209220965 0.574444767403001 0.20901153855474383 0.2547007233454354
15 0.6015732039937014 0.7836677127013988 0.4642667243340185 0.3892012385284981
3 0.5584373107235031 0.6383401705466373 0.14148184585538673 0.08672181688173453
14 0.13922303159748053 0.3189764024845808 0.17817271543676996 0.3175013807853257
6 0.8715262652486772 0.9083529689252444 0.12917284684397004 0.09229270225566093
8 0.2805231467302393 0.12222164689500319 0.2952037065395213 0.24444329379000637
20 0.514346412510389 0.5242626283918759 0.032268671939110226 0.03503111989851711
16 0.46473502616027307 0.3356095328784104 0.3304010603035737 0.3985674229648744
9 0.5089240834609161 0.4975188523715792 0.07805601581733086 0.10407468775644114
7 0.40410659087529 0.4564163266932041 0.008130834980972067 0.01084111330796264
12 0.773847452016535 0.7867874419287584 0.00813083498097189 0.010841113307962757