18 0.17474173610255284 0.16555661955351872 0.3463584722051057 0.33101625886388925
16 0.8332827448251298 0.6653549620027787 0.21766478714217136 0.289588559016389
3 0.11338891639160247 0.08774506344939828 0.21740283278320494 0.17519918616935207
0 0.5154305487645333 0.520313006203658 0.2827211020792369 0.25417363424407424
13 0.05478351099766212 0.09944410549625005 0.10331702199532425 0.19869425050620382
8 0.6706974666060284 0.4804188418159729 0.3715234929510302 0.27980574771888933
5 0.9175867205431096 0.5318302810246769 0.16482655891378073 0.21531416894564828
15 0.8234961155756986 0.8494753181344448 0.2947959722051056 0.3010493637311105
17 0.5256720769836349 0.7005213395369912 0.16245522365499826 0.1963702084593521
10 0.15573347220510572 0.325100464031852 0.1628821987598889 0.2587732282162039
2 0.6435825500139332 0.7717694517452323 0.17209217801396443 0.3110505220358334
4 0.3347026122517064 0.6062093484030096 0.22351296805592077 0.3376022059262039
11 0.2757346284242386 0.06262819288134289 0.10771925684847723 0.11148519123564826
19 0.5705477917155634 0.7902995043037968 0.3194407746946165 0.32394192679713
6 0.2702462580978771 0.3640084194518521 0.3186837580978771 0.36551161322064846
7 0.44965495125868865 0.7626316766700467 0.11588695435896632 0.11797764184351868
20 0.38892263527271587 0.17428309954250043 0.3122202705454318 0.3341161428559263
9 0.3202668010396184 0.13263893604226887 0.09874792116548728 0.20063211347481494
1 0.25640705581350326 0.24399854723810216 0.14493583693238982 0.1625519739102779