18 0.7537649207333887 0.8009533039373974 0.40420849425012406 0.299994019296238
16 0.12122181150945006 0.5396231976485416 0.24244362301890013 0.3082536047029168
0 0.45826019953125974 0.46895076059251684 0.33794550758604364 0.38663827378161314
8 0.19038652862869315 0.6894859995484209 0.3807730572573863 0.3493389220551999
5 0.026953898627723304 0.7269328471281433 0.05390779725544661 0.2416400904565279
15 0.19220386226805444 0.15985010063329314 0.3021994551604493 0.31970020126658627
17 0.4575740286286932 0.23873799789082709 0.21450826546195145 0.2763662249353046
10 0.914398629227818 0.451598103425247 0.1255413603112004 0.2971169516052706
2 0.36369622499515086 0.1593647022468116 0.17209736697916017 0.3187294044936232
4 0.7863206530247192 0.17347592529873285 0.37047096516238903 0.3469518505974657
11 0.7162971295176821 0.9301111118673511 0.01600763727290353 0.007341828735063416
19 0.49013117923751626 0.16254872305192122 0.36973764152496746 0.32509744610384245
6 0.7787960980140509 0.5191573895698657 0.3995524294066943 0.4780688572278413
12 0.8219877307450268 0.3854507749159731 0.14473815727678305 0.15324890999505125
7 0.6658802204532229 0.026839942711587374 0.1963645590935542 0.05367988542317475
20 0.5398299664910232 0.813828024274432 0.28022886031120037 0.30792605608239776
9 0.5391765201245656 0.9134458842171599 0.17892196757828494 0.10170263229253654
1 0.7731205696752219 0.713512324742507 0.25172148091420465 0.19806416251997566