9 0.5391300218684012 0.7443990115991401 0.2251413836760255 0.29214518396267763
1 0.5807655008331792 0.6469391709340321 0.24909233590559837 0.3339386351390542
8 0.07416484763454102 0.7586310636208348 0.14832969526908205 0.3577378727583304
7 0.6349498923028749 0.44356060191461244 0.18901821337743777 0.2553388083045623
12 0.7959309509690653 0.3671995136659919 0.20792103268728984 0.3194174639067359
4 0.4303662991078093 0.5067125252960946 0.3922296027534465 0.6924012132897767
18 0.21962444912747983 0.5041928271018153 0.43924889825495966 0.5707810124630359
13 0.8972527863704606 0.2429863811593993 0.19063497972108295 0.4047073460636928
3 0.37068067062756394 0.8298038282020722 0.4150015591703934 0.29682144897586277
11 0.591674411748613 0.16683515213677894 0.3635261765027741 0.33367030427355787
16 0.2679526884838181 0.1302704954343485 0.4015946230323638 0.260540990868697