18 0.5237516116270065 0.414955427080742 0.617385057687603 0.6763193156149367
11 0.5619448155617655 0.03952194894722285 0.13537066016782512 0.0790438978944457
10 0.48907507800932015 0.03452090977043255 0.26877515601864027 0.0690418195408651
13 0.7610418145360803 0.6326410960719772 0.2637827705454317 0.35361608369493774
5 0.39452143983681925 0.11817911445160528 0.2476357070582587 0.23635822890321057
1 0.5865905406666563 0.10576529092021666 0.22431660622842173 0.21153058184043333
0 0.18082671535662845 0.203125 0.3595222456503224 0.40625
15 0.5056313415057819 0.5942779186296309 0.3992755203449391 0.7440049846061718
3 0.24100015644284753 0.5873989508637043 0.456662890470808 0.8252020982725914
16 0.89921875 0.17009718014401334 0.2015625 0.3401943602880267
9 0.5725657746946166 0.24987817593395203 0.2520164763542905 0.3377568740185179
12 0.587855536116486 0.8510237258554334 0.23482713112353099 0.19916326572444376