1 0.27683409392764713 0.7656244594127242 0.063119366131414 0.11176216125488357
2 0.2838452714377998 0.08273277488915007 0.24370803207825792 0.13469410389393557
8 0.5755545913067535 0.9370501726167723 0.25035855027685516 0.1258996547664554
4 0.44219588294573536 0.5796775979394362 0.43674993984865385 0.6115745248880515
0 0.8839699776393495 0.40329229165842845 0.22264786705426473 0.5732955898250566
14 0.26484375 0.32699715313611016 0.5296875 0.6539943062722203
7 0.07150476017903282 0.14856595941492107 0.14300952035806563 0.20129858549650884
18 0.3886436790605374 0.8074811282458616 0.48278672578442305 0.38503774350827674
9 0.3476706207641177 0.9787273836565464 0.15084060919158376 0.04254523268690704
11 0.21539355105204755 0.6119410784609709 0.11988860271317874 0.22129553030203178
5 0.8650373959025452 0.9273960838661636 0.1311684592838688 0.09877887553997008
20 0.9300616186046493 0.9414234020473826 0.05356509099298634 0.04286670238048155