18 0.7679936420022679 0.8669484709257234 0.41951887023308565 0.22439731767334717
16 0.15364587748947972 0.431983688396448 0.2935417019915838 0.361032623207104
0 0.5021577885594054 0.48102631283613445 0.3658730589778255 0.44084380293779807
8 0.21771335588993335 0.6088468403275655 0.413710358252186 0.41980631934486895
5 0.0552852777596322 0.5880375537081621 0.08623514427970269 0.2530915592503424
15 0.2691989225026711 0.13439729383310514 0.32589784500534213 0.2687945876662103
17 0.5203472494518457 0.24987838796593234 0.24255955534962834 0.32159282132453626
10 0.9385788942797028 0.6148825471994276 0.12284221144059444 0.3073571697015643
2 0.4369593413771451 0.15160464555317651 0.18016868275429015 0.30320929110635303
4 0.8251463329396245 0.26385691167538095 0.34970733412075095 0.4636392319868044
19 0.5629687698702659 0.18981290877127685 0.39781253974053177 0.3796258175425537
6 0.7918204561679351 0.6371867630873067 0.41635908766412993 0.5727989348106561
12 0.8644320992665113 0.5180650346630153 0.15124009618646853 0.17236483469670935
7 0.7455605258607158 0.07080039460768091 0.1972966406515056 0.14160078921536182
20 0.5534574268486583 0.8273062716643845 0.3079663005403049 0.3158054779620732
9 0.5430407712210282 0.9371965315394416 0.18192461179556502 0.09238782968214447
1 0.788913777211478 0.8296414742687667 0.2673214531727101 0.2538733410746502