10 0.7442335996158873 0.25067475117509797 0.22552670171816516 0.3099569977359426
20 0.33761627091935753 0.7238819997908219 0.16805503844375372 0.234450952085641
16 0.5048202968114968 0.09957271848160627 0.20285940637700647 0.12945527040728505
4 0.882901115446862 0.8498956878429939 0.18473792740790565 0.30020862431401224
14 0.1521014105608781 0.2745419278208446 0.3042028211217562 0.4449171889750225
6 0.2786872489839472 0.906341538144457 0.33911116689245624 0.18731692371108602
15 0.5722092769122513 0.7904982978589895 0.22887078697341573 0.4190034042820211
18 0.4582706869073025 0.5659196092900225 0.4163574988683463 0.5691937014150377
7 0.6945236109243063 0.986188735345147 0.06265713025772471 0.027622529309706087
8 0.8347402544110141 0.7784359937246229 0.2884980924913396 0.4431280125507541
1 0.8337708124153289 0.14649249844961526 0.07308337516934209 0.1557407608465611
12 0.30834700927225417 0.2719601511381825 0.18984150723608922 0.2736865309462292
2 0.7331677883322121 0.7116921951396605 0.2726407191310198 0.3596620069890496
5 0.6238038336733707 0.5225793265411613 0.14379866689245624 0.21161502775932123
17 0.7574197585948855 0.8977340072966666 0.20851626413349428 0.20453198540666667
9 0.7976540914752869 0.5468402529223603 0.1610680540475858 0.21516692782084454
13 0.7107140134561257 0.4453469010828129 0.20834584577069998 0.2690386037406184
3 0.8468838868164454 0.37127825004306925 0.30033635119776686 0.46999793131536954
19 0.16765781151081777 0.4959356672819004 0.33531562302163553 0.5627046678971342