19 0.6622232649289188 0.6281837261107152 0.6755534701421624 0.7436325477785696
1 0.347571454231285 0.5445245504393049 0.1396079215447771 0.1357992910517261
18 0.42958504439397294 0.7258342485818864 0.30026466217500314 0.4419260066390976
8 0.9055692648307229 0.6640060620106675 0.18886147033855422 0.39397018923195404
20 0.4101305415653025 0.5629198310618034 0.06910452400410509 0.0865889753514151
13 0.29507368900777864 0.6841489785768478 0.1398624515990063 0.19413262438505943
16 0.04014074931262895 0.6081205017068325 0.07595448770335986 0.22457433674699837
4 0.2282947342855143 0.5935753470821096 0.45400780659241713 0.5954840274975524
17 0.8848340631335206 0.5238869708083554 0.23033187373295866 0.5075417049699115
0 0.8931561441228265 0.9314374240650644 0.21368771175434711 0.13712515186987134
7 0.9931697796614458 0.9082404513743844 0.013660440677108454 0.047168077171186935
14 0.2479476623713949 0.26500510845886954 0.4958407825883121 0.517510216917739
3 0.1155947463857627 0.5390055086282788 0.1665613069852006 0.22744541031628807