18 0.8407317437762227 0.2829834741151638 0.31853651244755454 0.5659669482303276
16 0.5418909180652095 0.794929112907813 0.2012827705454317 0.3391968208208084
3 0.9600653133869267 0.6163544327747188 0.07986937322614658 0.2668271577560392
0 0.5143416454451855 0.47586548833452114 0.28584794730999635 0.40383985229672337
8 0.6604749747039054 0.7689799095506178 0.24754246390673593 0.35938235760545323
5 0.6371810298927086 0.8837853761796379 0.06870337842423861 0.05926296132029023
15 0.23547220685776601 0.5948244318335565 0.26432629958972587 0.2714977891566612
17 0.34856235747782155 0.45839789163524663 0.21562869046151914 0.29053156465866226
10 0.5310849792540756 0.0361270774535358 0.24029495850815116 0.0722541549070716
2 0.2105179058181476 0.47330317917919157 0.1271796518694554 0.13017654019830982
4 0.23088499232633017 0.1406660948042095 0.24926998465266034 0.281332189608419
11 0.9066107332027677 0.35019270287387366 0.03482528589277152 0.037964813993478445
19 0.2135459722051057 0.3056657897213585 0.36430483403260483 0.44311886272595075
6 0.585028963282036 0.17371294586468145 0.37292097220510567 0.3474258917293629
12 0.49755135145453694 0.08875644235690022 0.197327131123531 0.17751288471380045
7 0.08764355518880329 0.1120146386044168 0.1502871103776066 0.2240292772088336
20 0.7913418533286366 0.4344752395644023 0.26157980788809565 0.250543115474432
9 0.8945745197202392 0.511205797583967 0.16901379958972598 0.26409602787401737
1 0.7343311462703781 0.20453943600015131 0.17483866971559472 0.3392173682229132