19 0.8041159638121176 0.6456913937970187 0.3804941191097918 0.5284220442553239
18 0.454661477679826 0.5818088815567137 0.4273301386770836 0.35183383171822463
15 0.12641702963527776 0.22534181618213406 0.2528340592705555 0.4173502990309348
8 0.973414090521354 0.45071689810121046 0.03368532218833344 0.05305929802252862
13 0.13970927811666636 0.5138396815304864 0.211012848023889 0.20270888747601437
16 0.04838033577170127 0.496474134987783 0.09676067154340254 0.2637816033088993
6 0.5386734549784025 0.5656444741379175 0.1386287017473613 0.16684090133142793
4 0.3614206239563538 0.5439013633971083 0.5990259135627086 0.5363173644055145
0 0.845918338052812 0.8783711044853731 0.28408797853284745 0.24325779102925366
14 0.5819364117597567 0.3286614955933087 0.8361271764804865 0.6249818406627438
3 0.07592476073357632 0.367700709577449 0.15184952146715264 0.2312347524882313
10 0.2479393522048608 0.5447978345098072 0.017587543502986146 0.024519156107038736