2 0.21897272671649892 0.852701766115896 0.3210296005537104 0.2893320658122382
16 0.05117367134551472 0.12453043351343498 0.028003886489479622 0.06366402564972494
7 0.4150556986434106 0.1289451812360003 0.2948886027131788 0.231990791765621
3 0.2845054079272794 0.5135416666666667 0.5690108158545588 0.9729166666666667
0 0.46254345157807125 0.9177414343573979 0.30246127081949087 0.16451713128520423
20 0.48055747609819005 0.6070139801449248 0.25281742596899315 0.49194448565684773
4 0.7893946506829073 0.8051158005968503 0.34053866902916285 0.3897683988062994
8 0.17458089296788462 0.11461643435739789 0.2820882140642308 0.22515877894075856
17 0.6280146645625679 0.6994875523130487 0.3215092643410859 0.36418656260602256
11 0.7649708513289027 0.5054168079663351 0.23869436921373294 0.5224669696257697
6 0.35501816702657807 0.025925989707026267 0.10871366594684391 0.023769860614438733