10 0.7492059415569123 0.6908620573378438 0.22275277346576167 0.329038175364037
20 0.4152749314570916 0.12989019958765233 0.16404563140062187 0.25978039917530465
16 0.922647815700311 0.32100752035803704 0.15470436859937814 0.359693133745681
4 0.25308137045375523 0.8160298834234891 0.22854774715740261 0.3193017527380879
6 0.2224735104527565 0.09564231555210727 0.16994702090551306 0.19128463110421454
15 0.2938079970868154 0.3646908678649163 0.3512726156156063 0.280823300219105
18 0.4447495998305908 0.1984912672657915 0.33218795762427644 0.396982534531583
7 0.12786374964706415 0.4832275179744688 0.17169153142885674 0.22810301172532235
8 0.28861007580013165 0.6949416304921585 0.2895608418674958 0.36326407112490433
1 0.8523903966915272 0.8606966690502349 0.19508425782192057 0.12283077657521772
12 0.7175962946536236 0.07310940362061119 0.1773044945971538 0.14621880724122238
2 0.41677360217907805 0.5920298084653343 0.15693035239083955 0.3529755519263235
5 0.5109037628012437 0.4467709038138539 0.1504843893637169 0.16981227960316972
17 0.20663276273065662 0.5793162866576149 0.1810665314288568 0.22912337778639844
0 0.9588792602409949 0.7981334549025512 0.08224147951801015 0.21156414869219778
9 0.49929694681858416 0.7201551522998779 0.14036593671876343 0.18737185253191388
11 0.10599937101845254 0.04596096504960379 0.14012374203690509 0.09192193009920759
13 0.5603870942865703 0.5732591955288312 0.20099959983059074 0.25824744324188437
3 0.5801521046687397 0.7741521017909089 0.2958108418674959 0.36394431516562187