5 0.6585709937317359 0.38685926265957005 0.19498911094166688 0.2707474432418844
17 0.5438389593468055 0.18860298972436015 0.296697081306389 0.29013474223687746
7 0.4361978459365967 0.8541233777863986 0.219808579406528 0.2917532444272029
12 0.4914678806058676 0.8122213729546066 0.17896406743868062 0.2461301664734241
4 0.27100991024114535 0.7699615557595741 0.4175577080156253 0.46007688848085165
18 0.2203813159200693 0.7650084858587818 0.4407626318401386 0.4699830282824365
13 0.5727730852030204 0.773062848312178 0.1931006090418057 0.34124065455485897
10 0.6559025482526388 0.2258473824572755 0.28506990349472244 0.33877425415544243
11 0.4546965388502427 0.6767198477001221 0.234525696047778 0.3914955741528561
16 0.35015973489802066 0.29797884931071933 0.5528055302039586 0.5779312315424244
15 0.7684557932186457 0.32472016953370364 0.29746341356270867 0.5127112868831853