9 0.6871859488616142 0.4573396946111298 0.17002394805083548 0.2322545184957409
5 0.18792451420345951 0.22872151503188748 0.17295803327818296 0.21796254687883884
17 0.1414485292176979 0.6124557133774379 0.20963191882984217 0.2775632066177987
1 0.6596649208584371 0.4412486129256893 0.20757849512873605 0.239917525759583
2 0.181051176947517 0.12091996536146604 0.07173072402541769 0.11488897195303742
8 0.7576946866834543 0.9945388384778636 0.09432274431795733 0.010922323044272748
7 0.4989222897710047 0.3815246582919188 0.19713191882984216 0.2763977597520736
12 0.47604212296975745 0.2430996333726743 0.1954875982129911 0.27000207889385786
4 0.5322859890396561 0.5458966087895651 0.28961942775829586 0.3079095970534633
18 0.5108315491032003 0.7823492595840058 0.3795194991859258 0.4353014808319884
19 0.1322583100602489 0.9140296490112643 0.17729097727182858 0.17194070197747138
13 0.4331631018664391 0.12673909062995964 0.2038262037328782 0.1917094973764851
20 0.05002468830830743 0.6621938760760478 0.07898984496658026 0.19255502871923322
10 0.12086151947846528 0.4107803835079578 0.21094895697928912 0.25895888747601437
3 0.7911172926103786 0.6761423329459483 0.36355140015886056 0.6477153341081034
6 0.9486495543815014 0.8560295374956849 0.10270089123699719 0.2879409250086302
11 0.31030584902377 0.4575744340187178 0.2782649163942102 0.3942441501877382
16 0.2504707475610727 0.7698242750032784 0.3291922167185217 0.4603514499934432
15 0.11573191436561528 0.25736402179152656 0.23010015178371357 0.41056137691638644