19 0.780284535614156 0.6039275583873602 0.39813040546755224 0.48242247238953745
18 0.4322401555444267 0.5180113258631014 0.4360460326872898 0.3130438427034264
15 0.14921875 0.17902119630194444 0.2984375 0.35804239260388887
8 0.962446461612727 0.4173193999534249 0.030965776735204998 0.05503948885499999
13 0.12956290579652824 0.4296472131465276 0.21553715471124746 0.18348402938111133
16 0.04814828687466376 0.40661193401745366 0.09629657374932751 0.26177613196509264
6 0.5178880784409046 0.5059936142373143 0.14736630891829172 0.1626489541534261
4 0.34563602002681576 0.47390026279282366 0.6316748789844485 0.5333490103825007
0 0.7855790509493948 0.8450365886559249 0.31667331981405517 0.2677404169187042
14 0.590702137611298 0.2634178285212036 0.8185957247774042 0.5268356570424072
3 0.08285642264437626 0.2815625729487036 0.16571284528875252 0.21982026646333352
10 0.23206519292329358 0.46806504166773116 0.020061127723940864 0.025581881458888962