13 0.07872757060904695 0.6174692998154299 0.11322658404557526 0.2400614003691402
2 0.5516120627871264 0.4745998632582731 0.20556527346576187 0.3226712461424886
16 0.16889681527678793 0.7070014661744797 0.25031633134415215 0.3493260826627299
18 0.9099280078219205 0.3580499013042912 0.1801439843561589 0.47865423401009044
7 0.32203316567207607 0.13768186099421573 0.10471686305535757 0.15216088217054297
3 0.3149997286003768 0.4613591928879035 0.4985997258283665 0.7233851531930617
0 0.7274773417969087 0.3717466656453771 0.2990562101845253 0.5029307464501056
10 0.43784975455580016 0.9579563849513952 0.019023015785015574 0.007852072794389169
20 0.5800500629988878 0.18513585595545629 0.19303445236260472 0.37027171191091257
4 0.7586693447100933 0.00013609192198722105 0.10825211575678076 0.0002721838439744421
8 0.14793405496520573 0.40662732983880845 0.09966534200867018 0.1434270306386124
15 0.9042218523202525 0.8614946771625416 0.191556295359495 0.1453736644026094
17 0.645448278868608 0.08559073463147439 0.20156104195220054 0.17118146926294878
5 0.4276410256730747 0.8678654092161916 0.1851169945971538 0.21091951881383106
6 0.22829857622365463 0.12282512852220967 0.15972215244730928 0.24565025704441934
9 0.9541088247670624 0.6647547799803094 0.09178235046587524 0.19307927616586723