19 0.6690421006486231 0.649451088199202 0.6619157987027539 0.7010978236015959
1 0.35191269642598233 0.5202447709534922 0.13582049756436804 0.11667330453393822
18 0.42616049431466185 0.7048413446964513 0.291228566556366 0.41748021003539554
8 0.9068381554371616 0.6754201357312001 0.18632368912567684 0.3797817805155937
20 0.4130956582765354 0.5418320834746967 0.06978639448011284 0.08236773720341024
13 0.29277524999670473 0.6549074584322876 0.1366932508107789 0.18333997120060463
16 0.04169794520816629 0.5609755352683717 0.0716137215897857 0.2219510705367436
4 0.22748544074393942 0.5581746427048676 0.4476070259712871 0.5538492854097351
17 0.8993881197233466 0.5345041293187689 0.2012237605533067 0.4657804600071228
0 0.8867821688265469 0.9406862457257487 0.22485572402541756 0.11862750854850267
7 0.98921209902377 0.9237766309501493 0.021575801952459985 0.04082011058616596
14 0.2504381509729347 0.22403112909258752 0.5008217548679686 0.4438955915185084
3 0.11897746550070573 0.5000297820904289 0.1604853068171333 0.21151457858055522