18 0.834989153663473 0.3005931984029775 0.3300216926730538 0.601186396805955
16 0.5170070313192061 0.7963616425463692 0.21647260628614956 0.35377710688915703
3 0.9468268306191234 0.6441382330799643 0.10634633876175315 0.2795679632138402
0 0.5053004901619189 0.4785987177762827 0.3004248824054313 0.42820461631148654
8 0.6377732326986871 0.7795666365162949 0.22691878335537102 0.3420413870037014
5 0.609300751920564 0.8922761435265946 0.06783595318850325 0.06083568068726611
15 0.22107597636710902 0.5820216998347818 0.2666496687014785 0.2824893245883724
17 0.33976402136958345 0.452562919494448 0.21894915309764632 0.29785465550967605
10 0.541849985300679 0.03624738730655817 0.23682497060135788 0.07249477461311633
2 0.2021411906368888 0.4590460123630056 0.12843261646291487 0.13570878034033385
4 0.23694115728151774 0.14107944896745125 0.2613823145630355 0.2821588979349025
11 0.9015303589996829 0.37466082692874725 0.035848968792335255 0.0399020232171394
19 0.2120783553816384 0.29331625885785567 0.3768169640426372 0.46886206090645716
6 0.5891487884437537 0.18027189582572956 0.37395755766563055 0.3564712437799636
12 0.5055716485750905 0.08723224785229342 0.18763719810012064 0.17446449570458683
7 0.09303402702379296 0.10027738655212232 0.14231805404758593 0.20055477310424463
20 0.7831388851189649 0.4518724996254883 0.2576907485296619 0.252776743554174
9 0.882794726367109 0.5357827529048487 0.17281778154634891 0.2738550188446588
1 0.7364265801668677 0.22011788858964032 0.167543783355371 0.3378924378104606