9 0.13304942411586024 0.8788612648879301 0.12882637272903605 0.07123462988050686
5 0.7279326498599171 0.35607604025548223 0.2008603536432405 0.25674276194725393
17 0.6593108403073211 0.13335404115864027 0.305866589099373 0.26670808231728055
7 0.4084163438104788 0.7759296057602094 0.26240337364711996 0.3979549796464693
12 0.4805625397178946 0.7112592363951521 0.18226985030926085 0.23262508367201776
4 0.258033964413483 0.6776410967894589 0.43705217153078635 0.5823358480313013
18 0.2275333924430513 0.6536193132826595 0.40761976304605546 0.5844280401013475
13 0.5677436753238083 0.699936662145464 0.20701450091808393 0.3318519448207603
10 0.7631212375821643 0.18778187207994387 0.3155283736471198 0.37556374415988775
11 0.4712357239563807 0.571730494498572 0.2570781448589473 0.3872107643592837
16 0.44591776212797163 0.2342333725315229 0.5855855242559432 0.4684667450630458
15 0.8463487770462921 0.29311267639185296 0.30730244590741584 0.5862253527837059