18 0.7210306383672898 0.22052123417429656 0.4826862767345796 0.3665394941265727
16 0.6200186259724537 0.517781774654955 0.20112720452587246 0.2738648979919956
3 0.8378363432859459 0.14212176034148147 0.21317268657189176 0.1706689541164953
0 0.49054929459036456 0.5577105256966038 0.30777718032537577 0.3737827083835766
13 0.43584257211051114 0.19108495383414664 0.34668514422102226 0.34139955043930487
8 0.6766135387366321 0.4222106973896517 0.18700107201231528 0.25818950151860004
5 0.6171203640685972 0.390516430798278 0.11766928903121983 0.11951719283385162
15 0.3781139688656162 0.9073303313912102 0.1571317648307229 0.18533933721757948
17 0.4383333304983264 0.76191828716748 0.23410333098930564 0.31391304531880737
10 0.31291010792027707 0.4762300627635973 0.37383851756119746 0.4788790030372001
2 0.37380774306611303 0.829799329354971 0.13574764422102223 0.325018603338372
4 0.1886469478865732 0.8007280420933749 0.3345578489432866 0.39854391581325027
19 0.2957463755796703 0.8212066560492067 0.2984839935570923 0.3575866879015865
6 0.461206707354543 0.4554657292420315 0.28325896935659556 0.4822579294679104
12 0.28628449628756686 0.6386899399912541 0.001571590359079611 0.002204673682228986
7 0.1557804266129426 0.9693361543423742 0.16591589149054778 0.06132769131525156
20 0.5204221051898026 0.24451233267451974 0.004714771077238921 0.006614021046687431
9 0.7130545119038567 0.18241453242981756 0.1286431504675381 0.1286999086094555
1 0.530001638269094 0.29211537476789456 0.1101658612399266 0.18974382442270585