15 0.7099380614248962 0.7071266070259653 0.38011411905195924 0.34635777708871796
13 0.7177828216765152 0.8815827760612783 0.21230657095872515 0.23683444787744345
6 0.9270337590704927 0.8223047121077903 0.14593248185901472 0.35539057578441935
8 0.3219816713215447 0.2696765587055505 0.3146180938242158 0.40520034957549017
4 0.5789633029025577 0.14093040509413265 0.3735516058051153 0.21484076495631974
16 0.9610516058051154 0.587955712513846 0.07789678838976925 0.28664300637381596
0 0.8376041821213178 0.5795588196505504 0.32479163575736425 0.4326034587670738
17 0.3956225902808367 0.730158381653748 0.18714287985173242 0.24048670367909514
14 0.6323685558977825 0.09664478407776764 0.15848711179556502 0.09876727328657614
18 0.3031126202330856 0.2337662389442609 0.3228671034428626 0.4225345465731523
9 0.2424900895630465 0.12153484782822772 0.05837798439090332 0.08605621838316742
12 0.295463844457188 0.5667394252491704 0.06884425843752044 0.12852392144702876
5 0.5039931070710597 0.5523375714531825 0.18056549763774718 0.2274526794142986
20 0.6149603781224519 0.6522412430540195 0.2665228450053421 0.2950786736557165
10 0.26325649046617117 0.43822789635782045 0.24056054573098154 0.3157257371969984