10 0.7389281342117713 0.753125 0.20672669794763915 0.29583333333333334
20 0.3984219290459376 0.178125 0.15748911094166687 0.25
16 0.9215132837193403 0.39166666666666666 0.15697343256131938 0.32916666666666666
4 0.24459821238402832 0.8541666666666666 0.22696646276527793 0.2916666666666667
14 0.6775437717514932 0.011458333333333333 0.07071254350298624 0.022916666666666665
6 0.2042894161281598 0.11145833333333334 0.15857883225631958 0.22291666666666668
15 0.27982066546256973 0.41041666666666665 0.33637652393569456 0.20416666666666666
18 0.4284555743725349 0.24270833333333333 0.33027460714194473 0.39166666666666666
7 0.1153600815907295 0.521875 0.15657992116215289 0.19791666666666666
8 0.2793167448690977 0.7395833333333334 0.2695903738594446 0.31666666666666665
1 0.8444176808488895 0.9333333333333333 0.18939111474138892 0.10833333333333334
12 0.6986570119678472 0.10208333333333333 0.17216855357097227 0.19583333333333333
2 0.4057324680836115 0.6416666666666667 0.12598584422416687 0.325
5 0.4978089056789239 0.5010416666666667 0.14651393692972228 0.15833333333333333
17 0.19599379217180596 0.6208333333333333 0.17394925911805567 0.20833333333333334
0 0.9614518719595836 0.8875 0.07709625608083286 0.225
9 0.49005487632798655 0.7729166666666667 0.13096167211208343 0.1625
11 0.08697397634864587 0.059375 0.13019795269729176 0.11875
13 0.5492642625365282 0.6291666666666667 0.1771469943004167 0.2125
3 0.5724868230413547 0.840625 0.2649392414506252 0.31875
19 0.4797056837955903 0.0010416666666666667 0.006286367591180664 0.0020833333333333333