9 0.7394827531020931 0.10904350261698019 0.14003441015912904 0.21808700523396038
5 0.30588827514572126 0.4413758658275409 0.1483496547112475 0.1911333681926789
17 0.48638914817808504 0.6933131836643915 0.18956451659574647 0.265755474971229
1 0.6971313621366007 0.11971312322614655 0.1297196230323639 0.2394262464522931
2 0.13139673751475284 0.3040218813240237 0.2481525487788332 0.375289570685286
8 0.9973770165957465 0.5380446970630598 0.005245966808507063 0.2864906445376806
7 0.5874446417217973 0.23909620496044431 0.18534691015912905 0.2446064105174609
12 0.4885429659753278 0.16531373802026159 0.17675887797604234 0.1401240127303595
4 0.6993597696978396 0.35135694631243886 0.3488081126408037 0.39789296653919737
18 0.8167336679527992 0.5078879059208468 0.36653266409440155 0.5970103955865879
19 0.6173163561076412 0.8685786027475457 0.260882505699983 0.17349088742187982
13 0.3593746360218141 0.13267548491998388 0.23818768689433423 0.26535096983996775
20 0.4649290474414508 0.8232380970816374 0.22815712303236385 0.29037758174977907
10 0.3772001824548588 0.5881073106387376 0.20603075075630456 0.3130095983465187
3 0.8534909867584481 0.2331513161709841 0.2930180264831036 0.4663026323419682
11 0.525222783191493 0.4453952868438851 0.1877942029858776 0.35054067939702616
16 0.6492169301090703 0.6831451654017856 0.3079317403647444 0.4186305964133285
15 0.19108808381191156 0.5137113822906186 0.3090350544788164 0.5285736663993431