18 0.3530103287498105 0.3513054451850482 0.20260789129415607 0.2583761640431517
2 0.2938837509819586 0.8368311298432526 0.32925220452587256 0.2889263135586191
11 0.24778091062287905 0.8432120484939475 0.13056017447164328 0.21209151123189873
10 0.38445927488786785 0.6607461471625196 0.2922612646343312 0.40209663962811015
4 0.504603603244895 0.6880703877465815 0.38980895120622294 0.5652955195041471
13 0.34521146428842997 0.34890884947612644 0.19775676483072288 0.22043912146850483
5 0.43605865720503345 0.4685115192705111 0.06766019867214013 0.1145976102366061
0 0.6169279038853837 0.21611395295309346 0.40983965007475476 0.4322279059061869
15 0.3834614189124984 0.17552869974134164 0.23426695745273882 0.3510573994826833
3 0.6510488947120016 0.09505495988080027 0.33227721057599685 0.19010991976160055
14 0.7185166332009284 0.5233932839334791 0.5613850111182896 0.8707580663829859
6 0.49034774404807163 0.04358338909112307 0.12555451190385672 0.08716677818224614
19 0.8595926477370636 0.07683722884796011 0.2804874515990064 0.15367445769592022
20 0.7900017895221991 0.24808764531377492 0.2480294756031114 0.2876009089314055
16 0.24664565749962106 0.7454410626854966 0.04572156615858276 0.09797474488825368
9 0.39313081382089177 0.46314274287144136 0.09931926483072288 0.2112612274009192
7 0.5049722836684666 0.4246015615090226 0.21697037314378348 0.3284372917670925
12 0.49318185255752384 0.08417318213718897 0.015834078258831142 0.049373475248823136