18 0.574351374897556 0.25109924845530085 0.41379725020488783 0.5021984969106017
2 0.15113542979803757 0.5816262716724403 0.30227085959607514 0.4427790909081068
11 0.3571766834173927 0.35016532564566505 0.06410534946188076 0.1395656158599074
10 0.32390180293826537 0.5218676925986927 0.2546319578151016 0.373173345393482
4 0.2755412698541041 0.8130843396662646 0.22483314185166686 0.3232913870037014
5 0.47066979508038254 0.4700470186959367 0.20470042431665564 0.28239785918829197
1 0.37409450971990965 0.28975308834735486 0.14485454342324341 0.3093897271215449
0 0.5904963358175388 0.7432765068615775 0.3258562944567007 0.4488107251610941
15 0.6575812518620268 0.2584587946637901 0.40671249627594647 0.5169175893275803
3 0.8268106331697236 0.44827832353649216 0.3324060090962278 0.6363107251610942
19 0.8361855173729047 0.8269035052039837 0.23598465756743253 0.24094069953192493
8 0.04224100392894143 0.24902621287515592 0.08448200785788286 0.4267292085026755
20 0.5890429977281977 0.7402606897350839 0.24482461827801832 0.4493832157387648
16 0.16077052605484793 0.07105612844870249 0.28470894789030415 0.14211225689740498
9 0.46154315984374417 0.21817762174125957 0.19786822745980875 0.26529446102759996
7 0.425885872211469 0.8150481923729032 0.17250435442427942 0.25313086838483184