18 0.4994487533815887 0.4662736896881253 0.605599850731997 0.6509755094419344
11 0.5303965720082724 0.07303203723745895 0.13697383601209018 0.12085903469127161
10 0.4575948713399088 0.06207430930406196 0.26831474267981753 0.12414861860812391
13 0.7396208620703149 0.6792434852005516 0.27976241470399826 0.37095746138339153
5 0.36550791601686283 0.15997666571188182 0.2443874413589988 0.25584080893272526
1 0.5559238306810903 0.13306083545515615 0.22409312269254436 0.2576089991512709
0 0.16785221335931697 0.25263870485891043 0.3349771733768162 0.4322225902821791
15 0.48450610073199696 0.6342365616910949 0.4140668787396331 0.7229937707404815
3 0.2342606527291335 0.6099902461807898 0.4645577747453601 0.7800195076384203
16 0.8821596140197265 0.18775015993000324 0.2174442280394529 0.3755003198600065
9 0.5448874280314986 0.30096310301297424 0.24654992536599848 0.32461505071078584
12 0.5719895614258139 0.8995820514534593 0.22972495735199913 0.18687263293017983