5 0.70546875 0.3999396865222738 0.165625 0.2227854778042945
9 0.49140625 0.47052484808694384 0.1390625 0.1711359200432284
19 0.140625 0.5996003804806305 0.23125 0.4497775224688892
12 0.2859375 0.8447429958661707 0.09375 0.1370719685684686
16 0.71640625 0.3159271235226192 0.259375 0.2973574463727631
10 0.5453125 0.3286355494934077 0.240625 0.19202638599240274
1 0.92890625 0.22564732810075705 0.015625 0.03013699476141145
15 0.378125 0.7879763934405101 0.1484375 0.2092181169000753
4 0.68984375 0.14513399917443662 0.3953125 0.29026799834887324
3 0.17734375 0.38645833333333335 0.3546875 0.7729166666666667
13 0.9390625 0.10039787469266834 0.0921875 0.20079574938533667
11 0.5125 0.5712982384923717 0.1125 0.15906969561549567
0 0.8703125 0.3855360584560499 0.259375 0.3369407797060964
6 0.28671875 0.7342778127947669 0.271875 0.3168837088485589
14 0.65078125 0.16458892307831052 0.4296875 0.32917784615662105
7 0.83515625 0.3033442966692256 0.15625 0.23261994761411436
8 0.40859375 0.656917586989091 0.203125 0.24594759856501536
2 0.06015625 0.9785559035018994 0.0625 0.026797979045645567
17 0.56171875 0.7494917049939257 0.146875 0.15495441742393415
18 0.5578125 0.6455676203509453 0.2171875 0.22807089385028553