10 0.17035412193668473 0.6314250494291588 0.17309424403245305 0.3280029367802515
20 0.8048387572804115 0.5637643387049264 0.383704480028635 0.30196299609524196
16 0.1606320345719589 0.9393763807853257 0.014189769334818081 0.015347337287666107
15 0.773680758633047 0.37239832947815005 0.4523475813971789 0.6513616812154612
18 0.7246052699315941 0.6843961759182303 0.5447896200668151 0.6312076481635394
8 0.3943665233131827 0.219436111380371 0.35189195337363455 0.4147636535351324
12 0.7028104439051862 0.9477609743464122 0.20744996801399934 0.10447805130717569
2 0.4063847179742284 0.27532355933977787 0.4126476400381801 0.3972410040039074
5 0.48614330128104777 0.5401969157400519 0.1822692493634531 0.3055956060831401
17 0.6495727386616821 0.08427229388915582 0.13188634667409058 0.0800473702404385
9 0.20799267130809204 0.25933428131752756 0.2671351453691801 0.36642962980913624
13 0.29853421327977514 0.5425101963489493 0.24329765603118042 0.31932295655191517
3 0.12330968332272776 0.5786237015966055 0.24661936664545553 0.7405807365265443