19 0.5555530516366133 0.265934380175845 0.3915278234057958 0.4727114401003162
1 0.3912177000078493 0.5960295586807224 0.038392866604888456 0.0957024545499614
18 0.36000241634258523 0.6527499947771311 0.20213794119181056 0.4499398313809545
15 0.3580555474602621 0.09977532349707632 0.15080358656782167 0.1579795968563637
8 0.7456447943802191 0.5057546575390398 0.2181994508104575 0.4674553913302129
20 0.416654209626496 0.5807211212662028 0.0618303666048885 0.09697579447384902
13 0.2796650971979588 0.8225911956898938 0.14372026206571756 0.24497026088680868
16 0.20377973131086047 0.3146275039791201 0.1812401094333124 0.30733938210343664
6 0.5315078501931837 0.8667108373124535 0.268521854623989 0.2665783253750931
4 0.3938516598039813 0.2863574460318152 0.2244097560752678 0.3471313939664347
17 0.7474528641578179 0.1678726555618735 0.22696927168436432 0.26613606195121225
0 0.5365252216073956 0.7833456008602712 0.21705361306150942 0.4237053913302129
12 0.9650569601746503 0.8806909441290109 0.03190974282842376 0.2056097852470728
2 0.8761755425661206 0.5702194724436078 0.2320436960011339 0.4598860619512123
7 0.6014185569092729 0.9466052434466266 0.16286707694917482 0.10678951310674686
14 0.46337053003706685 0.08150457515710863 0.23888393992586626 0.12531828856713748
3 0.29022566279920625 0.3297555283641717 0.26727186787083285 0.4347551831678402
10 0.3748411879421316 0.8329777780470378 0.1618353450053421 0.28132071016432625
9 0.8552455167902229 0.23423157520668336 0.1624156983633867 0.24390559949258553