10 0.19140625 0.6763225260730686 0.2078125 0.21822159973647454
20 0.86953125 0.6498175708271787 0.125 0.22429056124499738
16 0.2796875 0.974564063045946 0.20625 0.05087187390810802
6 0.93359375 0.40687585846523977 0.13125 0.29977592264058045
15 0.6984375 0.32298913595642204 0.38125 0.567107045130575
18 0.678125 0.63599504475411 0.43125 0.5793232696285737
7 0.75546875 0.0836680586911187 0.1890625 0.06468218221639165
8 0.45078125 0.20375669065643795 0.1921875 0.3524248629141832
1 0.0515625 0.6383792315135612 0.096875 0.14918976829820613
12 0.6359375 0.9621325768417803 0.1640625 0.07573484631643931
2 0.453125 0.34977203451311495 0.2390625 0.3185650733810572
5 0.48828125 0.5441688590299372 0.1453125 0.22795131911397584
17 0.59296875 0.11584032907262229 0.1890625 0.15426551554972495
0 0.040625 0.8635715157379574 0.0375 0.11749550170683255
9 0.3109375 0.34289672943026395 0.159375 0.21862671558737148
13 0.36015625 0.536302283753815 0.2125 0.318585620783162
3 0.13828125 0.35657195421061155 0.2765625 0.6173105750878898
19 0.90234375 0.9374951398406682 0.1953125 0.12500972031866364