18 0.5742022241078608 0.6969997756766929 0.22380707146044046 0.2695442484164457
2 0.15897112901452937 0.3057490127303595 0.06010534034363304 0.06417435906137582
11 0.2922472964728124 0.3871916498026036 0.263688443011738 0.29432422075521314
10 0.38987921302658435 0.49745291121673235 0.09413950361804461 0.1381650035990565
4 0.12213619233436945 0.34490537095880214 0.011756371551297518 0.02193839225485495
13 0.7291519957045869 0.8057314633720888 0.20365834577069997 0.2716586628002868
5 0.4627125254419132 0.5801093908872745 0.10663950361804453 0.1394279280807955
1 0.4406637850528517 0.5224541413705721 0.06026911465389251 0.06834102572804249
0 0.4288454585040286 0.6634893457963693 0.20958079715018094 0.26395679170782266
15 0.6551036640673811 0.8079442051250687 0.4731253980092635 0.3841115897498625
3 0.5843584741078608 0.6980259018181059 0.1477624706013579 0.11660696487333079
14 0.1094923501817141 0.46703270982438194 0.18884557326946277 0.3303388083045623
6 0.925634170060275 0.92341687525713 0.08944535956551007 0.15316624948574004
8 0.21047939733189508 0.23251784509709778 0.31121854025277595 0.3157268542284008
20 0.5193752832438294 0.5952464838352083 0.030833920171816586 0.032166112310796774
16 0.4352603120766446 0.4204652813426012 0.33373534938874455 0.4134545742843424
9 0.5093794855278215 0.5701830915803535 0.07728619629109837 0.10533634799688277
7 0.3972070341483406 0.5504834379113698 0.008303822930778536 0.01328932780108687
12 0.8249967622129301 0.8018195958786815 0.009784435775648604 0.01136386002797091