15 0.6856187649392582 0.6689241847646483 0.41325858350638833 0.408058524494124
13 0.6479416906226839 0.8258224176846113 0.23847461404351816 0.2517414417777497
6 0.8934634933556012 0.8032153313691808 0.21307301328879752 0.24485997953688024
8 0.41386559330833306 0.17542328464337154 0.3496061866166661 0.35084656928674307
4 0.7001940725731479 0.1205748436985549 0.40038814514629595 0.2411496873971098
16 0.9531761735157633 0.6456533250040011 0.09364765296847324 0.29804591148405585
0 0.8311210895618977 0.5953879059208468 0.3377578208762045 0.46901094994245796
17 0.371274009472638 0.5884864340140273 0.22517353166842557 0.2855794528422429
14 0.7627528611687961 0.06441747177315778 0.17220577360990727 0.12883494354631556
18 0.403396985014259 0.15946701299768304 0.356793970028518 0.3189340259953661
9 0.3717478608859722 0.004746586716415865 0.0653707217719444 0.00949317343283173
12 0.31338501409078645 0.40139786859366416 0.09013556738935166 0.14362567579796964
5 0.5214312514141197 0.45587534576540667 0.1941778098964811 0.2389878727583304
20 0.6055218703586102 0.5868394655416398 0.28802484618305507 0.32090287635738685
10 0.31336659877495326 0.26927960801246864 0.25745835136685147 0.3281622318197062