18 0.23206751619601246 0.435584626513859 0.45329708975636873 0.5794247866147585
2 0.6545702652731619 0.8952761890993394 0.295889898209672 0.20944762180132132
11 0.4111380451919514 0.7189426805564059 0.0429279796419344 0.05012378920140558
10 0.5366992496954582 0.7466520494787334 0.31696146668512437 0.40163052836417185
4 0.8323714975359898 0.7063187985273313 0.28979818938722846 0.3876874097837655
13 0.02246887800848983 0.5236152312293133 0.04493775601697966 0.2513971291252934
5 0.46503140808416293 0.526570359745126 0.216542359653009 0.29020227934036125
1 0.3354371383444062 0.7294513261332981 0.23707610271317864 0.23105895259758238
0 0.6850492211609446 0.2513174177420056 0.3955265576781109 0.4474567721155386
15 0.2179093908084163 0.3046777286178789 0.4358187816168326 0.4093554572357578
3 0.3823933929678846 0.12730255340827878 0.46333821406423076 0.2371179051951647
14 0.9670130151162784 0.44731516613154804 0.041141841454411576 0.2723613412419986
6 0.009375 0.015092669302888466 0.01875 0.03018533860577693
20 0.6888355552141008 0.2703220857267832 0.38667318938722844 0.39295054813583524
16 0.08603432295127265 0.953125 0.1720686459025453 0.09375
9 0.2625188749261708 0.6168735263870053 0.21095369370616518 0.27119761135558373
7 0.7602425809708372 0.463235552798798 0.19130252775932136 0.25142893941647343