19 0.5881376688722794 0.912649825100602 0.4073490299187895 0.1747003497987959
5 0.24837694324473986 0.03891143920870398 0.06812823874123311 0.054119918439444525
18 0.5630342327242535 0.4668018271254173 0.2751325169619797 0.5306750861185189
8 0.23813886643595583 0.8267205283687037 0.32609663479143663 0.34655894326259257
13 0.5249067697397567 0.22535249505865798 0.14905447100406094 0.2771353072436113
16 0.8315303161591006 0.7133201187910194 0.18164572794389144 0.3384732862201853
6 0.2539620165005543 0.3011932336616206 0.1884941101144344 0.5134247960986114
4 0.7041736790513122 0.8919762620303243 0.2876768800110746 0.21604747593935134
0 0.37598601326135184 0.38922923784046337 0.4291982557032126 0.5874619612445375
2 0.15380343923034495 0.8594234901215742 0.23226748920265838 0.2811530197568518
7 0.15327279919712103 0.17013458130638906 0.19188232109634612 0.3242293837378706
3 0.7368278878737555 0.7594430157029632 0.2754934623661878 0.48111396859407346
10 0.4299354287467704 0.18080066615833382 0.11840764342930998 0.1264079554200001