19 0.4795166605254858 0.4982956837168259 0.3889612357510421 0.5341952763417961
5 0.09325838430868051 0.07218337770091084 0.07645470364722226 0.08391511631442888
18 0.35782872416444433 0.1325939841281911 0.3437175516711113 0.2651879682563822
15 0.8450377834349998 0.14342464026574317 0.1698787017473613 0.1554635578953588
8 0.310130227679826 0.5360630287576242 0.19168227298576407 0.24103779078607226
20 0.43718891584381936 0.1486714185587835 0.18121755167111128 0.26803628076799574
6 0.19803615007624992 0.11210608443988322 0.20080269984750015 0.22421216887976644
4 0.6418393950422568 0.1949266330372686 0.29273823955076406 0.3898532660745372
17 0.5052771138883676 0.678279788192862 0.18565047853284736 0.25348930887098076
0 0.17361345906246503 0.3913084180350722 0.293900696047778 0.3688968347608662
11 0.16166997141156197 0.8517553858986708 0.16370143692972236 0.1595817426469343
12 0.12542530651767314 0.7353856709619385 0.13931968597979177 0.1948044816532357
2 0.2775333203853815 0.7029599845209745 0.23346972948277794 0.2184483770462717
7 0.09852515292604154 0.21795610864038004 0.1295082748856251 0.1697317587805987
14 0.8301355627859373 0.4153784233777665 0.3359466449453475 0.6296043929180807
9 0.42815026301468706 0.7559509647466773 0.13063436379145835 0.14474387925937152