5 0.7079245668459538 0.45630914476019285 0.18070562021691713 0.2472874734563502
9 0.4892336541799714 0.45975512693893794 0.14607609016268785 0.1862846524473093
19 0.1314676477370637 0.47933007385163834 0.2629352954741274 0.48300651896339003
12 0.22314452498606374 0.7657389827434425 0.09903746369925477 0.14514444198043536
16 0.7340421601318996 0.3772236956700788 0.2653351502711464 0.3121731856300567
10 0.5670864642884299 0.33708211300192925 0.24141586123992678 0.199936413729953
1 0.9536006812091384 0.35392537665021906 0.018886355386194254 0.03270608418674949
15 0.3224541785768599 0.7372005372552259 0.14773858411256366 0.20932265946287174
4 0.7490682381943392 0.18241127227656856 0.4079408067888089 0.3648225445531371
3 0.203125 0.3416666666666667 0.40625 0.6833333333333333
13 0.9681949672152962 0.2309583135101569 0.06184653590796181 0.21306560694026946
11 0.4903325458669109 0.5658837865900421 0.12416472872636941 0.1762525542294348
0 0.864733103048503 0.49515610636283175 0.26709763817089816 0.3581278593122858
6 0.24471097365820388 0.6557675547000159 0.27004083098930576 0.31670387334341066
14 0.7084705092715781 0.1875080529461253 0.4283623910977644 0.3750161058922506
7 0.8487404643866258 0.4016385133595709 0.1587942587805987 0.2372553752384757
8 0.3753024435057787 0.6175106355672166 0.21516243344863373 0.2687069611320579
2 0.006039879979474544 0.824393298255521 0.012079759958949087 0.026213403488957947
17 0.505121232831586 0.7563370497677508 0.15381586729005098 0.1702246875251215
18 0.5204104104264873 0.6531009831199074 0.23232266237139498 0.2637917049699116