5 0.30724060709790674 0.8594025831980497 0.1279652454580721 0.1362174260826047
9 0.46079526816771155 0.5458166299088208 0.16342425546001177 0.20788104324691783
19 0.7563628596829807 0.5691836454449114 0.23450177212991113 0.32843729176709263
12 0.8962536334798819 0.26060940486084955 0.20035017061270252 0.2527526887943286
16 0.21358620194715572 0.823432717513562 0.07241687606301594 0.09168094356993943
10 0.4351259752850149 0.6827558071351155 0.14100712152108805 0.22236249704034966
15 0.7359220402976228 0.2613749573228536 0.29422745849442933 0.3650774835210715
20 0.03407288468782975 0.7550259896084398 0.0681457693756595 0.21421864588354633
4 0.2118005613402722 0.8525993841802286 0.06603933030538141 0.08901488680374356
3 0.6448199686170553 0.7484017371857767 0.24639599425012407 0.2943317528243668
11 0.4371663205933059 0.49542338865248825 0.09827774545807207 0.13344948977650758
0 0.10653781605137795 0.8159668161821341 0.2130756321027559 0.32360029903093473
6 0.756872784837611 0.4581842553453822 0.33791355667765793 0.4188651858346784
14 0.37779222315898303 0.8471511142046626 0.2349163603112004 0.3056977715906747
7 0.1772181383116737 0.7886135364872787 0.055101830305381405 0.08799512079623402
8 0.6276316949893318 0.43880107744681685 0.34094296182840916 0.39221889507599195
17 0.4594552640848256 0.2596934596102331 0.39671447183034875 0.46577636339710826
18 0.3687667490819161 0.35495169326658815 0.5414526291071318 0.6222005980618696