10 0.29386703718463875 0.47532361505412385 0.062196163111827296 0.0655045208996358
20 0.5635446874246351 0.8073699447804292 0.2764546261389501 0.2520377689369674
6 0.8147725294333054 0.6681473189582495 0.338785110071586 0.6423241138340582
15 0.741166242389841 0.38718895008491544 0.5162114310335685 0.7720740427540566
18 0.34976129344408635 0.4838259110439425 0.6995225868881727 0.8602785138976915
8 0.7285660738045803 0.15733212253346066 0.28479774715740264 0.3000514027158765
2 0.7642613791227217 0.23380941141527917 0.24126057878390342 0.23275444981963442
17 0.9134871053746114 0.1419715927223107 0.16701944198043533 0.17747266136218046
0 0.06939620015529177 0.5873174568746067 0.13879240031058354 0.3086984195841199
9 0.6555465317817927 0.27401163987909644 0.016990078925077867 0.03149241778060592
13 0.40328681079157497 0.3653660825907308 0.19609926820408993 0.307002954699756
3 0.3984767554028462 0.19459700265224308 0.5124214891943076 0.38919400530448617
19 0.05038161866996528 0.8093985119881217 0.10076323733993056 0.22703630935708977