18 0.26890628974053177 0.39776201426902813 0.467058591461963 0.598672540526178
2 0.694764473127794 0.8779461058243008 0.3222272079820335 0.24410778835139837
11 0.45003727176918246 0.694202851633754 0.04667659255827132 0.052786344897090484
10 0.575964854708807 0.7315588605452681 0.30853178493120836 0.39004684627624
4 0.8516418894703793 0.7141564685974475 0.2967162210592414 0.4402165387226641
13 0.04735123747094628 0.4661704400063634 0.07691470798203356 0.25317421334606005
5 0.50213050670824 0.5065460098662989 0.20725697241000382 0.2801862809250892
1 0.37441971287617504 0.6992771253978153 0.23875994355406327 0.23069535826436152
0 0.7195560757680484 0.25064970501799405 0.42019846042910414 0.47924377074048147
15 0.2427852446425224 0.2651188418204829 0.4771379411918105 0.44680738319539004
3 0.4160094351165428 0.11057861696369353 0.46639387023308565 0.21548465786120827
14 0.9884945595259798 0.46631398684484027 0.02301088094804058 0.2734015022278785
20 0.7231175853866952 0.2673648552407819 0.40627980416850207 0.42488316984933
16 0.11821189681159143 0.9056332942393326 0.19222719473518962 0.12376658847866509
9 0.30102436369448166 0.5804779120517551 0.21501490870767298 0.27822415648205895
7 0.7962698871081265 0.46633603925308437 0.2005158990890262 0.2613393138128469
12 0.021882467600680404 0.2689802968915756 0.0031795637023308565 0.0021318168894545408