10 0.7351082422926576 0.754457805547537 0.22763762499835244 0.33123681257774984
20 0.3677624241081432 0.2120337966032171 0.1674989659077429 0.27013891832631987
16 0.8995424837679457 0.3754201357312001 0.19687854869945837 0.3672817805155937
4 0.2480155710271834 0.8710549070762925 0.23471373944669321 0.2578901858474149
6 0.17220050811767484 0.16227847041318724 0.17347623051823943 0.24959659140541776
15 0.2613918729730528 0.45514885746476846 0.3518739659077429 0.2787236074930411
18 0.4013601282480585 0.2730093318715889 0.3620319902574721 0.4582540321752468
7 0.10260147971075581 0.5822123213524338 0.17002394805083537 0.22445108819920206
8 0.2766275405883742 0.7841832525036161 0.29846832223840886 0.3740939680509345
1 0.8485649959461055 0.9254664241775148 0.19217959172016955 0.12762569557915243
12 0.6636300775167099 0.12366414045570553 0.18523984496658025 0.19392860423028016
2 0.39767247200011807 0.6741237501413634 0.1560353603878558 0.348723572168124
5 0.4824895771129681 0.5248545851060772 0.15218188311602726 0.17365082056501618
17 0.1874071278443167 0.6726719928566964 0.1858125892845374 0.23767860423028017
0 0.9533030888840909 0.8667627391175173 0.07495690990138826 0.23876324040962563
9 0.48829174351047355 0.7982077613913906 0.1382830243497292 0.18549605613704614
11 0.06059658076312076 0.12158731252120451 0.12119316152624152 0.13900795837574234
13 0.5402827118538485 0.6484524793575072 0.19219895697928918 0.24838627730937807
3 0.5720803624230413 0.8298313878955441 0.3078433222384088 0.3403372242089117
19 0.44054317938314896 0.026765952076401794 0.0062772735389504675 0.002374339745764568