19 0.45806888089480785 0.5518481086214974 0.3434299751643287 0.4835942000262274
5 0.020185212118273232 0.24101824125633267 0.040370424236546465 0.06536981584599869
18 0.27052018090450625 0.1886497140497086 0.3459494551604494 0.34711396603373684
15 0.7581314933320402 0.11677991128435326 0.16186201333591957 0.10623475248823132
8 0.29745050316480204 0.6343007036581484 0.1868298045516262 0.23492057526193666
20 0.3588333818128918 0.2220263633971083 0.16635780788560614 0.25579770991358436
6 0.11656626241783563 0.23924768499433982 0.19164485030926076 0.237440951169917
4 0.5662950665104199 0.22146457001490696 0.2799098669791601 0.35959968913046403
17 0.513681538920497 0.7215083713332213 0.16976985030926067 0.23540141915489793
0 0.14006740635869902 0.5304625468788388 0.28013481271739804 0.3536410508468953
11 0.2030954989127382 0.9533868373013897 0.15988492515463043 0.09322632539722046
12 0.14894987497575415 0.8781678307098184 0.1360964809142046 0.19290446865725172
2 0.29317797815995283 0.8067584270910111 0.23542680121764628 0.21666569605817093
7 0.048142921132087554 0.3815775392788613 0.09628584226417511 0.15617667426664425
14 0.8190536625676168 0.3665537662411455 0.3618926748647663 0.6075306327004035
10 0.17117362727096394 0.07881625612015243 0.1760520590935541 0.10962921354550549
9 0.45046431967522194 0.8172326866750168 0.12627519970043757 0.13398841189105562