18 0.5725215320257716 0.24414017701618576 0.3731680640515431 0.4882803540323715
2 0.16951690006363343 0.6173610816736802 0.29084536537236183 0.3967196283051699
11 0.3674533187062255 0.37159054314254747 0.04642156134627218 0.12919312982345968
10 0.35098452872372465 0.5443021865782872 0.229507876034362 0.34804898245063215
4 0.3309009374204051 0.8401487514900171 0.18999084269572597 0.2941468590396037
5 0.4926902233847704 0.4824734573621434 0.17710903469127146 0.249814846214741
1 0.37863571936663487 0.3095865727859055 0.11186584269572589 0.2905092788842133
0 0.6412657254137236 0.7600461824715634 0.28492262937617985 0.4339286218927387
15 0.6576959633593169 0.24396821065317703 0.3497669267186339 0.48793642130635406
3 0.852344297342454 0.43430870963957807 0.29531140531509187 0.6034061379238167
19 0.8907180960375438 0.8274998410378731 0.21856380792491245 0.2728307276413086
8 0.03461299936345316 0.29434192546962323 0.06771694804263441 0.42173281572742016
20 0.6372594780792237 0.7487697281459996 0.23043512404517977 0.45429898245063216
16 0.1405346406747269 0.07905753926200496 0.2716942813494538 0.1581150785240099
9 0.4592493726925443 0.2328868227576329 0.17703630935708983 0.24148151288140784
7 0.48085548408654155 0.8279562642583344 0.15826812802354445 0.23852516031078086