1 0.34028195150370333 0.7919607915612166 0.05865959765100213 0.11390984780774763
2 0.27217652837152995 0.1022033427057511 0.23880173871722893 0.14590195423064595
8 0.656032635127225 0.9367467140871475 0.25033027210332365 0.12650657182570507
4 0.48433216521461464 0.6001372417946252 0.4866508346523714 0.7063872417946252
0 0.8913296936526516 0.4094753680671183 0.21734061269469684 0.5927512599930934
14 0.27377143527287434 0.35404409401539827 0.5475428705457487 0.7080881880307965
7 0.06868546700961656 0.18006852825985745 0.13400659012915472 0.20597038985304822
18 0.4572792348897982 0.8051684331396999 0.4884620725781774 0.3896631337206003
9 0.4353624339527261 0.9865697264946474 0.1510456744523216 0.026860547010705223
11 0.262835249933493 0.6394350664445123 0.12205215940862688 0.23019412737725234
5 0.9386893931112908 0.9344297237327489 0.12262121377741834 0.11212335704357367
20 0.9922690341775177 0.947491970492779 0.015461931644964722 0.04171805514177199