5 0.7300515066702623 0.45437070232798277 0.18400758706427284 0.2468476094110116
9 0.5109772800760106 0.44826794797830527 0.1603310696514182 0.19880415823463504
19 0.1565011420163698 0.44957056458742983 0.29547843283497266 0.5091922041584737
12 0.24563664235505406 0.7417562193566702 0.10869332654882316 0.15208579364101288
16 0.7552285690855912 0.37652912224407026 0.2906537347348522 0.34685006971869103
10 0.588627567276569 0.3285216727335603 0.25827060266810503 0.2356751563014451
1 0.9759095612836752 0.36364507825342174 0.01997830732694652 0.03314438672260837
15 0.34510437584671066 0.7181111568360923 0.1694537641334942 0.23292681936905524
4 0.7700269742194025 0.17931776638076558 0.40824402645796615 0.35863553276153115
3 0.2199694205105008 0.32916666666666666 0.4399388410210016 0.6583333333333333
13 0.976460680687266 0.2413909548781321 0.04707863862546802 0.2181831601678251
11 0.5127688314100631 0.5537130796519647 0.13492163387576941 0.18586164260449062
0 0.87463590909054 0.5010052135261376 0.25072818181891987 0.3665783441305027
6 0.2664603974434367 0.6329803703931923 0.283748637493814 0.32955194081115496
14 0.7284978934867079 0.20150134231549324 0.4645626255080263 0.4030026846309865
7 0.8708878686106214 0.4056299363482026 0.17972952283992144 0.25679067939702616
8 0.3977546630472689 0.6008907305548251 0.24888231456303558 0.3135788984863728
17 0.5281558932595651 0.7456320851842112 0.1677341338757694 0.18917681936905523
18 0.5429343662357723 0.6426960317949361 0.23754202283992143 0.2626317051250687