18 0.7899073825135574 0.3588825073123435 0.4201852349728853 0.5332464117382535
16 0.6187697433607007 0.6087557351824323 0.1901260720123153 0.26432738223170504
3 0.9299283945156098 0.3574363010567314 0.14014321096878035 0.30697215758281093
0 0.4850396379745064 0.5629655188120952 0.3109385417616942 0.39200541334885064
13 0.5608243913923519 0.2140918721493079 0.3403987827847038 0.3431532392089256
8 0.7021180536655509 0.5616039992270291 0.190135162371395 0.2664107155650384
5 0.6573277284317818 0.49738226043691675 0.11766019867214013 0.12108790909678682
15 0.261212294295777 0.8072267333462644 0.1461306323171656 0.20331567394668232
17 0.36931971008501746 0.7075876402203981 0.22310219847574836 0.3053986634454721
10 0.3468260447867564 0.38445848324964305 0.36598056576579935 0.479207548705129
2 0.2874066347530525 0.7257427705193139 0.14201582493918147 0.3340554909161443
4 0.14014529449216875 0.6212153688957855 0.2769453368430382 0.4757640711249043
19 0.1976037913689108 0.7253392624339996 0.28475783684303824 0.47661437617580116
6 0.49160727966144585 0.4574807933579024 0.28168737899751584 0.4887742541554425
12 0.26927373740877225 0.5072054327406741 0.001571590359079611 0.0022533943435127193
7 0.04871683947531684 0.7851401026285354 0.09148858411256368 0.20778020525707083
20 0.6159164123713949 0.31275234083891956 0.004714771077238921 0.0067601830305380394
9 0.8153215147325271 0.37714345297012386 0.12707156010845858 0.1304416084911966
1 0.6090896954506863 0.35886206629311235 0.10859427088084708 0.19090087636904396