15 0.6735368046178121 0.6709398299418832 0.3708255655388196 0.3007528586995074
13 0.664141007980694 0.8510996813601253 0.20218336189159736 0.21612263413748187
6 0.9066201019205202 0.7915139619971931 0.16486650626826388 0.3158196221681614
8 0.3257234325613193 0.22964075435439912 0.27598584422416683 0.32709684282769846
4 0.5977640463527777 0.0879815369427112 0.3607219072944446 0.16944225630564327
16 0.9505370221327428 0.5584897008725669 0.08445165444465275 0.27353481108408073
0 0.8249376100886454 0.5470973356646879 0.33819620991548655 0.40048620816650526
17 0.3552225625015968 0.6882649791782801 0.18514133225631965 0.2243226422043141
14 0.6538328616072568 0.05403681393914643 0.1579592767854862 0.09912871454394903
18 0.3099899829981596 0.1909718226606178 0.29549956363895846 0.37099228857297245
9 0.26037314912631937 0.0791135135277813 0.052871733282500076 0.07539997579950318
12 0.2705592346136802 0.5250862323670021 0.06777068787965286 0.12342572677512524
5 0.4817331239563538 0.5131808303346667 0.1707151563445141 0.20338022456202534
19 0.9809641788585065 0.9191911987903948 0.007741071238402952 0.08546514858175792
20 0.5830942957840969 0.6150224486003396 0.2641391544446529 0.2749286661429553
10 0.25015777526687477 0.3957438187581295 0.21882665444465293 0.27457717225854344