19 0.818848507443598 0.6013437566628074 0.3623029851128038 0.516571228643761
18 0.48287473593686414 0.5565454528892483 0.4327911910658786 0.32886707838416523
15 0.13978174565677381 0.2269972893461554 0.27839909759985393 0.4206612453589775
8 0.9874443999166921 0.3963413264698948 0.025111200166615787 0.05335632831876846
13 0.16590340570540577 0.505758786838873 0.20731169396136276 0.17240315967243447
16 0.06948216997342942 0.4926557300958131 0.11363877667402048 0.26031146019162615
6 0.5656315779551468 0.535830225828333 0.14132282092583354 0.1594405030348978
4 0.38810589143738217 0.5237416576927673 0.6192467295267233 0.529588241399643
0 0.8721640601724665 0.8479539875943813 0.255671879655067 0.2650174334472799
14 0.59375 0.27196317128441 0.8125 0.5293778284495619
3 0.08993375702931333 0.36341729770376363 0.16211050992479745 0.21850126207419387
10 0.27522490177646436 0.5308051273859081 0.01962329528527027 0.02572742570596276