9 0.10098857196379996 0.9802219138022413 0.124456344499482 0.031081767133453533
5 0.6749463802742396 0.3700413823466609 0.17475605913900907 0.21926053691915018
17 0.5989404600914132 0.12914899299805557 0.2646190798171736 0.2435589849352706
7 0.370890157157657 0.8357393298058472 0.19133143713693723 0.32852134038830555
12 0.4416607295312326 0.7603854125291477 0.16003858767505647 0.20029236091660466
4 0.21793213110280912 0.7631424071186057 0.3399573358130296 0.4737151857627886
18 0.1828916209686147 0.74375 0.3657832419372294 0.5125
13 0.5277266621200558 0.7356649227667833 0.15684512117350238 0.2876953938043625
10 0.7040795703066609 0.1849762214618729 0.2580095148871962 0.32258020093357376
11 0.4269326036002191 0.6225823903033902 0.19729033870851378 0.32788477158921053
16 0.3862906027716496 0.2196505947379361 0.5055437944567007 0.4346952516443595
15 0.8022580510762385 0.2834269370358114 0.25456779941909957 0.5369938418204828