19 0.4267849073037976 0.855682051109616 0.42855280989648126 0.2497667948125122
18 0.5173769703578247 0.4231897361693626 0.3302491768147215 0.5767763802191913
8 0.15400612040509296 0.7286694753510562 0.3080122408101859 0.46349438263122095
13 0.5419647416586577 0.1788392303650778 0.18347404721981436 0.3072975350514986
16 0.7164420210644918 0.7079041338784756 0.25327799076370316 0.39927403286525825
6 0.25689667455213 0.2467333725315229 0.27370665089574003 0.4934667450630458
4 0.5457399588589364 0.8442591527231346 0.316462913006759 0.24815562792005608
0 0.3555009784163431 0.32976423827853557 0.505150723468888 0.6595284765570711
2 0.07158459966990785 0.7581961352332127 0.1431691993398157 0.3336077295335746
7 0.19081163623930575 0.1249041052315631 0.2308767275213885 0.2498082104631262
3 0.6109049205461122 0.71631564450682 0.33741783638111045 0.4963998432072418
10 0.46097787327981504 0.12124803030450641 0.12749886635259244 0.14163123171981484