9 0.8031571230323639 0.28711418289322893 0.12051958565349699 0.2150455303020318
5 0.3165801206865753 0.3975161141747859 0.14322511213660052 0.17187736579963903
17 0.43725787948865164 0.7197260346283827 0.1896737772394083 0.25410921320185104
1 0.763165907561239 0.26849673159488424 0.12648536238870206 0.26928492640589935
2 0.154381133423924 0.17629858549650881 0.2729668784802454 0.3247138138504744
8 0.9814540447559473 0.8420832391687445 0.03709191048810538 0.284751557358751
7 0.6283099423422158 0.3454686049727772 0.18033162822814397 0.2247607229421823
12 0.5488084766189896 0.22813446319855593 0.1729783141140718 0.11430769155691518
4 0.7123403709386769 0.5045239604915659 0.3177330752619367 0.3153517240232209
18 0.8133899646763828 0.7269157045381649 0.37322007064723445 0.5236745129834466
19 0.5248939093259499 0.9405493641758843 0.25510239926336575 0.11890127164823146
13 0.435860726366888 0.127708630948458 0.221721452733776 0.24028953895912739
20 0.3864926910048335 0.851822054923119 0.20759325075630466 0.2963558901537619
10 0.3544457434668376 0.5690221948022277 0.1812821230323638 0.2726410248902486
3 0.8825336305739324 0.4485437894941545 0.23493273885213525 0.46612592748693776
11 0.5260040331914929 0.5074700432854784 0.15221733590559855 0.3135803971849061
16 0.5961683397639963 0.7889693241291279 0.2913233945717888 0.3771607943698122
15 0.19078244519220747 0.40915390530148255 0.2878484693295225 0.4894426060582095