1 0.3747907718400471 0.7876996404499356 0.06626247091226496 0.11480351473554909
2 0.27130078621473686 0.10301353083447438 0.24461061151914842 0.15082010680003313
8 0.6983714062380129 0.9277559008969459 0.25851361485312835 0.14448819820610811
4 0.50766756047068 0.590212189671148 0.4998070051701477 0.6782385964627576
0 0.8890943219704317 0.3792231500822439 0.2218113560591366 0.5941457751382214
14 0.28159991273679474 0.34762334107465037 0.5626896424430513 0.6869133488159673
7 0.07469659530829091 0.18891339509095811 0.13893443849054993 0.2069934568485829
18 0.49551773108338243 0.811413745667123 0.490783465162389 0.37717250866575397
9 0.480131460330597 0.983781711709075 0.15280600666795968 0.03243657658184986
11 0.28930006880562964 0.6388959854839205 0.1258923045516262 0.22311455423577745
5 0.9582658663751861 0.9047878818495786 0.08346826724962782 0.10484950470641934