10 0.33805401912144795 0.48626729418051096 0.06590440468807693 0.07471464571231247
20 0.6262699221114818 0.8550215250881834 0.29320498920265836 0.2899569498236332
6 0.8459807333425623 0.7136189037750831 0.3080385333148755 0.572762192449834
15 0.7643326102713178 0.4671921940949485 0.4713347794573643 0.7814842746040997
18 0.3941736111941685 0.5032536255835215 0.6834013016611312 0.8649775175034844
8 0.7574992242432635 0.23502038240494094 0.29793206199704764 0.3321462718482136
2 0.7971415175802885 0.31433547035618725 0.2422642504614254 0.24352752246888917
17 0.9295966648671097 0.24404730575643516 0.14080667026578056 0.194440717947793
0 0.10407833975636874 0.5610531240689867 0.16950667334809952 0.3179395814713065
9 0.6908309608250283 0.33889020650244833 0.017126943244739935 0.032220328094744725
13 0.4418415507382806 0.39301107443898703 0.18931852559985285 0.30878434132780797
3 0.43007513109080886 0.22922682574863418 0.5320252621816177 0.4380767615076283
19 0.1028231276947228 0.7780337113312613 0.14316541640826924 0.25606742266252264