18 0.32030696430772126 0.38847976782860616 0.19308991701630243 0.22099854666006824
2 0.28557030848957365 0.8764710907593847 0.3191788203356503 0.2215090260807481
11 0.23990261097908458 0.8858873940910683 0.1340934253146721 0.19612544700700052
10 0.36870488504900123 0.6870190871413401 0.2646348755244537 0.32975089401400104
4 0.49138444583688196 0.7054223820309197 0.38393209503026693 0.5393678456192716
13 0.31261286347788425 0.3869423488628045 0.19095873195336796 0.18349854666006823
5 0.41024395745924397 0.49009835444129984 0.060133861827499094 0.09965473390605505
0 0.5774118371328825 0.20493836650144853 0.413926325734235 0.40987673300289706
15 0.3422080429417413 0.20849422961064196 0.22822377884380157 0.31890635459002203
3 0.6057871360979085 0.0747934833415813 0.3259257278041831 0.1495869666831626
14 0.7178187365035381 0.5412330378434526 0.5430506763635794 0.8472201537750147
6 0.44176052489510925 0.04885214081170803 0.11647895020978147 0.09770428162341606
19 0.8379134744801908 0.03760187547219895 0.32417305103961847 0.0752037509443979
20 0.7549798074638885 0.2159645100280431 0.23790550954776962 0.2428056671182457
16 0.23429307363642066 0.7929016742056127 0.04270956348717307 0.09428705563081886
9 0.3665531570443255 0.4921138082328105 0.0985111228251613 0.19986424091635488
7 0.4771480375431566 0.43562185662754005 0.20985228714217125 0.296872009648119
12 0.44777280393940344 0.10358985903956978 0.016667281743586494 0.04681597919489035