12 0.28096104439163383 0.3461163596459766 0.10097234937994451 0.13217669302888466
0 0.4559591991608743 0.47368430823965146 0.37169035892771407 0.3732667655249841
5 0.1253268123380195 0.8305426198737298 0.250653624676039 0.31341251386495184
13 0.897085719706306 0.12572174494554098 0.19943500539858477 0.24760183006284345
6 0.676518307664381 0.6081230216496804 0.43064207428434254 0.5883134453727598
19 0.7749604207412799 0.27891736228219843 0.4481847717948316 0.5578347245643969
18 0.5038433599533994 0.24781596502048645 0.46255031203728053 0.2452814598719796
7 0.4388480898321749 0.09057728456323005 0.20667882033565027 0.1811545691264601
15 0.1420672555990774 0.5408089578204512 0.2841345111981548 0.5558820843590975
17 0.8832885259207945 0.6425811849962825 0.17493375809787715 0.36465404349765956
8 0.6051374472867744 0.8363063714594 0.402063097930052 0.27730255340827886
1 0.5731046906620119 0.08614358955717906 0.07230382033565022 0.17228717911435812
3 0.19453125 0.31979166666666664 0.3890625 0.6395833333333333