14 0.3057000332756831 0.6260416666666667 0.6114000665513663 0.7479166666666667
13 0.5686110402095702 0.9288105015584608 0.2553238251355733 0.14237899688307845
1 0.7804348502198328 0.7300367534379044 0.20157263212077403 0.3619680879495879
5 0.7967325367917246 0.5759912915589659 0.22941583098930565 0.29760292323416554
0 0.6700756297830829 0.2385390789662611 0.3159987464839585 0.4461862162333376
7 0.4744454880961433 0.13076795888027173 0.2542340238077134 0.2561301842278641
16 0.7317519105246831 0.7859110185959468 0.2674612525340828 0.4228938147247135
15 0.4588704850710812 0.11918842075921014 0.15565107806243947 0.22203326073184287
10 0.4980273920797229 0.4559618865406369 0.38627488504764007 0.43839830444478134
3 0.278125 0.3615324452215626 0.55625 0.7230648904431252
12 0.48376542506081843 0.3225134086589617 0.17764425273047452 0.24928628076799578
18 0.6121933894474443 0.7879067305466857 0.4862385236113216 0.4241865389066286