12 0.6414703635222387 0.5306575371407217 0.0832905348257091 0.10033977818581512
9 0.275982645861557 0.01420112585360934 0.15509029172311406 0.02840225170721868
11 0.9689900966752111 0.5459226617702192 0.062019806649577805 0.17134317252932785
0 0.5131129901619189 0.4588457512884055 0.29510221732199754 0.30386777051931385
10 0.11405917797373263 0.01851620909032131 0.18124335594746527 0.03703241818064262
5 0.7150561912027158 0.127214059560497 0.19264560266810485 0.23048386586783356
13 0.16585396709485486 0.8261698141347527 0.2107338613745322 0.2552712036464733
6 0.3471327860689045 0.3879904296803944 0.33873710990419426 0.503612507086773
19 0.257280149252459 0.6969610620087207 0.39564885119776694 0.4869880977967435
18 0.5038718662357723 0.6429230585619556 0.3637703301668678 0.3092671216338733
7 0.5448797258012822 0.8079317163380093 0.17035452283992142 0.25709961738180953
15 0.7712253833099425 0.35857056258844894 0.26817894843880496 0.48970976162870095
17 0.15161889020734748 0.38416302544772724 0.2183692989592033 0.33078138667701157
14 0.6635612109904194 0.013362244733230937 0.19077548620519008 0.026724489466461873
16 0.9339323439616777 0.3887371542969607 0.13213531207664458 0.24515240162352844
8 0.3847988031430748 0.1583125484795585 0.34772260628614954 0.316625096959117
1 0.4331167101974499 0.8389261090709247 0.062057343961677704 0.1934521353562784
3 0.8058106659879449 0.5098887932932469 0.38837866802411003 0.5666223462827673