12 0.3100433865221157 0.42376658583694937 0.11430114357108563 0.14661377567799766
0 0.5130275991794517 0.526719663630087 0.38909134648015953 0.4025132933970015
5 0.26445300229830704 0.8748082083474696 0.28163219875988893 0.2503835833050606
13 0.8694380068484773 0.14852859405039712 0.22637601369695445 0.22663363629243632
6 0.7634904630815433 0.628766665318013 0.4606614610069508 0.6198611876484317
19 0.76875 0.3076687887290414 0.4625 0.5652844745199112
18 0.5054724404615192 0.29780762757429774 0.49358866971559473 0.34919982067810695
7 0.3986402547738848 0.1318023190467264 0.2191555095477696 0.23668654494356395
15 0.20384369855939627 0.6390707973340892 0.36932606598597284 0.6031415946681785
17 0.9316196207505687 0.6334756942304988 0.1367607584988626 0.39283733018366296
8 0.7507214664055356 0.8491584443980262 0.4231577705454317 0.30168311120394764
1 0.5320088618274991 0.12035062358066456 0.0796427236549981 0.1948677372034102
3 0.2205781448204855 0.3988227869280249 0.4368939195151021 0.7226455738560499