14 0.9786061827542902 0.7605108977807679 0.042787634491419625 0.12289894919324075
4 0.5862550247644073 0.6783388240597261 0.09062997840045348 0.1851717247095152
6 0.10432543456838861 0.3805638971804666 0.20232147966639796 0.5194611276942667
0 0.24919399046617116 0.4333170548763829 0.3155803930985763 0.3776498432072419
19 0.7229935558977825 0.4462758208932605 0.554012888204435 0.659702436301589
16 0.7672421299365505 0.7107411126163744 0.3138690709587248 0.25275902608074813
18 0.9415972891923776 0.7281233363456643 0.059776793283910834 0.0790397663197344
20 0.567075949629331 0.6010961457844898 0.0017261911069926584 0.006359182873506342
10 0.08862107821511914 0.46576662746847713 0.09170140507947591 0.16653090758302144
3 0.9854117434613962 0.9009545183160126 0.029176513077207745 0.19809096336797485
2 0.4867931941870355 0.42392577641943247 0.5704613883740709 0.8196823714742302