13 0.26600725045904194 0.17728099125503907 0.349361497584104 0.3189801025166766
15 0.5062806615288468 0.5187174430860991 0.5941305742656414 0.8609123066468716
18 0.18547343820068585 0.678849415799336 0.3219693054697101 0.5576988315986721
2 0.7444494386597278 0.8469634750481994 0.38953995849442935 0.3060730499036012
16 0.4371473795661737 0.7466757907428888 0.35025380213573026 0.5066484185142225
17 0.13271626046098162 0.2364228983864815 0.25854505000969835 0.360345796772963
9 0.2505896734876404 0.11604545303707489 0.1922508860649556 0.16694106286690796
4 0.8145884006088231 0.6194802841841679 0.3708231987823537 0.7610394316316641
6 0.6139661315230278 0.32087452434608693 0.41855726304605556 0.585192320215892
12 0.37544421820650486 0.8830795326394688 0.19655549091614422 0.2338409347210624
3 0.8748883007586044 0.48597863485328857 0.2502233984827914 0.7219634750481994
11 0.9156231948686457 0.7755073767498687 0.1309946506088231 0.10665129654717352