0 0.6989122383164932 0.22635915566840395 0.2853244766329864 0.3489935402872674
11 0.5594555737069448 0.5929463287585742 0.06377547853284735 0.257619205945528
8 0.93281576605191 0.3105656035425353 0.13365287385944455 0.32861249704034967
6 0.6806577732701045 0.5657677690327281 0.2615973423243057 0.4195793132224838
5 0.386792791603125 0.1296603315501569 0.16722648043270844 0.1965464901126429
20 0.11536138801149343 0.6212189508337818 0.21508471181534744 0.3466045683342301
3 0.9295063152544791 0.12098227020920196 0.09026263050895836 0.07705380891829187
2 0.1589438145888891 0.3476100574384667 0.22416877108590297 0.33081198681685725
19 0.3612038309251394 0.8278260145276843 0.4000052256830558 0.34434797094463127
16 0.49466572188333363 0.5453067469050661 0.2645041367772224 0.40737067493891504
4 0.8582515239356946 0.2838540961106254 0.25207687195958356 0.4103718947398564
1 0.5438597559839236 0.10166576489660391 0.1783445119678472 0.11854527031170141
9 0.792538871009653 0.4961212979200292 0.12856402393569438 0.2158211353239184
17 0.5124655920399654 0.1798564668740753 0.1805629350298613 0.24562860364503472
18 0.39866419728204894 0.6309933599332549 0.4017521764804865 0.5844825620787939
7 0.09907915852871553 0.40338683730138986 0.18863000816812517 0.2609403412694463
12 0.8994428344405211 0.4988087700411343 0.1859764804327085 0.1982946604112307