0 0.3964224266303997 0.7793998718541544 0.3521153956185733 0.4073535655047273
14 0.17799696786754637 0.3072902276501912 0.35599393573509275 0.4979195446996176
3 0.7743739303913234 0.7966730250288679 0.3361434031404208 0.3188709196431702
17 0.6316267700582597 0.18884131237950147 0.14453491316955064 0.18899312528223688
13 0.6070490042231421 0.4214560982983307 0.23091033386094856 0.2865556671182457
5 0.6234756377675215 0.31214011910344036 0.15703491316955046 0.18986658827028763
9 0.4860090785171792 0.46319651289165187 0.17370558762187222 0.23887508367201762
8 0.3747389579049235 0.5219355721405152 0.36062188057487854 0.5826811141252464
16 0.3916981035234969 0.15579854138442978 0.2353537929530063 0.31159708276885956
2 0.6049419687919831 0.8397147753675521 0.17021687476889086 0.2219900512583384
7 0.5742244808661771 0.567280572894951 0.21234219028743925 0.29357880596950303
12 0.7121289608079173 0.32466669531357917 0.14904055674305994 0.1809873405694225
6 0.28047945869634633 0.1364849095434722 0.21716608260730733 0.2729698190869444
15 0.5183180909870846 0.0037417842612353 0.1196138180258309 0.0074835685224706
19 0.8634832091585647 0.5023446660663654 0.2586669239901034 0.48611007688750735
4 0.7900039082214927 0.3306658849715957 0.3438482545523465 0.38597431780386227
11 0.28338653219896065 0.561601512137216 0.05324467194503919 0.08068636815904237
18 0.1304052508579298 0.6624306814417019 0.2608105017158596 0.4918053037832628