8 0.49982221715379593 0.23541666666666666 0.1985904907637032 0.38333333333333336
14 0.14225018228134162 0.6677083333333333 0.21212672752138856 0.25625
12 0.8178175273331011 0.5572916666666666 0.15665868605101813 0.17291666666666666
15 0.8923279192036804 0.528125 0.21534416159263933 0.5
4 0.5825238677667121 0.6385416666666667 0.28800430527833265 0.4125
9 0.290304139350369 0.9833333333333333 0.11312471658814811 0.03333333333333333
13 0.1262232240345358 0.8520833333333333 0.14581822233759226 0.24583333333333332
5 0.5178277977854623 0.4979166666666667 0.15007649538185158 0.19166666666666668
0 0.7500524118289804 0.7270833333333333 0.2776150264846292 0.25416666666666665
16 0.3913917283698603 0.559375 0.27157963996249956 0.28125
11 0.7889934409519906 0.08229166666666667 0.23736188190398125 0.16458333333333333
17 0.12476272002851803 0.3416666666666667 0.1407014953818516 0.19166666666666668
18 0.20989099278995343 0.18645833333333334 0.3548992793593514 0.36041666666666666
20 0.4940117145618978 0.23020833333333332 0.27157963996249956 0.28125
7 0.7195981834591201 0.16770833333333332 0.14003711404351815 0.22916666666666666
10 0.8450996546189338 0.9135416666666667 0.19931507775694407 0.15625
3 0.11924474335560131 0.3885416666666667 0.21634391875620307 0.4395833333333333