9 0.8776393993480817 0.44590420871797937 0.23018988068039511 0.29115309070713236
0 0.6594080020285948 0.10581607003197413 0.28444100405718975 0.21163214006394826
10 0.9357795872559425 0.3148910466009297 0.128440825488115 0.3248174226625226
2 0.6885065357105196 0.6911725776166733 0.4198444902574721 0.4673803611774029
5 0.4945405271891031 0.4478022470392261 0.17830800649282175 0.14429804080394912
6 0.8030040434244526 0.15023955555755963 0.3466330868489053 0.30047911111511927
18 0.6752005974022122 0.058892553627236895 0.3129011948044244 0.11778510725447379
20 0.1985378749950571 0.9509530956725373 0.12598184740221222 0.08276262475795827
15 0.4426859265404799 0.30924063027574267 0.3155115462638266 0.48796249627594634
17 0.9240062901780419 0.07610136256135829 0.10738758035608384 0.15220272512271657
14 0.37413039001259074 0.6867178389877097 0.5935468173671449 0.6176373035529286
16 0.3170194991859258 0.44527380424791246 0.20149213636243815 0.2456565001365919
8 0.7475467504037419 0.3632844154996236 0.3791103961016706 0.4565241747977332
3 0.4154455422066367 0.21772253928941426 0.3621410844132734 0.4354450785788285
4 0.11541172929712815 0.9321375012413512 0.14223413879807006 0.13164961951936954