14 0.5155482528286705 0.1654520310889787 0.3529715056573408 0.325643774390552
13 0.11560331586399519 0.3540097949504161 0.22975217427525157 0.37468625656749893
1 0.10924124901804137 0.8654014656504988 0.21171927088084713 0.1808029313009977
0 0.561639541172519 0.8785135498285265 0.3791976623713948 0.24297290034294694
7 0.819283869529546 0.8410566660120277 0.3357840056573408 0.31788666797594467
16 0.15394469495970695 0.7261696262015775 0.3036532825883121 0.48150591906982165
15 0.8118329003693423 0.6333738618164287 0.3763341992613153 0.4362664891963567
10 0.487342481358648 0.5048050753256283 0.35242712587425795 0.5589649872451126
3 0.8360056776930971 0.314817789476794 0.3279886446138057 0.5567119672089597
12 0.572767417832344 0.7460845811793608 0.34062604176169414 0.36096347722703614
18 0.20224882211051112 0.1588552084283609 0.3669976442210222 0.317419525366174