0 0.8450940603818635 0.31978181161509195 0.2971490975998538 0.4323792698168062
14 0.8148199396226457 0.8072715379140395 0.16352315260503394 0.1311267155873715
3 0.5395461894132488 0.13087764931599297 0.48965762117350237 0.26175529863198593
17 0.14220007692619868 0.8584668914470143 0.27926377667402047 0.277241880358973
13 0.31430417101139596 0.6155178214796221 0.25910113399378404 0.36917177512553606
5 0.1995460041383384 0.7335079862512238 0.18493157981717362 0.25329479275855865
9 0.5120845454946672 0.6635279234876265 0.15121155128112634 0.26937530508285096
8 0.7492399431373025 0.632644860629913 0.31201642638357024 0.5457286522590769
16 0.4374718815170938 0.9259158848079168 0.1979323858558109 0.09016754361197504
2 0.4615988178254615 0.1906205584901458 0.302414486351149 0.3600693048946186
7 0.47394034429459425 0.4618384602722713 0.20960624813797318 0.29053156465866226
12 0.049095586746297645 0.701396386044168 0.09819117349259529 0.24415317178716406
10 0.8335166672873424 0.06363704607173716 0.23609166542531534 0.12727409214347432
19 0.026014536393930136 0.20302420705320895 0.05202907278786027 0.17311825256024876
4 0.10693274255640191 0.49751349487950247 0.21386548511280382 0.39247301024099507
11 0.690763971259065 0.4553888184424219 0.22298385152879519 0.4058429400853704
18 0.9425532954946674 0.6300986573668339 0.0773417117440431 0.34051296132029024