14 0.9842703652386937 0.7599915784543804 0.031459269522612486 0.11406368289981945
4 0.595534919213307 0.6578647830035297 0.08563113342392406 0.17469853787808892
6 0.1067080939513702 0.33853112229355914 0.20358272997318427 0.4895622445871183
0 0.2635643813302371 0.39836304707570386 0.3046539210548924 0.33377444155581676
19 0.7346917102753446 0.4347270216383455 0.5306165794493107 0.5854261298652226
16 0.7771344804773873 0.6985050589759151 0.31114458565349706 0.219482025971287
18 0.9517192172358356 0.7244165427405654 0.054949579953513704 0.06578336904714822
20 0.5789922753978228 0.5804905319213928 0.0018902819309852604 0.0062863647186006235
10 0.10175815001967048 0.4226879339819565 0.08933528763096837 0.1560576320338903
3 0.9876738706865753 0.9014980508615356 0.024652258626849388 0.19700389827692888
2 0.503424556824605 0.3893798804068403 0.5505991136492099 0.7681412629823483