0 0.4173312863330567 0.8460366071088882 0.33152056795499957 0.30792678578222354
14 0.14489354349662054 0.43503721700935893 0.28978708699324107 0.41590776735205115
3 0.7997432451455104 0.8466840619107263 0.3088444855799068 0.3066318761785475
17 0.5752263009894911 0.2538071764515243 0.12831907257314795 0.15690507855772248
13 0.5795837359092136 0.4868781871792199 0.2116387119699997 0.2433557881351715
5 0.5820730403390746 0.37706614460457294 0.14367067049962934 0.1541952204732123
9 0.46413510169615807 0.545284846245909 0.1547639953818516 0.20492362476429046
8 0.3595166607441675 0.6183257784158821 0.286128738454629 0.5029126465558169
16 0.32547030876518546 0.21480039870791304 0.20536817106527722 0.36079466041123065
2 0.6311203842595383 0.8993705634233355 0.15380708812453675 0.19034029143095713
7 0.5650537612625471 0.636441144604573 0.19921662441111074 0.2670446604112307
12 0.6724635944861116 0.3771094606186393 0.1355847684261109 0.14930014951546736
6 0.207540514985741 0.19122865348352386 0.169293970028518 0.35536066733893745
15 0.43229509015078704 0.06021810482150862 0.12290981969842588 0.05080075941593812
19 0.8637830786518987 0.5280482771369088 0.24126600631509199 0.4345416109088769
4 0.7521900507066672 0.37196634395852946 0.3204272430727773 0.3156164056356199
11 0.2727398306781491 0.6710213595971195 0.046698634213055444 0.07268338317182241
18 0.11873300174342635 0.7979166666666667 0.2374660034868527 0.4041666666666667
20 0.28409203600375005 0.05478459705346334 0.06619092799249993 0.062077234328625865