8 0.0781356544670607 0.4586077892337323 0.1562713089341214 0.30778442153253543
14 0.6919561360652079 0.6219244749115113 0.022786836641599174 0.07177910417373473
12 0.04540131420610639 0.16961970030365797 0.09080262841221277 0.17921959298025283
15 0.049993537841672195 0.13182869389122673 0.052547111248705015 0.07524471796611655
4 0.27789375186202686 0.26161370502816333 0.5058990512811263 0.28146834312161617
6 0.556151492556402 0.1499900431990928 0.3283220148871962 0.2999800863981856
5 0.14483934925699296 0.38636571228455746 0.017371590570540586 0.050727516031078085
0 0.23828975041428477 0.18961966497874086 0.3584461625298313 0.34740085588993336
16 0.493073488008288 0.44294964405352133 0.35340340570540574 0.5156415946681786
17 0.5358430690683158 0.8039086288098608 0.3352997609582548 0.3546429151766496
18 0.22571697580717892 0.6912433444702699 0.45143395161435784 0.6133466443927934
20 0.15980518548430733 0.28607470587212624 0.31961037096861467 0.11520508504953186
10 0.33137197043049543 0.09272811446670856 0.17784251778268034 0.1788360096751922
3 0.8256975893321954 0.5668186311155682 0.3337588014860139 0.8017593142091303