8 0.11253079046680062 0.43237494047697506 0.1906242263722767 0.3102501190460499
14 0.7495997110795031 0.6533002667813611 0.02633910151720862 0.07342577272707303
12 0.0703918615191484 0.14023026028194877 0.10784393515657005 0.18142127921989476
15 0.07590853788172677 0.10254843668894649 0.06109673879011235 0.08047579653628298
4 0.31203696970431694 0.25352555249188075 0.5338320924333531 0.33488065908621584
6 0.5848847962166766 0.15660364340017283 0.335394592433353 0.31320728680034565
5 0.1859843948589473 0.36703322023958596 0.0235011439408634 0.05255607467513919
0 0.2676653453082909 0.1856219448055229 0.3915806906165818 0.3712438896110458
16 0.5387902725889532 0.4558352527102853 0.360170936074654 0.5055896222913623
17 0.6029794157809105 0.8142284053080732 0.35398509576733284 0.3535790183952301
18 0.2826035297159549 0.6672983176428967 0.5223516848667059 0.6570700313808734
20 0.19001844849248958 0.26679684956868305 0.3370851539428031 0.12850628895802896
10 0.3559946506088232 0.0928059705098456 0.1911666181871082 0.1856119410196912
3 0.8468587666698995 0.5950372970855896 0.3062824666602012 0.7782881006464263