12 0.7863995456705191 0.38229694762012656 0.20133628278470378 0.3186701996127331
11 0.48722274404807164 0.05015113895918891 0.11305451190385671 0.10030227791837781
0 0.6378928262157277 0.7653763650440607 0.4376373971478884 0.41665548717671236
5 0.2959053141154794 0.7407932169856378 0.17751698770335986 0.229714707470616
19 0.8965087812325798 0.923227252004631 0.05486930718159257 0.04506281499827338
18 0.7896144074996211 0.7195058491917031 0.39420555971567506 0.4868552351780935
7 0.9478228590004315 0.4399623851728516 0.10108175273047451 0.25412676647303317
15 0.7338194463344492 0.4397142134041882 0.05982042759490121 0.1057705800933635
14 0.10802962685621657 0.7557077033367866 0.21605925371243315 0.30525125999309355
16 0.32572618696467515 0.18783387069242483 0.40792262607064966 0.37566774138484965
3 0.48483250049097937 0.42797370664505247 0.6990849990180413 0.8559474132901049