12 0.506671289109603 0.48410097490631815 0.21724622611071515 0.2986205020019537
4 0.6069751259977757 0.41391494590787836 0.3233296261389501 0.2648945323185044
17 0.14258421523443562 0.7722251916859864 0.22819913666229374 0.2638829499613607
10 0.3484492654320797 0.4832997970604963 0.24917803654935433 0.42298028724902653
20 0.4603625204114029 0.8760806593674819 0.16976501038216937 0.2108269341440296
18 0.37025012876978597 0.24505342423341064 0.4530002575395719 0.4901068484668213
13 0.754055981372387 0.2493033470743483 0.2210082629424182 0.3133736139918054
6 0.6052654967338796 0.8588109518393774 0.2518340577372161 0.2339911792135074
11 0.6173266100009986 0.7046672799002671 0.2514238050357928 0.3316531778953968
16 0.3262836520237863 0.8363788076053834 0.232158594568919 0.24747095127947152
7 0.21119073109003836 0.6755695045886009 0.2672154050075581 0.37200051518306265
2 0.6414348840314578 0.21678882271408406 0.26094999445597933 0.40699273520843343
3 0.818721051981434 0.8691410031961279 0.3155479472421071 0.19380653100039352
15 0.20520125241907441 0.29791666666666666 0.41040250483814883 0.5958333333333333
8 0.03742148919430762 0.39056310539929723 0.04699536831702944 0.14804045586807224