12 0.74453125 0.14242652907427675 0.11875 0.14002369613776502
9 0.66875 0.9521122642733307 0.153125 0.09577547145333844
11 0.48828125 0.03144337775945047 0.0359375 0.026394232603095553
0 0.74453125 0.4778431957409434 0.278125 0.3691234813051164
2 0.4875 0.9331946861086351 0.2375 0.1336106277827298
5 0.48828125 0.5199850444261171 0.153125 0.2101073099320304
6 0.83359375 0.6917151345109339 0.3125 0.29337376176604835
19 0.9390625 0.48955690410697517 0.121875 0.46514493375542554
18 0.83359375 0.3677568011776005 0.3328125 0.49207847294750817
7 0.87265625 0.15260560473168988 0.0828125 0.07196279686800278
20 0.11875 0.665023696137765 0.171875 0.39625140230465994
15 0.42421875 0.36749967326407723 0.1234375 0.20062221923092238
17 0.91015625 0.8571854561436157 0.13125 0.2571753132750736
14 0.3265625 0.7719739437845554 0.428125 0.45605211243088917
16 0.36953125 0.14558634828835212 0.2640625 0.2727445786923108
8 0.65234375 0.8250815341775177 0.3296875 0.3498369316449645
1 0.98046875 0.19949663587430988 0.0390625 0.07859880355408938
3 0.55234375 0.2860120822548237 0.5046875 0.5487465419188347
4 0.15 0.5579027389810366 0.3 0.41163881129540647