12 0.616204417841495 0.09284244482940297 0.12696616431700997 0.09904788054720566
9 0.7426257918928341 0.9106297749843618 0.160537526144509 0.17874045003127628
11 0.347336018671332 0.07405523815265891 0.03842388257342346 0.046540828024603374
0 0.6937337315291607 0.38553953242981753 0.2917660605873881 0.3711132207078689
10 0.8445076006061225 0.9496756830761781 0.11927206348717298 0.10052451213605997
2 0.561244814713351 0.9348574452999842 0.24552783278320495 0.13028510940003174
5 0.4610727516503852 0.5442901993788329 0.16629061867597628 0.2161793612073507
6 0.8203060416923413 0.5470771392759708 0.3215001821631495 0.319494701368014
19 0.9059628896223935 0.29634812515072967 0.18182422075521315 0.46213403488957994
18 0.7673031313240236 0.26465483059122236 0.38101873735195274 0.43612027323047126
20 0.14541982778560553 0.8272849192269154 0.17950285892771406 0.3454301615461693
15 0.3647673593286994 0.43009240652615804 0.13781042116548736 0.20774523492722635
17 0.9170966860886196 0.6665439356364268 0.11300059793005204 0.2638944419804353
14 0.3689048719767467 0.8163417963604561 0.4389729473099965 0.36731640727908776
16 0.2555135263450018 0.21235519615340034 0.28624976639624683 0.35616586632784825
8 0.6858215300699794 0.7594875920620986 0.34718726639624686 0.3608981399347845
3 0.4613957508251926 0.29007313623877073 0.5178334983496148 0.5442295292043849
4 0.15557763101167368 0.7447187787274336 0.31115526202334737 0.42400484167926344