14 0.6980499323839353 0.5810129426621562 0.5019907630251694 0.6461287911352492
13 0.4822773449137667 0.22501906568105637 0.19808655128112634 0.2789107155650383
11 0.41474716501553993 0.9234673879011235 0.12565927956950454 0.12159809212732521
1 0.3020589979330854 0.28800880769236337 0.09259853060296183 0.24459996121635316
5 0.23163518196965066 0.3284427899111373 0.1365283130679506 0.20994839717822192
4 0.7304302086436711 0.1255069166023731 0.08288958271265763 0.10033977818581506
0 0.2909587162966662 0.6506788687025427 0.2505608879227254 0.3551860012241119
7 0.39178916212005577 0.7724896230512279 0.1364213052100677 0.25144500283470916
16 0.3480093527716496 0.2522305464824757 0.19848896567298446 0.334990654554859
17 0.914914254757511 0.524102967723398 0.14964905128112632 0.2736388242494776
15 0.47567401054847913 0.7732545537624914 0.18609597353086724 0.2921335608169367
10 0.44623272125906494 0.5609247866899427 0.1617466368892682 0.21891937334109196
3 0.5966542905322686 0.8364573018297022 0.3444222038861602 0.32708539634059547
12 0.423846144956548 0.6180889935576107 0.11712334160399784 0.1891576650560694
20 0.7831568707637269 0.8610933004446755 0.06693925103345748 0.13388577374050853
2 0.4522621275881525 0.9656452691019592 0.09313787799792798 0.06870946179608145
18 0.49310137489755607 0.3192579481060041 0.29144706120592373 0.5007640711249043
19 0.43886129280407093 0.0759971743654956 0.14727741439185812 0.07206567394668237
8 0.3278657491759397 0.8834497130363571 0.24096325599585597 0.23310057392728586
9 0.8975832437992561 0.8630910875211036 0.15942215756743253 0.24149591798739986