9 0.8639319466104572 0.6330818905012329 0.22263971069381688 0.2872076676750728
0 0.6870631006524551 0.2037557513773257 0.26757040268936266 0.24768241256332668
10 0.9423120326225476 0.5215430929829075 0.11043061203054379 0.31005197921687966
2 0.6527751759230036 0.7959306730389206 0.4020555853755436 0.4081386539221588
5 0.4864705652848659 0.5217854561463797 0.17767156134627218 0.1435452703117014
6 0.8264977706476827 0.2636691881876261 0.33137945870463453 0.40350964689195246
19 0.9059590986632727 0.11782823109840841 0.1755818026734545 0.08298292278681908
18 0.7086750186585004 0.14634744296323693 0.30139996268299923 0.18838739144407082
7 0.7684136453294093 0.11021664890876484 0.03760908800127272 0.01599634059717552
20 0.14020135590391353 0.9479747448882537 0.116606792011454 0.10405051022349264
15 0.4486898492998197 0.3712684346909885 0.28350558004454346 0.4635768736206008
17 0.958974463319546 0.22493755404018156 0.07563744135899882 0.2589303336694687
14 0.34062062126036696 0.7200901668347345 0.551820322724361 0.5598196663305312
16 0.3110165792886838 0.4678963595971195 0.18624767735518083 0.23177367460277953
8 0.743792716621593 0.5124166239895203 0.3613578600413618 0.4396109165313831
1 0.8285153513287729 0.12207536195006725 0.012718176002545078 0.026165446865725174
3 0.43407391331159195 0.2541866261088321 0.34122717337681613 0.45855039870791303
4 0.059644983290911044 0.9168851879539901 0.11928996658182209 0.16622962409201988