14 0.47421240363849115 0.22908232383066437 0.33279980727698233 0.45816464766132875
13 0.26323432402620534 0.5088021185735936 0.2503767973521849 0.3053560622342912
11 0.9135831186923031 0.48165797793438236 0.17283376261539374 0.25182738223170514
1 0.21444156720177981 0.6835042539298719 0.19532111621110373 0.1997440488983718
5 0.22867750330525966 0.8889889793840647 0.2187586162111037 0.20229496405106245
4 0.31327921174404305 0.30259489170204623 0.1536772717116217 0.1661557959670411
0 0.5501265101296852 0.6846111977514845 0.3914856025622527 0.5573112480995387
7 0.7487972965236154 0.6023416912767675 0.2745420434232436 0.3287403107203154
16 0.24222411889719084 0.7379899139285787 0.33246585938667816 0.3827791737534397
17 0.524892992142117 0.015647332109221458 0.09353598428423418 0.031294664218442916
15 0.7996618598009629 0.38956564299045177 0.4006762803980742 0.40930937901051034
10 0.500132856491194 0.4432844811879048 0.26854460049533807 0.29073012768977713
3 0.7617295202638796 0.19428268705703144 0.43283404052775937 0.3885653741140629
12 0.6146919702210984 0.5573368466369251 0.08539815260503385 0.12759317252932767
2 0.9525214942090319 0.5984948775285003 0.09495701158193626 0.2313345147532741
18 0.28226249813797316 0.24749168605849006 0.39257291356328866 0.4949833721169801
19 0.12016706658260726 0.36439248746937913 0.23160118031251162 0.5253816917279084
8 0.8880608879227255 0.7098041066227009 0.223878224154549 0.3206196396083423