0 0.49544331823523713 0.7913984392395702 0.3227269863511488 0.3640677071736199
14 0.16909687220695976 0.3992828994462896 0.3233477245643246 0.4264342011074208
3 0.865858402190749 0.74703086058816 0.26828319561850184 0.384714770714902
17 0.5992102495857152 0.1504428675772097 0.13209337014004524 0.16914732469546004
13 0.6244757309744655 0.3802243008490197 0.20629715756743253 0.24195527040728504
5 0.6167488141014079 0.2711830660145174 0.14601032092583352 0.16618221262458518
9 0.5143045184018529 0.4565034042820212 0.14561221463952717 0.19938203989171938
8 0.4171063407754284 0.5452561258520966 0.26495733581302966 0.4941441311923228
16 0.3484461162111037 0.16196916923834087 0.18351893713693723 0.32393833847668174
2 0.7106145539672134 0.7824163551371945 0.14837334160399784 0.189232385357451
7 0.6226842526860871 0.5308250781469156 0.20135710049533806 0.27892124614248864
12 0.7071554902800903 0.25718971417496994 0.13797949710451593 0.15926468229358975
6 0.2300407185684686 0.16012486942291101 0.1538314371369372 0.32024973884582203
15 0.4404259468568469 0.0004456796234766451 0.12147689371369377 0.0008913592469532902
19 0.8948095399085869 0.3759848755998493 0.21038092018282634 0.4436908492678732
4 0.784916617244561 0.24009774419834848 0.31316789578060844 0.3134001768426244
11 0.3355502797743924 0.6107320337270815 0.04458906203449331 0.07235466378737551
18 0.16933242845048482 0.7649342813092157 0.29878437220695975 0.4367981040482353
20 0.2930607952852703 0.01385224347237558 0.06424659057054054 0.02770448694475116