8 0.5135705093093648 0.19938631840957582 0.18461354670590727 0.39808187999340156
14 0.08945175664386469 0.5748628018998794 0.17890351328772938 0.2794410628669079
12 0.7657211659373211 0.5617432519246233 0.14996473201781732 0.18537237298310197
15 0.8595529819382757 0.5458172795142431 0.2608498773869975 0.5449893245883725
4 0.5178012866009121 0.6092570707087108 0.267698766709089 0.43511857228923745
9 0.16452919390518617 0.9191852924775499 0.11141021467218155 0.06191865068561668
13 0.04644609663431967 0.7538524061512171 0.09289219326863934 0.2506285210308993
5 0.48161943328295687 0.4608357930061962 0.15021927068745367 0.21453903964976864
0 0.6659655192552763 0.7196634396221891 0.27265789202736224 0.28763863711659615
16 0.34460978194622977 0.5037226277713339 0.27616470003181676 0.33160700286360884
11 0.8292960539863188 0.09221191768542568 0.23299540802036275 0.18442383537085136
17 0.1235085833068194 0.2516274453494066 0.14872949602163535 0.22276319010959553
18 0.2369449219844098 0.15055920247260113 0.3323601560311804 0.30111840494520226
20 0.5089375533100011 0.19346386703009485 0.26827947469763486 0.32272775516274377
7 0.7434307319780464 0.1635447693374778 0.13642949069063537 0.2448063937882115
10 0.7254121499045498 0.8862386408887754 0.2026533800127268 0.13908459068231735
3 0.11297216732972744 0.2962509083374573 0.22594433465945488 0.4824981833250854