12 0.15975849175455636 0.5002540703051578 0.20401818401734037 0.28276836889869394
4 0.141357831273565 0.43574207554374644 0.26724476806291564 0.5173174844208261
9 0.7385597839891055 0.35543989026282374 0.13660389988706037 0.16638705651971483
19 0.5905178551628498 0.17691527074345423 0.3654107103256997 0.3031794149412317
17 0.6632537600292336 0.7361732878371631 0.21982519454068417 0.2879053636601052
10 0.3547132179358587 0.7003911577040244 0.24016851564384128 0.21852752246888915
20 0.4163508550216755 0.3634790987016071 0.2881047576807463 0.31707777446750784
18 0.18040273365028708 0.7856107322856156 0.29843458390440086 0.4287785354287687
6 0.31073164462538866 0.1751228814427857 0.30198524715740255 0.31378440308611144
14 0.8566650418816133 0.8348403683463143 0.2866699162367734 0.3303192633073716
11 0.16892284719975487 0.24630716349499268 0.33183934712916774 0.3551143269899854
5 0.6959165286568465 0.4494039059785895 0.12868498407380996 0.19913819299620136
16 0.5222584917545564 0.5227656821032364 0.26818709983059075 0.2535104135632885
7 0.46996649161338205 0.7168980692003984 0.20952473137238706 0.3018094673271174
2 0.04605230752545449 0.5191638254754505 0.049514152588483615 0.06332765095090095
15 0.38147168096298145 0.8703339633298801 0.26192168927901227 0.25933207334023983
8 0.574212188784902 0.9789670113027406 0.20769067363517096 0.042065977394518936