8 0.6307563672820024 0.4696591547293065 0.088064716024817 0.24841891305425534
14 0.2983909519812281 0.1806823142207253 0.33134309603754375 0.3613646284414506
12 0.7330519272358681 0.9170116804076817 0.1148079346753633 0.09161358762958732
15 0.7503848779042317 0.899411231130164 0.13697383601209054 0.1261353715585495
4 0.5551552885900944 0.721565619824155 0.26731695870463457 0.3872629631424696
9 0.22011776460059393 0.6366918253998806 0.1266545013526355 0.19637447959406842
13 0.16058186931095558 0.21096317652771104 0.27482037603436205 0.3522707431170989
5 0.5440365225970941 0.6534522897860989 0.1218942760184536 0.18778647827595757
0 0.6130757819064587 0.8850064920169725 0.2311056440165448 0.1749787312541007
19 0.19228640264959168 0.6519737232958606 0.38457280529918336 0.6752192200749455
16 0.5145501119510023 0.45306674301794936 0.21431922803945264 0.3989600593149904
11 0.7601609619271397 0.673986784488868 0.12941696936663477 0.3339593689223276
18 0.5427494793125464 0.17458273576833944 0.17096812269254436 0.263334714118659
20 0.6668847712842295 0.44583170017934515 0.13328630935708982 0.24046403690710522
7 0.7291109565961396 0.6527679043873851 0.1184965560152719 0.15636669961943922
3 0.4842835459898186 0.08930394463934223 0.18455790802036276 0.17860788927868446
2 0.18327919390518618 0.9208510572882493 0.243169292011454 0.1256578458801741