14 0.2933291598598957 0.7008221090331636 0.5866583197197914 0.5983557819336729
13 0.6276209733114231 0.91896469607893 0.24327983415618065 0.1539498870643482
1 0.8013169657119787 0.6343223510381316 0.16675631458888915 0.33458174264693424
5 0.7954326012549302 0.47918068033804884 0.20440047853284754 0.2536347546162548
0 0.6231439464290276 0.19394253864477287 0.2849621071419447 0.38788507728954574
7 0.41186226073357635 0.12488416094386201 0.23565047853284735 0.24976832188772402
16 0.7610725189986107 0.7023336963407857 0.23964960714194455 0.3934726180038174
15 0.39763610657326376 0.13231382410082382 0.13939242116215295 0.1989711483199023
10 0.4850587989182289 0.4493009889471742 0.3435733877271529 0.35053469008159654
3 0.2375 0.36666666666666664 0.475 0.7333333333333333
12 0.45210278818465255 0.323532033052896 0.15534472948277783 0.21784235310763053
18 0.653149609804305 0.798991222230671 0.41621210714194473 0.39484223210514646