12 0.7651512617678276 0.3041653820415792 0.18504102191409721 0.29380164069098597
11 0.38926309740221227 0.0689801858781676 0.10185460064862317 0.1379603717563352
0 0.72604349187903 0.7791782922143258 0.38341606655636584 0.4129669285679763
5 0.37565770819380984 0.8175505048734608 0.16986030681713338 0.20805769155691511
19 0.9996450385531886 0.8414371899441448 0.0007099228936226609 0.16692121969686985
18 0.842652924511885 0.687745630418923 0.31469415097623 0.5637047673130929
7 0.9466284482543539 0.2946841942726926 0.10674310349129215 0.2337591655834313
15 0.7278109488616142 0.3769313176472904 0.052844356330665934 0.09911670238048155
14 0.16026057913497238 0.8996703517329568 0.27441143912238164 0.20007746103647886
16 0.25756485835926085 0.21634202029253943 0.3696808490237701 0.43268404058507887
3 0.47673937256272036 0.4202860373419633 0.5762423149315129 0.7048670595186313