12 0.42865447695776127 0.917263181698554 0.20404900512049745 0.16547363660289183
4 0.35216830069175425 0.9820288587567809 0.26670165258848366 0.03594228248643816
9 0.5491809526449534 0.07002966209190764 0.09538809471009327 0.04624085149293879
19 0.3111965632812365 0.20263556174265857 0.2360718208208085 0.3456866818666218
17 0.7782266266330602 0.5191617447857543 0.23103571032569975 0.3016453201501906
10 0.6170869163779478 0.8576437052220075 0.16585032608248032 0.2847125895559851
20 0.4439657477220999 0.5392462290815961 0.27962439974588627 0.3808700650384443
18 0.545819590154293 0.980749854065204 0.10529371572854593 0.038500291869592
6 0.26659190564284263 0.5593154658656692 0.2850245312876824 0.43324476008820884
0 0.03714441325300166 0.42171455693426363 0.07428882650600332 0.31009578053519393
14 0.9316833685287909 0.23852302202516248 0.1085082629424182 0.3109698656844878
11 0.2854952821347284 0.8089584021717665 0.26753465244730934 0.2822249940806993
5 0.6068877658556027 0.14966954889565118 0.16122446828879458 0.19969339077180007
16 0.5639443187546699 0.5221929743059852 0.24415733660582398 0.35266508615770015
7 0.6801924030825938 0.6982850954383546 0.1996036998023559 0.29456503631921105
3 0.08195711333770626 0.649293011063831 0.16391422667541253 0.29025268879432864
15 0.7846916453312603 0.8768159855891337 0.3030927208490432 0.2463680288217328
8 0.9142874110456887 0.7988835516872338 0.12646857864272895 0.4022328966255325