12 0.32313060669954397 0.34280839260893436 0.10908519334818116 0.15252859718707215
0 0.4887112480505886 0.5269551709370878 0.36895218403881636 0.4039556774170274
5 0.14106573074472367 0.7750114882814716 0.27176810136854385 0.36252297656294324
13 0.9185323713399087 0.322631775566255 0.16293525732018246 0.2831051116614867
6 0.6997680214035422 0.707505836778191 0.4396839493952699 0.584988326443618
19 0.7892806760025454 0.41775156878461067 0.4214386479949093 0.6636988585581086
18 0.5477760706954078 0.316156117173259 0.48761127737108917 0.4009135042704211
7 0.4931329293443632 0.13889866831779343 0.22064085868872635 0.23025125999309334
15 0.17916352538190686 0.4879510079944747 0.3555634880649061 0.6592353493222827
17 0.9005316374124508 0.8174274415469561 0.1986578653723619 0.3651451169060877
8 0.6168838907542687 0.8728368662793997 0.42118629869508944 0.25432626744120057
1 0.626863039345954 0.16281997352786118 0.07836245202099903 0.2110046076642494
3 0.23082492803149854 0.3235417901832736 0.4616498560629971 0.6470835803665472