14 0.4810116510261805 0.13165651396427805 0.32860169794763905 0.2633130279285561
13 0.09779976073357631 0.40864660414608867 0.19559952146715262 0.353540125041156
1 0.11529181278593723 0.9094825535229368 0.23058362557187445 0.18103489295412628
4 0.009375 0.00625 0.01875 0.0125
0 0.5783846927262146 0.8202194204507346 0.36668227298576395 0.2762081433037622
7 0.8302206028704509 0.7344653313691808 0.3172290932742364 0.3918319131499222
16 0.14499945621267343 0.7713032395524663 0.28999891242534687 0.45739352089506746
15 0.8180875448341662 0.4913312530847964 0.3497870201359724 0.3805637565811537
10 0.47637347672989555 0.4541077435525081 0.3072020894745142 0.5322356553348501
3 0.8307194038759722 0.2203045040000418 0.33856119224805575 0.4406090080000836
12 0.5786957768823953 0.6683728854577272 0.3194812710859029 0.342147644270357
18 0.1671875 0.16666666666666666 0.334375 0.3333333333333333
8 0.9739322756481243 0.8561632348221904 0.020277438829583615 0.0893943867226085