14 0.958303507086758 0.592102999660728 0.0531646947351895 0.12316138463278321
4 0.5616194800449161 0.6032902401834445 0.10496529691210785 0.19423943593223308
6 0.1018601111625929 0.4170370183933308 0.2037202223251858 0.5409259632133384
0 0.22186255399886598 0.43704030200204946 0.3546627404661712 0.43267201935038435
19 0.6926314109851077 0.3562036673975389 0.6141915410064762 0.7124073347950778
16 0.7428967618960816 0.5938093875562721 0.3239533990890262 0.2731019087642182
18 0.9174974578123976 0.5711142504764182 0.0661904843909035 0.08423281572742004
20 0.5416814914776615 0.5303504292936204 0.0017261911069926584 0.006322751603107809
10 0.06244042478010575 0.5058465472492714 0.09973215988879931 0.17318784778957622
3 0.9608977390305908 0.7313953265816301 0.04295637023308565 0.21007937180792075
2 0.46034470064082134 0.40656083170195284 0.6324355987183573 0.8131216634039057