0 0.871731220912265 0.3671256732892106 0.2565375581754701 0.4084533427057512
14 0.8796373816922056 0.854023526335547 0.1610647878817268 0.1137729148046399
3 0.5702165183368895 0.1158047052671094 0.48105803667377883 0.2316094105342188
17 0.20417512502424584 0.8499628174809757 0.2765936772806622 0.29735744637276296
13 0.36807877304799513 0.6066094105342188 0.2549098669791602 0.3499715880878381
5 0.2584484236568183 0.7117065051019967 0.17432980455162622 0.22874437937587117
9 0.5690830347169248 0.6746401262785054 0.14005039940087513 0.2535959580912916
8 0.8060568762321939 0.6641063223097887 0.3400815766815374 0.5461987967998053
16 0.5044937315424244 0.9390123159664409 0.1978314642443051 0.07869873504150178
2 0.4973686918245298 0.19496834546764952 0.3112874127367947 0.35554810256225267
7 0.5220172318322885 0.4694831814202772 0.20331567394668237 0.2699772704702705
12 0.09700086956423404 0.6621318188589188 0.12248026212797156 0.24627859718707204
10 0.8659436065181787 0.08405230879752953 0.23501221303635722 0.16810461759505907
19 0.04653977333785922 0.15813639564401646 0.08364116061076282 0.1712272087119671
4 0.14282406834658773 0.4627082715750299 0.25146587364712 0.3954167901832735
11 0.740209122439172 0.4852108039747288 0.21371078213185085 0.38892133608921947
18 0.9804201789476522 0.6923111226970557 0.03915964210469554 0.3379909081881082