14 0.4741418497298476 0.13994929844375345 0.33921630054030494 0.2798985968875069
13 0.0990153641578178 0.4191355404806585 0.1980307283156356 0.361728919038683
1 0.11375987731984369 0.919277428231659 0.22751975463968738 0.1607171014433071
4 0.00611359074417286 0.01618130527108347 0.01222718148834572 0.01347072279116639
0 0.5752752083605517 0.8379016463729091 0.36543157095872497 0.2591582802460337
7 0.8203173790491242 0.7398665554529457 0.32717265752654673 0.4058820908258471
16 0.1496105864830036 0.7711386282693056 0.2992211729660072 0.45772274346138886
15 0.8117211729660072 0.5024776221007892 0.35636908420556884 0.3894375574548673
10 0.4719791158870983 0.46544882166785445 0.32608636188038315 0.5430180697791598
3 0.8238119783156357 0.2285031828752052 0.35237604336872874 0.4570063657504104
12 0.5755157997376967 0.6798716639118152 0.3156696731356433 0.3239040487324724
18 0.16400793629766913 0.16979166666666667 0.32801587259533826 0.33958333333333335
8 0.9697866109929569 0.8675585345944907 0.013174611795565028 0.08626604910893718