0 0.5899325700674076 0.7334417405391369 0.43660213797450637 0.5331165189217262
8 0.6459956968254283 0.9351230016575939 0.3038431383672897 0.12975399668481227
6 0.3851763714934634 0.9002330928685576 0.22907948770335995 0.19953381426288483
5 0.434723937062871 0.3085870217082677 0.3014362767345796 0.3501297783798832
3 0.8166132447354428 0.7202445642987123 0.3633191740788598 0.5595108714025753
2 0.13238070794371817 0.3613638775813719 0.26476141588743635 0.3268944218294105
16 0.233128058163551 0.8256462385043251 0.31873286104353504 0.3487075229913498
4 0.6063564799047197 0.895848779963116 0.3259635780624395 0.208302440073768
1 0.5382074853656688 0.41272268279643903 0.07882495764913067 0.1658758103419835
10 0.7487768258229444 0.5118373707197944 0.2322499394987579 0.2453257319456044
17 0.4804671873574586 0.5712375079134577 0.35198169827935677 0.478623630332086
13 0.6279386476388679 0.08659984848288034 0.2691227047222643 0.10419612090975641
18 0.17139112744539176 0.8280113877581371 0.2983839996072165 0.34397722448372575
7 0.049704563329912424 0.31286885195220276 0.09940912665982485 0.35490437057107216
14 0.7355415484991894 0.321271391524904 0.5226669030016211 0.5759412302109432