8 0.6272591972867748 0.4328016678992492 0.11786130402608971 0.2607357918534378
14 0.24003301197486482 0.2374790846313126 0.3538180800445434 0.4510786131779741
12 0.8174183839115496 0.8367432689376325 0.1245465613462721 0.13187221923092238
15 0.830881447247004 0.8153946757292422 0.14674882535008998 0.17022088255454595
4 0.6022848272597306 0.6993056406272875 0.317862398710998 0.44760104724154526
9 0.2576172172581398 0.7282970879743559 0.15190904002227174 0.22456940564770325
13 0.13843524399268214 0.3393965926807752 0.2768704879853643 0.41287348130511625
5 0.5778393579328667 0.6367338749019048 0.13450336401972632 0.19890259875057054
0 0.6916371339115495 0.8416230830484669 0.2519999466899989 0.23886567607950535
19 0.23105800131286455 0.6920094641509607 0.4621160026257291 0.6159810716980786
16 0.5106893152848658 0.45606776915710207 0.23632149737427088 0.4111155358490393
11 0.7938370752705484 0.5856601459499982 0.15452605736790748 0.3454633577898667
18 0.48341993264641003 0.18013619319154334 0.1993840240292714 0.29513796991261043
20 0.658018848623502 0.39828626779372606 0.1537624413589988 0.2579633577898669
7 0.7587808226050483 0.5755657358153452 0.13908177601845378 0.18658445517706124
3 0.4059767326543642 0.11495330887679991 0.20992153469127164 0.22990661775359983
2 0.27666556723427727 0.9618537340551475 0.2489102146721816 0.06380505727067505