14 0.71328125 0.5593088273744403 0.453125 0.5605457683941315
13 0.52265625 0.1850806650385183 0.1796875 0.2500152759723855
11 0.40703125 0.8709313425287514 0.1171875 0.10064402056170062
1 0.33828125 0.22974796157699814 0.0765625 0.2351152045447555
5 0.265625 0.26243200216207707 0.11875 0.18818038528030112
4 0.77890625 0.09521114555565931 0.075 0.12257883982615508
0 0.30234375 0.5882865730491876 0.234375 0.32837137445673464
7 0.39375 0.7185389090873142 0.115625 0.22769098917643357
16 0.38671875 0.19858360118694554 0.1890625 0.32106679761732154
17 0.9375 0.5259854978269386 0.125 0.24040917748803625
15 0.478125 0.7277942705584054 0.1671875 0.26639102489024846
10 0.46328125 0.5149488057317011 0.146875 0.19300161688177594
3 0.59140625 0.8278804507556285 0.3296875 0.34423909848874296
12 0.43671875 0.56849727218216 0.103125 0.17115007142762984
20 0.77890625 0.846252812222326 0.05625 0.12422579653628295
2 0.4390625 0.9436717280826075 0.0859375 0.1126565438347851
18 0.52734375 0.27998142586098634 0.25625 0.46013048051714106
19 0.490625 0.03329352164054234 0.14375 0.0470955541112417
8 0.321875 0.8356161320316934 0.221875 0.21974712337459767
9 0.903125 0.8616438073510619 0.1578125 0.2099228365786459