13 0.2591396892401227 0.16326580537872518 0.34029649011264296 0.29670895650327
15 0.5020748602950151 0.49385207564181416 0.5423167200858272 0.7848649440907837
18 0.1792597091900639 0.6793135769149079 0.3154707247774041 0.5377938204964825
2 0.7408142042463853 0.8279218640462404 0.39179328813517156 0.34415627190751935
16 0.43360835560343813 0.7319052577975749 0.38142350670838926 0.5361894844048503
17 0.13198696337743782 0.23935449602163536 0.2580738519971419 0.36620899204327073
9 0.24374428218308672 0.10786353782090712 0.1910070482746301 0.15908628803308938
4 0.8216507608957633 0.5845413290366598 0.35669847820847345 0.7494468178442394
6 0.6101173172161651 0.2915277841077526 0.4327346344323303 0.5708377120729664
12 0.3726158613034213 0.879967375132605 0.19090849530842302 0.24006524973478988
3 0.8576157580457717 0.43307616104387164 0.28476848390845655 0.7398771538298158
11 0.9120393582013282 0.7198253957139322 0.13024451089576344 0.10193934224484735