0 0.5672525027528824 0.7456184857699384 0.4078553996950003 0.46862441039559877
8 0.5863694447165978 0.9744047997528874 0.296548998100139 0.05119040049422523
6 0.331753373478195 0.8842592788842133 0.19953114057694457 0.23148144223157346
5 0.48274368407993073 0.2868453238843225 0.27994599240055573 0.29613761548030754
3 0.8164829044446529 0.7874306114866744 0.36703419111069413 0.42513877702665137
2 0.149294751234271 0.2348908990890261 0.2946618026210418 0.24478179817805223
16 0.1888196846486116 0.7927943165148378 0.2603985182361114 0.4144113669703245
4 0.5554818142076394 0.9203704047140399 0.316608231382639 0.15925919057192034
1 0.5685558571419447 0.4178208679839236 0.054180966564999974 0.15240080290255756
10 0.7602368237069448 0.5766238119599684 0.214137848023889 0.19315479975288738
17 0.485836235751042 0.5534392389478814 0.2906302256830557 0.37157412509895427
13 0.7166614763486459 0.09269523422337597 0.2645729526972918 0.1309722693221117
18 0.13082534669270882 0.78125 0.24201219414791691 0.4375
7 0.06290200313413205 0.16009260338631728 0.1258040062682641 0.32018520677263457
14 0.790625 0.31077064450588404 0.41875 0.5674140962995592