14 0.45871430113509043 0.29748945113395603 0.3299286022701809 0.531035962440465
13 0.25333487459131526 0.5799096091032524 0.23471373944669321 0.28975236283988154
11 0.9074830377424099 0.6505486582271947 0.1850339245151801 0.2707474432418844
1 0.20794232832419351 0.747639414959448 0.19143529788867958 0.20182738223170513
5 0.22843388067709994 0.9246171048511886 0.21931483603812651 0.15076579029762271
4 0.29988081777418196 0.38109986425723624 0.16320120373287822 0.19043295071514285
0 0.5415224415547183 0.7423462230382968 0.43376271428288965 0.5153075539234064
7 0.7407315089251585 0.744256916602373 0.2744035308425509 0.3419205547610327
16 0.2367900771063775 0.7956418857589277 0.3504399253226639 0.40871622848214456
17 0.5076176310874323 0.09997646446987561 0.0996102621748646 0.1002971769746343
15 0.7914937991064955 0.5422158406456768 0.4170124017870089 0.45407974507158666
10 0.4893172390396561 0.5494238521454285 0.2676080600635441 0.29957364405364856
3 0.7427074715897857 0.2992738883199367 0.43228994317957137 0.48392665577897087
12 0.6057019439903503 0.6796316697269463 0.08757391233702023 0.13435335555986588
2 0.9450199939109201 0.7732950919664101 0.10996001217815987 0.2502545757634536
18 0.2678807954530476 0.320406977386982 0.3842069991859258 0.5057380977967434
19 0.11777742978689079 0.4153693927329154 0.2318456582765353 0.5474054521324975
8 0.8813802337646504 0.8494030672916537 0.2372395324706993 0.3011938654166926