8 0.10301727475347104 0.5914995640826852 0.19501603977100473 0.34133246149870383
14 0.7436150012145207 0.609297180594723 0.03379434740221221 0.0760182925530555
12 0.03691716761202617 0.3145599592197223 0.06827053327818297 0.20411991843944455
15 0.020814880680395217 0.2776167246706482 0.035465941558013594 0.08440011600796303
4 0.2631075206962813 0.35281678178717624 0.5222876517837135 0.4056335635743525
6 0.5037580198855023 0.18327366235861167 0.3481410397710047 0.3460844934129633
5 0.15575076257860643 0.5035891399436576 0.025709112012708823 0.05494250861185191
0 0.20529897483619655 0.2916718923497224 0.39613425486796866 0.4329558637268523
16 0.5092069991859258 0.4801971524801857 0.40434794967239307 0.5831498242131485
17 0.6323616757264057 0.8079272639301854 0.3614592459395148 0.38414547213962913
18 0.27969459739891694 0.7166666666666667 0.5480434025944925 0.5666666666666667
20 0.15836151947846527 0.4047520319142594 0.30892280681713336 0.21367073049518553
10 0.27485176988550236 0.17616985954800957 0.20774213636243805 0.23968553925953723
3 0.8246960369316308 0.528703539130325 0.3506079261367382 0.8713269440208339