12 0.4672173093484061 0.5436703540084916 0.1838785020669146 0.265034341327808
4 0.5662220436326405 0.4663045384578386 0.32577490363849115 0.2655309936566521
17 0.10966598263160446 0.858658742210413 0.21933196526320892 0.2298174844208262
10 0.31031233788445345 0.552717073061044 0.1912244292790543 0.38606174028009027
20 0.4323327713018462 0.920462434517643 0.15327916542531544 0.15907513096471415
18 0.3229344241117678 0.28103613867999294 0.4416311517764644 0.5471292247009164
13 0.7085637090579558 0.29141305954878477 0.1875856989237615 0.2818950736134236
6 0.5783366300693519 0.9039698833731085 0.23278688296032685 0.19206023325378302
11 0.5842677605484792 0.7565927956950458 0.22247012117350237 0.2986131287551956
16 0.29712301737290475 0.899125345877425 0.21657968610347994 0.20174930824514992
7 0.1779257152632089 0.7564127816364191 0.23642561331561965 0.34105605789765814
2 0.5951197932183556 0.2666213311238146 0.23177665467194847 0.3865012599930934
3 0.7939252427657989 0.9105909365845574 0.3045891083532208 0.17881812683088516
15 0.16796875 0.3291810270185062 0.3359375 0.6583620540370124
8 0.004550451200073046 0.48301941273772525 0.009100902400146093 0.14520549214211714