12 0.15704253003658925 0.35340404733022124 0.19929311736154415 0.28472130324594386
4 0.14233459269572593 0.2799912832763601 0.28412374538508856 0.5191841001139466
9 0.7589595660407253 0.3706908059305782 0.1389908693507266 0.17616778851039452
19 0.6600755286839537 0.16054729832005482 0.3670260573679075 0.32109459664010964
17 0.5939361920750874 0.7147073278798292 0.23074311203054396 0.30885034608921536
10 0.2998401993952699 0.5969066878688328 0.22507382001909004 0.19616848966272446
20 0.4417533373647258 0.2912994480520355 0.28236015603118036 0.3171007667806132
18 0.12235154606936045 0.6767338987421471 0.23728510805217945 0.521532202515706
6 0.38312213001272666 0.12045358933773188 0.29749426002545337 0.24090717867546377
14 0.7817276407542687 0.830380046891282 0.35087379869508944 0.2926846610358105
11 0.22554598734881748 0.150992194774389 0.33859197469763497 0.301984389548778
5 0.6947794347151341 0.4492481531636999 0.1282897266868172 0.20282679018191618
16 0.506634544716725 0.4721777196277441 0.263064716024817 0.25387334107465037
7 0.4080981420671333 0.6437656567262129 0.21202947469763486 0.312289587049919
2 0.038919238701452946 0.3402724340635711 0.05368862133990878 0.0666443728335615
15 0.27739412941595076 0.8009712794057016 0.26855219470081665 0.34572186416780776
8 0.4411486414305864 0.9384169232873565 0.2070317973424542 0.09758501609892534