15 0.4616944594407523 0.3794428490303606 0.18433063695090493 0.2956304209941161
20 0.5645061836840158 0.18871929924766676 0.12321386181247736 0.22553492640589934
9 0.4064910294573643 0.03965896915744901 0.11826794108527143 0.07931793831489801
8 0.5198912839331845 0.6298897700266736 0.2041239003691402 0.18787892315838992
10 0.7103136297065328 0.46730176461708717 0.07481832973421945 0.09538641233702047
6 0.6678515152731619 0.8636805687294272 0.178702398209672 0.24347435822358202
0 0.3745368160114423 0.5042504810642509 0.14685162091177606 0.23024706385157276
3 0.22877943476375 0.22989923322522948 0.4486911304725 0.45979846645045896
7 0.7906579595976357 0.8577009383192917 0.13982156847545238 0.14892433441437186
4 0.43352059222960404 0.4622981688353343 0.2713695619970476 0.3205471471838076
16 0.38748620142118784 0.4134254751119484 0.12295304595791859 0.25258189502063216
13 0.6419584461794006 0.752949529768103 0.1169057001845701 0.09428492640589922
5 0.6362333844868948 0.35248969859904367 0.1739753254152827 0.21006829545304764
14 0.7948622031192308 0.6890418501157928 0.3654175555186425 0.49129720670683263
2 0.45519174043927607 0.22247846483109804 0.2774588756921379 0.3498229080062757
17 0.8259353231081562 0.9193100027135805 0.18862001387966068 0.12508800540958637
19 0.7432541425064593 0.32833845671232476 0.5132914558877827 0.6566769134246495