12 0.5839881881632121 0.5402998872423784 0.08321616431700996 0.09686737624411564
9 0.2741236616177177 0.019915932169973102 0.15800267676456467 0.039831864339946205
11 0.9201499084942182 0.5597288076762497 0.08880423610255264 0.1678463904356647
0 0.4638425541398961 0.4665376892329635 0.29964849295103 0.2952639161952476
10 0.11258251037296221 0.02494906023004932 0.1842099792540756 0.04989812046009864
5 0.6954281313240236 0.13824607832408653 0.2049746103776066 0.24291874556052453
13 0.09709506856179685 0.82824212705167 0.1941901371235937 0.25866752575958285
6 0.30637451887182465 0.3931468318207241 0.3469523132866804 0.4986145759342075
19 0.19948774667600772 0.7005327542714077 0.39897549335201543 0.5097739237952251
18 0.4370763767506315 0.6503590049108944 0.37078978714217126 0.316402888148285
7 0.46186104396742655 0.8159040260301502 0.17791520290907387 0.25904649011264286
15 0.7288648255105203 0.3703339859109505 0.31399810332863665 0.5204095970534633
17 0.11326405891378093 0.38628409866857205 0.21861198050347547 0.3187928307098185
14 0.6571962707459245 0.023110931329634612 0.194390462657336 0.046221862659269225
16 0.9003011950116895 0.4030489035532392 0.1563003120372805 0.23423597228917287
8 0.366735368876469 0.163301730024434 0.36027926224706197 0.326603460048868
1 0.34829545143595936 0.8451430478216767 0.05897502614450918 0.1899327732713516
3 0.7645161377482936 0.5224320814518045 0.4330799900512451 0.5646689947529702