12 0.6550401706513993 0.5037177737099866 0.08534523677523324 0.10132540462721357
9 0.2076374657285458 0.06640531466952478 0.16043624203690507 0.11040141915489801
11 0.9720100498447082 0.4300522580058283 0.05597990031058373 0.17574268119435105
0 0.5177907996329467 0.4684025012789733 0.32017380503579285 0.34730344821026665
10 0.07214728676111577 0.10727738976339386 0.1386522472985769 0.11044522047321227
5 0.6637201367328809 0.10558469906907084 0.2002715577372161 0.21116939813814167
13 0.23232852567307472 0.8830500806770343 0.22895799985882564 0.21845766767507277
6 0.3424876917686738 0.4418647432075768 0.36219324701622824 0.5255084270910111
19 0.303294202080256 0.7477867186244677 0.4276516470444632 0.4921893706609505
18 0.5375180126600695 0.6506432281756893 0.36155766823232477 0.29721584557363817
7 0.6044086520237862 0.7992011818010537 0.1762726156156063 0.2591921709708586
15 0.7552614365775892 0.30192628739733246 0.2978577312312126 0.5132855119041694
17 0.15005726806291564 0.4901375029596503 0.23763432082080843 0.34583236272483747
14 0.5881748341867497 0.010461438593476802 0.1950996683734992 0.020922877186953605
16 0.925818318331147 0.28294397451098413 0.14836336333770603 0.24819278087132923
8 0.33608025512049744 0.19245006525776173 0.3705070049793232 0.38490013051552346
1 0.49956152830391065 0.8591803205888254 0.061224468288794576 0.19036981584599885
3 0.7978375314994439 0.43752529778889265 0.40432493700111216 0.6156887607604797