0 0.5200927405961595 0.6939648475633949 0.4216279827242534 0.46862441039559877
8 0.5231712685123643 0.9380653740005374 0.29871690468807693 0.08458338632070905
6 0.27425170959763584 0.8623511337040023 0.21025278685861987 0.25507278692802493
5 0.4654085471945362 0.24232134278234416 0.28156658235511306 0.2791799424012096
3 0.7752518075304525 0.7371691663839399 0.3966279827242534 0.46746038474587387
2 0.14167755783499433 0.22243714337919446 0.28335511566998867 0.23429237990827775
16 0.13842574259874435 0.7814351537852587 0.2768514851974887 0.4329100994492293
4 0.496788043650792 0.8706976544595857 0.32559838217054293 0.18976857543088504
1 0.5428943946659276 0.36551246534940973 0.05857156847545255 0.1482341362358909
10 0.7247475670911765 0.506709521373365 0.2232744185677376 0.20163363629243633
17 0.4510294648394231 0.5090607610521186 0.2982720234403846 0.36726195522607213
13 0.713121761258767 0.03844240775061938 0.26438147748246604 0.07688481550123875
18 0.10288876079734163 0.7758300055684683 0.20577752159468327 0.44833998886306337
7 0.06015625 0.15729166666666666 0.1203125 0.3145833333333333
12 0.35365051049279983 0.9781778380012934 0.006550388648947969 0.006541006412431234
14 0.7708074460225169 0.2690508749010457 0.458385107954966 0.5381017498020914