14 0.2961995867216318 0.7153812014089512 0.5923991734432636 0.5692375971820974
13 0.6496414436761453 0.9104616760427772 0.24349803970326392 0.16644988706434796
1 0.8080761119885066 0.6051072024563737 0.1746779173624308 0.34089234504079824
5 0.7943792475314579 0.450026134150155 0.20440047853284735 0.2536347546162548
0 0.6053752181805206 0.18251450650837156 0.2642495636389587 0.3650290130167431
7 0.391531576937986 0.1259924902437792 0.22943684612402793 0.2519849804875584
16 0.7716833638883676 0.6762132465620956 0.22536890159486128 0.3808635336948621
15 0.378704268617361 0.14287593651276437 0.13619468597979179 0.19478024069569003
10 0.4819337989182289 0.44932522990471985 0.333871079406528 0.3317119672089596
3 0.2288880662044097 0.37395833333333334 0.4577761324088194 0.7479166666666667
12 0.4426550530022915 0.3277714225921996 0.14898562670923635 0.21154387119253926
18 0.6690473667381592 0.7832450174429427 0.4323826210096531 0.4262134368928746