0 0.7375928721556833 0.6069363939067766 0.2395648806803953 0.29540572601659887
8 0.7987446063273707 0.6783064571409549 0.11427278003177221 0.14415317178716408
6 0.5697274878218401 0.5084008077308457 0.20009327759614023 0.26112221729420404
5 0.7098655182606493 0.400544506155776 0.17975350405718976 0.2574614594252253
20 0.19705800649282176 0.11816578972135848 0.16273755357072245 0.14999805593626728
3 0.8886842191541536 0.7177796958583113 0.22263156169169268 0.27420837163657813
2 0.4688938705341255 0.27327624620349983 0.23739445454365704 0.368079711985474
19 0.1290773940730758 0.3017511054216694 0.2554274342511177 0.4339977891566612
16 0.4253092861175568 0.4685224531625926 0.277610351459402 0.3399845610567648
4 0.7524599415547183 0.6673026641000477 0.15242734496658022 0.1970653401606633
9 0.5892956939903502 0.5694447235440961 0.10100912094116268 0.08484911566266451
17 0.6951269082765353 0.4694662429780673 0.2369308043815014 0.33266304531880736
13 0.8595443697233467 0.4198424817895398 0.28091126055330673 0.4658339434990353
18 0.2937553230491877 0.5152340459776209 0.2837512573036006 0.3321365891190146
7 0.32417170576147314 0.2699168951430279 0.2978331225627203 0.45394064524351435
12 0.625369561685102 0.5770705621861595 0.05402502678536116 0.07287557186245716
14 0.8868802114435159 0.6355486993660925 0.22623957711296816 0.4222463786521407