0 0.8766324581971052 0.6058794843934616 0.24673508360578972 0.3696617759678534
14 0.7533753794592839 0.9971596939534296 0.15380683847375848 0.005680612093140761
3 0.6362159638791479 0.18495324664357235 0.46930692775829586 0.3137864963048881
17 0.11709518587267545 0.776229026835184 0.21837171915415374 0.34412472033703473
13 0.3191507893639677 0.5894903165978473 0.21656375730360064 0.32526553746352843
5 0.18944569845457715 0.6387068799934016 0.1590319009729347 0.22341828735063363
9 0.4967866400125908 0.7434400565339768 0.12665577759614025 0.25445878034033387
8 0.7248667755642499 0.7853871001046467 0.3045740462638264 0.42922579979070646
16 0.3725384366834544 0.9571153237595754 0.19505912986961632 0.08576935248084917
2 0.5373614525150623 0.2654655427391669 0.288629672076253 0.3448712829781531
7 0.49791098903965614 0.5312130137177427 0.19085464529089186 0.2693519448207603
12 0.04814281412073397 0.5174766794812512 0.0858125892845374 0.2349533589625024
10 0.9135812589284538 0.25340072289778665 0.17283748214309255 0.2996192989592033
19 0.08889490462638265 0.05304383235310797 0.1184148092527653 0.10193871551297518
4 0.12712911038785574 0.350237522236914 0.2502762840889619 0.3963083778071613
11 0.7038939821397973 0.6444743034804059 0.19556151055001153 0.3904036439011063
18 0.9402793157422916 0.899321204581774 0.11124896590774255 0.20135759083645202