12 0.16350473654387435 0.3879398948828705 0.19625528154634875 0.2682703244673151
4 0.13950399253676815 0.3133269449082872 0.2736034328349727 0.48915388981657437
9 0.7665887929663094 0.4056154151437971 0.13919969810012062 0.1666216603337965
19 0.6519486815917773 0.1690089986042137 0.3507723631835546 0.3084390230482411
17 0.6248361414505429 0.7497489813805099 0.22676165309764632 0.29002497011055584
10 0.32370300938379576 0.6322025249481023 0.2323698439616777 0.1944825775066671
20 0.4435740168470277 0.3269249402211116 0.27487160447712716 0.28319483054601874
18 0.14585132632168052 0.7130360041788427 0.2556723043862702 0.5094053416910188
6 0.3705382293077851 0.13634668844833372 0.2973264586155702 0.25892218236962994
14 0.8232548727944928 0.8627260440716671 0.3534902544110142 0.2745479118566659
11 0.21633873021229624 0.1638135880183799 0.3389274604245925 0.32471776874231517
5 0.7072414484388049 0.48388414361416743 0.12620173111680746 0.19326858257296303
16 0.5216691186106215 0.507256240752732 0.27561523292582973 0.26240998733425963
7 0.4355788896415206 0.6793710785190744 0.20661292740790568 0.29356126519675935
2 0.04516749434579046 0.3749038907040278 0.0539372274987628 0.062016840678611136
15 0.31536264416407633 0.8367995060787038 0.2656537347348521 0.32640098784259236
8 0.4895581399802049 0.9720975602829631 0.20574538896415215 0.05580487943407372