12 0.404316933212505 0.9092448170979835 0.18474748924663303 0.18151036580403285
4 0.3222642584815646 0.9755349264058992 0.2643921397847523 0.048930147188201545
9 0.5882619793218355 0.03662616557903756 0.09222604135632899 0.047942487012159626
19 0.3400727282883783 0.15803660281070017 0.21360454342324342 0.3047274134180589
17 0.7830071292407823 0.5050770692567654 0.2024101782455972 0.25242589177312286
10 0.5970523968185748 0.851319133655448 0.14209341645877274 0.297361732689104
20 0.44926783002657056 0.5014798685022354 0.2699658593866782 0.35391684523574146
18 0.5180134061241997 0.9662532040020395 0.10276543507002245 0.06749359199592106
6 0.2707061823839354 0.5098342905817836 0.2813785483856422 0.41246836688067745
0 0.03936640694826006 0.35412502976151244 0.07873281389652012 0.2957500595230249
14 0.9545697218782376 0.20465596860594545 0.09086055624352482 0.36640156926335604
11 0.2721658668347855 0.7590289945860199 0.24521410835322088 0.22636077056060225
5 0.6394755688589189 0.11496408170408652 0.1488827638537389 0.19497585605930792
16 0.5699805903656529 0.49282161850113687 0.20550094499482013 0.2962122564917233
7 0.6730241995474432 0.6766171488031686 0.1743579528527029 0.2538546601716481
3 0.07715104321835568 0.5863568771637248 0.15430208643671137 0.2560470876607828
15 0.7624398023190928 0.8815767418801284 0.2853682274598087 0.23684651623974323
8 0.9098820366033271 0.8008071212081269 0.13962769602827727 0.39838575758374617