0 0.754987308908826 0.6635416666666667 0.2484728787873866 0.2791666666666667
8 0.8181324400710619 0.7395833333333334 0.11288950361804462 0.12916666666666668
6 0.5842000961093843 0.5520833333333334 0.2065376843053107 0.24583333333333332
5 0.7217985933958507 0.4552083333333333 0.1943652329258299 0.25416666666666665
20 0.200594221505869 0.134375 0.16642393939369332 0.13958333333333334
3 0.8947647026226765 0.78125 0.21047059475464708 0.26666666666666666
2 0.4770039925367682 0.309375 0.23686699344127932 0.3416666666666667
19 0.14032618611433303 0.3104166666666667 0.27311875395672885 0.42916666666666664
16 0.4384438608087053 0.5010416666666667 0.2959144448207603 0.3333333333333333
4 0.7714654799851536 0.725 0.15079229534115868 0.17916666666666667
9 0.6054067107632768 0.6145833333333334 0.10640048620519008 0.08333333333333333
17 0.7088349259375677 0.5229166666666667 0.2599769448207603 0.3333333333333333
13 0.8694670522385636 0.48333333333333334 0.2610658955228728 0.4166666666666667
18 0.307845636023476 0.5375 0.2885999118040735 0.30625
7 0.3318995324508599 0.2947916666666667 0.2862804952503016 0.40625
12 0.6417536465389256 0.625 0.05426477611928178 0.06875
14 0.8959277329258297 0.70625 0.20814453414834055 0.3958333333333333