0 0.66640625 0.22878102084150578 0.3015625 0.3453217749646204
11 0.55234375 0.5944915670984109 0.090625 0.27028020525707075
8 0.91015625 0.2646855384294891 0.1390625 0.32763542990596484
6 0.67109375 0.5522078705387106 0.26875 0.43966716041752013
5 0.35390625 0.14685215213896302 0.1640625 0.20743973940216828
20 0.1140625 0.6801227870764281 0.228125 0.3685789074861896
2 0.1421875 0.3977672185929903 0.2296875 0.3479156351630356
19 0.37265625 0.820046414347392 0.4296875 0.35990717130521593
16 0.4859375 0.5539306408324539 0.2625 0.4160702497101359
4 0.82890625 0.266259032566828 0.2515625 0.3794631559722136
1 0.50703125 0.11247646446987562 0.1859375 0.13482059354467962
9 0.77734375 0.46793868589757515 0.134375 0.22920858020876006
17 0.48125 0.18571212446858254 0.196875 0.27767768728260195
18 0.396875 0.6525704965855627 0.41875 0.6309930173947407
7 0.09296875 0.46220196343900644 0.1859375 0.2869039268780129
12 0.88359375 0.45762783458977296 0.1859375 0.20773726021134623