15 0.47587321206155864 0.3406450096659501 0.19105822367353423 0.3248781361056492
20 0.5813910893377319 0.14913374825182135 0.13013744404836292 0.2480459114840559
9 0.426411735814235 0.02408019722768423 0.11905152837152996 0.04816039445536846
8 0.5311958948936575 0.5917799194841395 0.21401233887551357 0.23365398506912693
10 0.7226596323572452 0.4269237861446137 0.07392088479802066 0.10101181576999885
6 0.6751862726320492 0.8162870918167144 0.17526808762187224 0.24429067939702614
0 0.38817097209068846 0.4659153493644632 0.16487615690134438 0.26818562047550454
3 0.2474108944314391 0.22430514550427563 0.44580321113712185 0.44861029100855127
7 0.7975470059390017 0.8174363120063179 0.13277905925034225 0.154769508164708
4 0.4467790939565853 0.42361599030308733 0.2792401852728744 0.3649686074778215
16 0.40184467867546375 0.37514802432949956 0.12590458511458985 0.26840564813673706
13 0.6509197100164946 0.7137624730070764 0.11606292069139794 0.10319085256253449
5 0.6503420146479834 0.31158466636838056 0.18629651583511767 0.2495624049852144
14 0.7981273306287504 0.647960376460086 0.383559275402029 0.5729886699983996
2 0.47151598416488244 0.18912158671641588 0.2829107545523465 0.37824317343283176
17 0.8332428135399914 0.8606014713412099 0.1913811694377568 0.1253517327863013
19 0.757296708300635 0.31595012087648994 0.48513379875899415 0.6319002417529799