12 0.72421875 0.16483735382741546 0.1140625 0.13860751922920103
9 0.69453125 0.9668319131499225 0.1453125 0.06633617370015514
11 0.46328125 0.059307138604448806 0.0328125 0.028315176764564676
0 0.74140625 0.5009488749898064 0.2671875 0.37074501079716954
2 0.51015625 0.9564283267008301 0.2296875 0.08714334659833985
5 0.4890625 0.5514952536813686 0.1515625 0.2173962926744179
6 0.840625 0.7130566713969426 0.296875 0.2695777897746327
19 0.94140625 0.5044890000309626 0.1171875 0.4680899170163023
18 0.83125 0.38710947803563833 0.3375 0.4986822943402842
7 0.8515625 0.1735367303184641 0.0828125 0.07503354135818702
20 0.128125 0.7087783092711573 0.1453125 0.39384816376688175
15 0.41640625 0.4004045051312612 0.115625 0.19918205145608509
17 0.92421875 0.8716564282299385 0.125 0.256687143540123
14 0.33984375 0.7878014207490207 0.4203125 0.4243971585019587
16 0.3484375 0.17166235326180582 0.2625 0.299438080783184
8 0.66796875 0.8402364868686552 0.3203125 0.31952702626268964
1 0.9703125 0.21470117956165052 0.0515625 0.08020956348717305
3 0.5390625 0.30654695160832435 0.484375 0.5531049903340499
4 0.15234375 0.5997668921211932 0.3046875 0.4328671175757196