14 0.7296963446968467 0.47325345237190014 0.5406073106063065 0.6602982399101232
13 0.46551321460846407 0.1795990271864904 0.2205116530976463 0.2849574774888917
11 0.5151070166198851 0.8849770472226433 0.13303822930778503 0.1259938792593715
1 0.3011441774079057 0.2897483488123588 0.09675324852966191 0.23609541347794477
5 0.2393745177515388 0.34758474251600635 0.15037621551297517 0.2094362969016603
4 0.6887283073269463 0.036583010660042395 0.08995661465389268 0.06317874681127812
0 0.349644711667788 0.6493899993453609 0.26671826775153884 0.3477968508945307
7 0.46731024649349706 0.7419414609624437 0.15999023292582973 0.25533023262885784
16 0.33988577283992144 0.24214681459378554 0.23711265490666858 0.34964989513118044
17 0.9253928256443119 0.3602700222365795 0.14921434871137612 0.2699741683560551
15 0.5492629313646347 0.7207088463374034 0.18720783016686776 0.27220294743466245
10 0.48515176447217845 0.5202725091015817 0.17907442559888337 0.22423779885290454
3 0.684160231794176 0.7914256461068025 0.37279120533620985 0.41714870778639485
12 0.4727236855485062 0.5816156978865732 0.13738489258219672 0.19683933307147777
20 0.8611454556748942 0.7272935485192484 0.0771157779283044 0.13389087535688304
2 0.5634526633859532 0.9403960999189086 0.10170634215265544 0.11920780016218278
18 0.49169061227904337 0.2693581074620297 0.3226141429208809 0.4981847062152612
19 0.3991711623699004 0.04162632851435028 0.1483423247398008 0.07821053785920594
8 0.4249766615769309 0.875000694507796 0.25365834577069996 0.2499986109844078
9 0.9432497902527761 0.6978548655879894 0.11350041949444786 0.24063781498656903