8 0.6069505784409045 0.46377023823111413 0.13095434110137863 0.27342606436617345
14 0.3176195527141056 0.1786425067596391 0.3835108945717888 0.3572850135192782
12 0.6537174097318006 0.9061729329447433 0.11857503737886681 0.06703038350795794
15 0.6709431145592637 0.889018283933479 0.14365144703379293 0.10046559638119253
4 0.5023619953852976 0.7088237421991707 0.32853917130699395 0.4535534482102667
9 0.18366626172894251 0.5892710415662407 0.15144180372251176 0.2193612772394081
13 0.17632256335776733 0.1817308438929612 0.3223548732844653 0.3634616877859224
5 0.4990456072697966 0.6386459727278078 0.14130197921687965 0.20390385875678116
0 0.5393160561451749 0.8639739973109167 0.24914733020561536 0.1849348521652094
19 0.18235939590917113 0.6072997757267989 0.36471879181834227 0.7145671152130688
16 0.4949094003486466 0.43586327421418963 0.26705536808868524 0.43745522807318976
11 0.7082131576381137 0.6823750426771463 0.1645752242732012 0.3511940006722708
18 0.5560975446683339 0.15857618180105357 0.1854233198140552 0.2743582277370544
20 0.6453246635901984 0.4436072309672719 0.15017423466476137 0.25448658218964354
7 0.6807819263275471 0.6569451385541358 0.14020937278026224 0.1830705254234476
3 0.5124510874950824 0.08561425790332884 0.20634782500983526 0.17122851580665768
2 0.11818282739406102 0.8769528999868863 0.23636565478812205 0.15397621388164093