0 0.7237179439613628 0.16228650260588323 0.26306088792272553 0.32457300521176646
11 0.5659783343652875 0.5426328324295118 0.06185795285270288 0.250412096278276
8 0.9522196255167288 0.2676307489061232 0.09556074896654251 0.29660904397479404
6 0.6893601763835703 0.517710921033739 0.23937083085063088 0.3684241360887261
5 0.41462973428423433 0.0820364421046412 0.16050946856846865 0.1640728842092824
20 0.11428955582924027 0.5648917110342442 0.19917817038771418 0.291049911264845
3 0.9609375 0.052674458762017026 0.078125 0.10534891752403405
2 0.17588621960192588 0.2924652292500807 0.2036473465663966 0.2848362727011634
19 0.35381874441391953 0.8224789404152527 0.37785113399378395 0.3528361920328408
16 0.5033306310982999 0.49414719776831856 0.22414393713693723 0.3349817184464374
4 0.8812800409420442 0.240105712605378 0.22003863399378396 0.3516120236767855
1 0.5746211643918582 0.05437132579021234 0.18049232878371627 0.10874265158042468
9 0.8050001389561828 0.45012915821972405 0.11607026385373871 0.1925151001807643
17 0.5391053494618807 0.131271462926361 0.17958910835322078 0.22216658599834396
18 0.40311661538253424 0.5782804827006581 0.37059090570540576 0.5027392282026582
7 0.10746585938667819 0.3471773174615244 0.1989213052100677 0.23897869841028446
12 0.912200401157292 0.454507238757119 0.17559919768541618 0.15340446551957107