14 0.4393104042293 0.24557206485518454 0.3588791915413999 0.4911441297103691
13 0.22546483095983727 0.5530522042407459 0.25825731456303547 0.30107808662436686
11 0.8845465818643484 0.49013211266569207 0.19864329715018095 0.2525529439760447
1 0.1756175599289381 0.7300528733262105 0.21312187697836443 0.22411379334045614
5 0.19184899027751995 0.9122949326129268 0.22793464947960165 0.16449739430797525
4 0.2772807157401178 0.34580682602039386 0.16436347241038013 0.17401457858055522
0 0.5118826085494571 0.7060779453246986 0.424251886023476 0.5562699136018144
7 0.7102249332892578 0.6199006616028891 0.30257388059640905 0.3572090465749444
16 0.20317599389556454 0.782837259533829 0.3674486080951719 0.4205357773659235
17 0.4912491197422752 0.03341927235869129 0.10187676051544958 0.06683854471738258
15 0.7741280602676224 0.40273464635922873 0.43258228516439345 0.41109134469645137
10 0.46324146992398935 0.4754364213063541 0.286546088873295 0.3065542821469742
3 0.7232693244011166 0.2111309069632018 0.4690863511977669 0.4222618139264036
12 0.5767883135469827 0.5824436752717145 0.08920634215265544 0.12684525323448834
2 0.9182830947546471 0.6039746983895508 0.12183513568479185 0.24273811542376217
18 0.2466791689286211 0.29108460968565786 0.4162003686106214 0.5101455738560499
19 0.10934734452750457 0.41872021790957115 0.21869468905500913 0.5375595641808577
8 0.8499624626879001 0.7152908474503044 0.25339939620024127 0.33620374687860227