13 0.2676159014488744 0.14867195966401098 0.343705636950905 0.29734391932802196
15 0.5006739350682918 0.4668976205690279 0.5356856924695474 0.794337400016847
18 0.16460363201365946 0.6563057345827628 0.28995648056478507 0.5165551975011411
2 0.7300457641842024 0.8096951292347818 0.3733325801956447 0.33679837388879197
16 0.4242079719269117 0.7161559166012699 0.34680725786268096 0.5312374746190298
17 0.13311978793835405 0.21294975684015938 0.2624346529900339 0.36576715298634793
9 0.25445576495939476 0.08300932392049469 0.1884593275747511 0.15703178182430802
4 0.8183377922572908 0.556989576670526 0.3633244154854186 0.7707378953104277
6 0.6132671653285351 0.26797936509224457 0.3952843306570701 0.5359587301844891
12 0.35929197562753956 0.8637360484741277 0.18066541640826922 0.2544634980203327
3 0.8706524614433372 0.40275427562371907 0.2586950771133257 0.724767293216814
11 0.904326268503139 0.6902239662193039 0.12970608883351814 0.10276617137308601