15 0.4529505151162783 0.4010710169742991 0.2087694324473981 0.31550598047951356
20 0.5414692018826132 0.20229522676635905 0.12321386181247736 0.22466207468702937
9 0.37068393738464367 0.06308545162314841 0.12531897748246604 0.10603328357733233
8 0.531179237356957 0.6441315858794499 0.22291347316352947 0.21996354848290736
10 0.7095218877260974 0.4634284854656909 0.0747182001845701 0.09275754667939336
6 0.6994216903193043 0.8687822694673878 0.17627830505721712 0.256712053363029
0 0.37544847393872177 0.5333013494058754 0.16327765730897054 0.2461014524718775
18 0.0809100385566629 0.04086814757054477 0.0033252590992986384 0.004215150222787845
3 0.21938105567552602 0.2607097573732103 0.43876211135105203 0.5088710311902994
7 0.8203046892395701 0.8425117654890232 0.13982156847545255 0.1478938844684838
4 0.43087645358065607 0.4862089031932689 0.2579683960502036 0.29961505071078587
16 0.3805853593484672 0.44268847029490577 0.13262843460686646 0.2581166169106657
13 0.663522565550017 0.7535565290154487 0.11876858883351815 0.09968631646508991
5 0.625515929983388 0.35683837078290376 0.17730058451458142 0.2130105369191501
14 0.7978963679863404 0.6743307174835083 0.365557257862681 0.5240347076172093
2 0.4337976017903281 0.24649224008060236 0.28078413479143655 0.3520135271589069
17 0.8623129141011425 0.9119647770527803 0.1899216980251019 0.150752954699756
19 0.7329674845791799 0.33348681169102407 0.5340650308416401 0.651555852535511