12 0.4836921813073344 0.529663761142871 0.1729658430895542 0.25533391337314826
4 0.5754984071068376 0.44083376658828766 0.3103294877033598 0.22835104407166706
17 0.13362296185254302 0.8928087973651854 0.2445772226762452 0.19714779229888915
10 0.3280734403825207 0.5592139940462505 0.17976126463433123 0.38052787385944475
20 0.4811746727231275 0.918924941108565 0.14295109016268787 0.16215011778287003
18 0.3183722292173487 0.27554122986189855 0.3927975958200286 0.5100391970601856
13 0.7021341508603216 0.24890388804166746 0.17302947560311138 0.26991724670648165
6 0.6265962570320829 0.8956220953636577 0.21504425878059868 0.2087558092726847
0 0.8683656005144205 0.9956498242131485 0.15795794574527378 0.008700351573702865
11 0.6172263230924697 0.7265422449315747 0.20431583703942985 0.2792203824712966
16 0.3445104648776051 0.905368974543565 0.20709540339440444 0.18926205091287
7 0.21382861232008127 0.7765317935654631 0.212291963502863 0.31696283307916673
2 0.5873176719375606 0.23908986410597288 0.20468854176169415 0.3646370491379632
3 0.8445650070320829 0.9000455125365282 0.28220448770335976 0.19990897492694348
15 0.15148068676828344 0.34845354179268534 0.3029613735365669 0.6219070835853706
8 0.00994210568078186 0.5284644308510186 0.01988421136156372 0.14442886170203703