0 0.7440774484482048 0.7535046427907389 0.2415228450053421 0.3002568740185178
8 0.8054985872856119 0.8385558286532079 0.11442957694917481 0.14627436481320946
6 0.5769866629688423 0.618741497644443 0.1967906983633867 0.25765336864617244
5 0.7167460782151192 0.5426195567712327 0.18785220798203356 0.2732264270187649
20 0.20327382213985135 0.14833031027357974 0.15968751324684397 0.1494768049012342
3 0.8899529105217715 0.8767650706256781 0.22009417895645705 0.24646985874864386
2 0.4760714597961321 0.36396428067919634 0.23879963828925294 0.37471006987148087
19 0.13603673683797407 0.31702931335234535 0.2673809952754946 0.454891960038024
16 0.43181800670824 0.5478061704686409 0.2736458642426358 0.3372355683320981
4 0.7589956095181304 0.8175539212073438 0.1516220421027846 0.19838319660716006
9 0.5958383558899334 0.6842881128502454 0.10536211179556502 0.09744635790148119
17 0.701331898540872 0.6083229415654304 0.22816967313564335 0.32569979491074014
13 0.8605778906515056 0.5958073582166027 0.27884421869698883 0.4833550529692585
18 0.2998785259455337 0.5656467196359252 0.28937999164729755 0.34322491548888817
7 0.3310491364751544 0.32835448614555474 0.2970684952754946 0.4583550529692585
12 0.631294706252753 0.6998474772863564 0.05330853847458741 0.07268151228407381
14 0.8855357398331989 0.7973250018854929 0.22892852033360214 0.4053499962290142