8 0.4454884878720284 0.2181579862180839 0.22774133122346535 0.41154104173734835
14 0.09445227529471326 0.7257936297669144 0.1889045505894265 0.2933730545622107
12 0.7530625165007215 0.4749370285732138 0.15746129788366653 0.17975531735880057
15 0.840961000289864 0.4261803995371717 0.29358921395444104 0.5454828510523373
4 0.5144786354367359 0.6054959324998361 0.32455242940669426 0.46590613792381674
13 0.06567382892825555 0.8898809334568897 0.1313476578565111 0.21732806896190837
5 0.45454526816771157 0.4774106272350257 0.17107725879399172 0.22401457858055523
0 0.678684785586517 0.65913346849908 0.28676590273485497 0.2813360273376508
16 0.32528846074114737 0.5654860463487631 0.2772314060688349 0.30374343278256266
11 0.7379147171192431 0.05531409764821292 0.2491705657615139 0.11062819529642584
17 0.0723935575714962 0.40303569788485993 0.1447871151429924 0.21710981415258496
18 0.17157211106010645 0.22633594785658723 0.3431442221202129 0.4139947709534922
20 0.44027482938729745 0.2142459501622946 0.3014022297062567 0.34226195522607206
7 0.668208252874938 0.11453202233041863 0.15542030788560623 0.22906404466083727
10 0.7675723292181196 0.8232637417017342 0.21629416394474282 0.19911379334045615
3 0.09649262060300416 0.44936506086155137 0.19298524120600832 0.4846032116102306