12 0.43806781770026015 0.896512923529352 0.205926232262828 0.2069741529412961
4 0.3531211212163178 0.950428256440704 0.2704312183831674 0.0991434871185921
9 0.6403839705426357 0.07346902986953949 0.09675388648947951 0.06686509618646846
19 0.3885093923495758 0.16879305782497175 0.2613937846991516 0.313578086624367
17 0.8245212476836482 0.579884402521423 0.23050473010335965 0.28719580616531865
10 0.6299153562569231 0.8618948871081266 0.17066865514950216 0.27621022578374693
20 0.4912488702934672 0.5061641051307884 0.30768659623477373 0.40095904657494447
18 0.5485535371631617 0.9719709399824116 0.10526729333702498 0.056058120035176746
6 0.3121225747969739 0.477037089043165 0.31477720542635745 0.4511773013842678
0 0.08025440622923641 0.2750033189336358 0.1401195619970475 0.32040346158195804
14 0.9715338409929863 0.3149340363950614 0.05693231801402732 0.37575397918787107
11 0.30846305598006785 0.7252679063454203 0.2873555074012556 0.30231486387719975
5 0.6898518468530825 0.16203715969299923 0.16636308451458143 0.21769182697744746
16 0.6121120828165385 0.5232243119034229 0.2339696915466968 0.3268518911017598
7 0.7107369548080487 0.7263294866139013 0.204042359653009 0.2880423622458191
3 0.11256266578996037 0.5093187989089245 0.18987973010335973 0.28530426448451557
15 0.7941175586009616 0.8993849744633657 0.3141392504614252 0.2012300510732686
8 0.927338959745294 0.8441700474189074 0.14532208050941192 0.31165990516218517