9 0.8152120880121114 0.5517682940985456 0.25704645182646935 0.3197693345574452
0 0.7248569945399883 0.1322292261467062 0.30095594849248963 0.2644584522934124
10 0.9015479428633 0.44717681874097415 0.149457092433353 0.3370317305115554
2 0.5717015908870493 0.7138208094638756 0.45022210910325244 0.4835865337586121
5 0.46473334013814316 0.4202190541166491 0.18848815727678297 0.16330701617062882
6 0.8333393031745004 0.19740803089157513 0.32745428879981053 0.39481606178315026
19 0.9295443656020342 0.05333955331135045 0.1307076081851683 0.1066791066227009
18 0.7581157757537552 0.09079643634835415 0.3278374418245299 0.1815928726967083
7 0.8233899604512832 0.02523757308965929 0.040465503333980024 0.027168191921151184
20 0.05479211407997643 0.8390097642378396 0.10958422815995286 0.1622017915217346
15 0.4577654762030988 0.2678380280568659 0.3430153869830395 0.5070989297127222
17 0.9584668489321349 0.15125862681982297 0.06776081121958591 0.2701953466692529
14 0.29800745211633356 0.6383092510951627 0.5960149042326671 0.7193000335653693
16 0.3033013746858901 0.35708055170075315 0.21623026212797153 0.2615212036464734
8 0.7205051080159907 0.4254923207703847 0.43596816152884693 0.5296325293133056
1 0.879927002874938 0.039778649046355544 0.015720594849248926 0.028613882424947765
3 0.4636963539331047 0.2072710537301637 0.40698229213379056 0.4145421074603274
4 0.023231108475032597 0.7961949278765543 0.046462216950065194 0.22011014424689132